Date,Open,High,Low,Close,Volume,Dividends,Stock Splits
2021-12-17 00:00:00+02:00,4.030204785941784,4.759385839216124,3.5675687620383116,4.728838920593262,420804,0.0,0.0
2021-12-20 00:00:00+02:00,4.728838930097789,4.728838930097789,4.3356725712871595,4.375087738037109,50843,0.0,0.0
2021-12-21 00:00:00+02:00,4.366219352066135,4.464264376566938,4.197719355079056,4.267188549041748,34853,0.0,0.0
2021-12-22 00:00:00+02:00,4.276549830573006,4.660847942163612,4.000643192850358,4.5721635818481445,102359,0.0,0.0
2021-12-23 00:00:00+02:00,4.552456191108603,4.64114055517756,4.266695984515154,4.463772296905518,21342,0.0,0.0
2021-12-27 00:00:00+02:00,4.453918262077101,4.453918262077101,4.306111145508626,4.365233898162842,26736,0.0,0.0
2021-12-28 00:00:00+02:00,4.365233901276044,4.375087928325043,4.296257591396535,4.315965175628662,44739,0.0,0.0
2021-12-29 00:00:00+02:00,4.315964982835176,4.315964982835176,4.138596262803195,4.276549816131592,42723,0.0,0.0
2021-12-30 00:00:00+02:00,4.276549604389847,4.276549604389847,3.931666442943584,4.138596057891846,145512,0.0,0.0
2022-01-03 00:00:00+02:00,4.128742790846771,4.207573125872774,4.079473596522588,4.1484503746032715,34200,0.0,0.0
2022-01-04 00:00:00+02:00,4.138596066290227,4.207572839679201,4.138596066290227,4.187865257263184,30793,0.0,0.0
2022-01-05 00:00:00+02:00,4.187865346449061,4.187865346449061,4.109035015106201,4.109035015106201,12201,0.0,0.0
2022-01-07 00:00:00+02:00,4.109035111556431,4.128742694854736,4.089327528258125,4.128742694854736,24901,0.0,0.0
2022-01-10 00:00:00+02:00,4.128742694854736,4.128742694854736,4.049912361661514,4.128742694854736,13839,0.0,0.0
2022-01-11 00:00:00+02:00,4.128742598317041,4.158303737640381,4.089327432642031,4.158303737640381,17315,0.0,0.0
2022-01-12 00:00:00+02:00,4.187865354139812,4.207572937011719,4.069619856908371,4.207572937011719,10665,0.0,0.0
2022-01-13 00:00:00+02:00,4.128742688587296,4.138596245288567,4.069619938782128,4.079473495483398,8940,0.0,0.0
2022-01-14 00:00:00+02:00,4.128742500094997,4.128742500094997,4.069619752989,4.089327335357666,2731,0.0,0.0
2022-01-17 00:00:00+02:00,4.089327336884697,4.138596057891846,4.059765728387746,4.138596057891846,7379,0.0,0.0
2022-01-18 00:00:00+02:00,4.138596146935022,4.138596146935022,4.059765815734863,4.059765815734863,4911,0.0,0.0
2022-01-19 00:00:00+02:00,4.0696200331443295,4.0696200331443295,3.9513745307922363,3.9513745307922363,12172,0.0,0.0
2022-01-20 00:00:00+02:00,3.9513742504471985,4.049912162082801,3.9415202243507252,4.040058135986328,10499,0.0,0.0
2022-01-21 00:00:00+02:00,3.9612279387189364,3.9612279387189364,3.7641518739456075,3.9218127727508545,36840,0.0,0.0
2022-01-24 00:00:00+02:00,3.8626900525523573,3.8626900525523573,3.5966374453544065,3.685321569442749,22935,0.0,0.0
2022-01-25 00:00:00+02:00,3.695175316183721,4.020350668829354,3.695175316183721,3.7247366905212402,22968,0.0,0.0
2022-01-26 00:00:00+02:00,3.6754678839441244,3.9021053314208984,3.6754678839441244,3.9021053314208984,6113,0.0,0.0
2022-01-27 00:00:00+02:00,3.8922514551134753,4.217427048964541,3.724736762369985,4.030204772949219,17473,0.0,0.0
2022-01-28 00:00:00+02:00,3.926739741784751,4.030204909876509,3.857763197989845,3.911959171295166,4961,0.0,0.0
2022-01-31 00:00:00+02:00,3.8429824852485504,3.8922514432783166,3.7592251391314857,3.8823976516723633,3877,0.0,0.0
2022-02-01 00:00:00+02:00,3.8774706381237216,3.9119590262085366,3.8725438597875614,3.907032012939453,5784,0.0,0.0
2022-02-02 00:00:00+02:00,3.9119591678381522,3.9119591678381522,3.7838596373993103,3.8380556106567383,7798,0.0,0.0
2022-02-03 00:00:00+02:00,3.7838595400517074,3.803567123468675,3.705029206383836,3.7690789699554443,1439,0.0,0.0
2022-02-04 00:00:00+02:00,3.774005841971254,3.8331288286218452,3.7641520500183105,3.7641520500183105,1854,0.0,0.0
2022-02-07 00:00:00+02:00,3.764152051174681,3.764152051174681,3.645906547703036,3.7395176887512207,6360,0.0,0.0
2022-02-08 00:00:00+02:00,3.774005841971254,3.902105372292448,3.734590674159481,3.7641520500183105,7889,0.0,0.0
2022-02-09 00:00:00+02:00,3.7690789694212787,3.87747067819924,3.759225177714191,3.793713331222534,6495,0.0,0.0
2022-02-10 00:00:00+02:00,3.793713331222534,3.842982524690897,3.793713331222534,3.793713331222534,6029,0.0,0.0
2022-02-11 00:00:00+02:00,3.793713379264929,3.8035671710968018,3.793713379264929,3.8035671710968018,5587,0.0,0.0
2022-02-14 00:00:00+02:00,3.793713424663888,3.793713424663888,3.6557603373668,3.7148830890655518,4308,0.0,0.0
2022-02-15 00:00:00+02:00,3.695175505165968,3.7986404381052497,3.695175505165968,3.7148830890655518,1144,0.0,0.0
2022-02-16 00:00:00+02:00,3.778932758688779,3.778932758688779,3.7444443702697754,3.7444443702697754,1005,0.0,0.0
2022-02-17 00:00:00+02:00,3.7937133755922847,3.877470723548583,3.705029249191284,3.705029249191284,4650,0.0,0.0
2022-02-18 00:00:00+02:00,3.685321712005905,3.8134210073111325,3.660687114673049,3.665614128112793,5320,0.0,0.0
2022-02-21 00:00:00+02:00,3.665614078159403,3.665614078159403,3.5473683414792014,3.6064913272857666,14420,0.0,0.0
2022-02-22 00:00:00+02:00,3.552295301338539,3.557222079703992,3.547368288040161,3.547368288040161,5624,0.0,0.0
2022-02-23 00:00:00+02:00,3.5769298979645794,3.6656140229390597,3.547368288040161,3.547368288040161,12271,0.0,0.0
2022-02-24 00:00:00+02:00,3.5424415042645347,3.5473682826224633,3.429122782837079,3.4488303661346436,8917,0.0,0.0
2022-02-25 00:00:00+02:00,3.463611223305802,3.63605269722638,3.458684209940649,3.5572221279144287,3504,0.0,0.0
2022-02-28 00:00:00+02:00,3.4980993215911877,3.79371330575202,3.2616080872759365,3.3995614051818848,13411,0.0,0.0
2022-03-01 00:00:00+02:00,3.4488304042734828,3.4488304042734828,3.3010232929743055,3.3108770847320557,1779,0.0,0.0
2022-03-02 00:00:00+02:00,3.2813157631324414,3.41926908493042,3.1433626762673943,3.41926908493042,1997,0.0,0.0
2022-03-03 00:00:00+02:00,3.419268939809769,3.419268939809769,3.389707565307617,3.389707565307617,2960,0.0,0.0
2022-03-04 00:00:00+02:00,3.389707595022798,3.389707595022798,3.123654987238216,3.1532163619995117,14810,0.0,0.0
2022-03-07 00:00:00+02:00,3.2813158011667927,3.2813158011667927,3.1039475445701084,3.1335089206695557,6163,0.0,0.0
2022-03-08 00:00:00+02:00,3.2123391203307192,3.301023244857788,3.2123391203307192,3.301023244857788,650,0.0,0.0
2022-03-09 00:00:00+02:00,3.2271199390695946,3.4980993270874023,3.2271199390695946,3.4980993270874023,10159,0.0,0.0
2022-03-10 00:00:00+02:00,3.8577630657201643,3.8577630657201643,3.301023251131964,3.350292444229126,2494,0.0,0.0
2022-03-11 00:00:00+02:00,3.84298265950936,3.84298265950936,3.33058500289917,3.33058500289917,2277,0.0,0.0
2022-03-14 00:00:00+02:00,3.350292454763538,3.6409794263130193,3.350292454763538,3.547368288040161,2869,0.0,0.0
2022-03-15 00:00:00+02:00,3.6261987686157227,3.6261987686157227,3.6261987686157227,3.6261987686157227,310,0.0,0.0
2022-03-16 00:00:00+02:00,3.6409794239989774,3.6409794239989774,3.39463439762684,3.4734649658203125,6541,0.0,0.0
2022-03-17 00:00:00+02:00,3.4734649658203125,3.645906437294224,3.4734649658203125,3.4734649658203125,4454,0.0,0.0
2022-03-18 00:00:00+02:00,3.6951754093170166,3.6951754093170166,3.5473682989711657,3.6951754093170166,2489,0.0,0.0
2022-03-21 00:00:00+02:00,3.512880056856293,3.7001023292541504,3.507953043667072,3.7001023292541504,3087,0.0,0.0
2022-03-22 00:00:00+02:00,3.5276606119986997,3.705029092218996,3.5276606119986997,3.552295207977295,12196,0.0,0.0
2022-03-23 00:00:00+02:00,3.700102411228931,3.7050291895943843,3.547368288040161,3.547368288040161,20403,0.0,0.0
2022-03-24 00:00:00+02:00,3.5227340681464363,3.54736843083115,3.50795326258926,3.527660846710205,2841,0.0,0.0
2022-03-25 00:00:00+02:00,3.601564260093254,3.6656140233823646,3.5227339267730713,3.5227339267730713,674,0.0,0.0
2022-03-28 00:00:00+03:00,3.5128800934592994,3.5867836475372314,3.50795308021874,3.5867836475372314,3540,0.0,0.0
2022-03-29 00:00:00+03:00,3.517807008137762,3.6606871085919375,3.517807008137762,3.5670759677886963,7112,0.0,0.0
2022-03-30 00:00:00+03:00,3.547368288040161,3.601564259657695,3.547368288040161,3.547368288040161,4454,0.0,0.0
2022-03-31 00:00:00+03:00,3.507953113232118,3.5867836812924843,3.3995614051818848,3.3995614051818848,26641,0.0,0.0
2022-04-01 00:00:00+03:00,3.3606389007706223,3.5867836896284104,3.3606389007706223,3.547368288040161,9705,0.0,0.0
2022-04-04 00:00:00+03:00,3.547368285369465,3.547368285369465,3.419761648178984,3.4980993270874023,1206,0.0,0.0
2022-04-05 00:00:00+03:00,3.5789006421805794,3.6656141528553388,3.508938789367676,3.508938789367676,5251,0.0,0.0
2022-04-06 00:00:00+03:00,3.5192851567354144,3.734590613107282,3.50795316696167,3.50795316696167,11032,0.0,0.0
2022-04-07 00:00:00+03:00,3.705029269217796,3.705029269217796,3.523719310760498,3.523719310760498,600,0.0,0.0
2022-04-08 00:00:00+03:00,3.5094312872184945,3.734590530395508,3.5094312872184945,3.734590530395508,8165,0.0,0.0
2022-04-11 00:00:00+03:00,3.744444321969127,3.744444321969127,3.734590530395508,3.734590530395508,763,0.0,0.0
2022-04-12 00:00:00+03:00,3.7434590724564036,3.921812867210809,3.6661067016611364,3.8415043354034424,6520,0.0,0.0
2022-04-13 00:00:00+03:00,3.676453171878456,3.7932207103579043,3.675467863178928,3.7833669185638428,4515,0.0,0.0
2022-04-14 00:00:00+03:00,3.7636592538458182,3.7838594913482666,3.7636592538458182,3.7838594913482666,8024,0.0,0.0
2022-04-19 00:00:00+03:00,3.7942062205008753,3.8424896354125555,3.793713331222534,3.793713331222534,776,0.0,0.0
2022-04-20 00:00:00+03:00,3.793713336070628,3.921320209013347,3.793713336070628,3.9183640480041504,2722,0.0,0.0
2022-04-21 00:00:00+03:00,3.9178714752197266,3.9178714752197266,3.9178714752197266,3.9178714752197266,2,0.0,0.0
2022-04-22 00:00:00+03:00,3.793713331222534,3.793713331222534,3.793713331222534,3.793713331222534,3149,0.0,0.0
2022-04-25 00:00:00+03:00,3.916393190682174,3.916393190682174,3.6764531394283164,3.793713331222534,2290,0.0,0.0
2022-04-26 00:00:00+03:00,3.911466412295093,3.911466412295093,3.793713331222534,3.793713331222534,7217,0.0,0.0
2022-04-27 00:00:00+03:00,3.793713251773089,3.793713251773089,3.646399033597306,3.6680774688720703,2851,0.0,0.0
2022-04-28 00:00:00+03:00,3.669555588787401,3.7050292866934504,3.6685702800750732,3.6685702800750732,1370,0.0,0.0
2022-04-29 00:00:00+03:00,3.665614128112793,3.665614128112793,3.665614128112793,3.665614128112793,2021,0.0,0.0
2022-05-02 00:00:00+03:00,3.6463991001585714,3.695175404217461,3.507953127353208,3.596637487411499,2048,0.0,0.0
2022-05-03 00:00:00+03:00,3.547368202277979,3.6261987686157227,3.5276606194267726,3.6261987686157227,2080,0.0,0.0
2022-05-04 00:00:00+03:00,3.527660650164004,3.7927279472351074,3.527660650164004,3.7927279472351074,777,0.0,0.0
2022-05-05 00:00:00+03:00,3.542441473919323,3.6345744132995605,3.542441473919323,3.6345744132995605,1150,0.0,0.0
2022-05-06 00:00:00+03:00,3.6257061992108084,3.6257061992108084,3.350785106584096,3.4980993270874023,2808,0.0,0.0
2022-05-09 00:00:00+03:00,3.4488303661346436,3.4537573794254968,3.4488303661346436,3.4488303661346436,5658,0.0,0.0
2022-05-10 00:00:00+03:00,3.400054064210371,3.6946827400930817,3.399561409867584,3.6749751567840576,935,0.0,0.0
2022-05-11 00:00:00+03:00,3.674975202817335,3.674975202817335,3.450308374387572,3.6355600357055664,1456,0.0,0.0
2022-05-12 00:00:00+03:00,3.4498157655542863,3.645413875579834,3.4498157655542863,3.645413875579834,1228,0.0,0.0
2022-05-13 00:00:00+03:00,3.597130144799967,3.597622799144475,3.498099338633175,3.544412136077881,10735,0.0,0.0
2022-05-16 00:00:00+03:00,3.543919470036367,3.543919470036367,3.4980993270874023,3.4980993270874023,231,0.0,0.0
2022-05-17 00:00:00+03:00,3.4685378660404993,3.5261826515197754,3.4542499507198037,3.5261826515197754,1860,0.0,0.0
2022-05-18 00:00:00+03:00,3.4542500972747803,3.4547427516263385,3.4542500972747803,3.4542500972747803,1600,0.0,0.0
2022-05-19 00:00:00+03:00,3.4537575244903564,3.4537575244903564,3.4537575244903564,3.4537575244903564,50,0.0,0.0
2022-05-20 00:00:00+03:00,3.6449208713802936,3.6449208713802936,3.4537573613793513,3.454742670059204,1112,0.0,0.0
2022-05-23 00:00:00+03:00,3.455235475153752,3.8917589553189282,3.455235475153752,3.879934310913086,4491,0.0,0.0
2022-05-24 00:00:00+03:00,3.774991389574997,3.774991389574997,3.4695233688478253,3.4887382984161377,1092,0.0,0.0
2022-05-25 00:00:00+03:00,3.547368246411525,3.5867836475372314,3.547368246411525,3.5867836475372314,1035,0.0,0.0
2022-05-27 00:00:00+03:00,3.4897238277302898,3.4897238277302898,3.4685380458831787,3.4685380458831787,5000,0.0,0.0
2022-05-30 00:00:00+03:00,3.5463829853874107,3.596637487411499,3.5463829853874107,3.596637487411499,1861,0.0,0.0
2022-05-31 00:00:00+03:00,3.4783918857574463,3.4783918857574463,3.4783918857574463,3.4783918857574463,198,0.0,0.0
2022-06-01 00:00:00+03:00,3.479377031326294,3.479377031326294,3.479377031326294,3.479377031326294,370,0.0,0.0
2022-06-02 00:00:00+03:00,3.498099421651549,3.498099421651549,3.4685380458831787,3.4685380458831787,2497,0.0,0.0
2022-06-03 00:00:00+03:00,3.4685380458831787,3.4685380458831787,3.4685380458831787,3.4685380458831787,0,0.0,0.0
2022-06-06 00:00:00+03:00,3.478391746393343,3.547368288040161,3.478391746393343,3.547368288040161,1050,0.0,0.0
2022-06-07 00:00:00+03:00,3.557222027854563,3.557222027854563,3.4882454872131348,3.4882454872131348,465,0.0,0.0
2022-06-08 00:00:00+03:00,3.4882455813674405,3.4882455813674405,3.448830414222735,3.458684206008911,5255,0.0,0.0
2022-06-09 00:00:00+03:00,3.4547426881104975,3.4547426881104975,3.4488303661346436,3.4488303661346436,1543,0.0,0.0
2022-06-10 00:00:00+03:00,3.454742670059204,3.5473682640871944,3.4488303481142424,3.454742670059204,8652,0.0,0.0
2022-06-13 00:00:00+03:00,3.435035228729248,3.4389766985443617,3.4340496850757702,3.435035228729248,1286,0.0,0.0
2022-06-14 00:00:00+03:00,3.435035143089684,3.51238751411438,3.435035143089684,3.51238751411438,3712,0.0,0.0
2022-06-15 00:00:00+03:00,3.5458903312683105,3.5458903312683105,3.5458903312683105,3.5458903312683105,15,0.0,0.0
2022-06-16 00:00:00+03:00,3.438976526260376,3.438976526260376,3.438976526260376,3.438976526260376,85,0.0,0.0
2022-06-17 00:00:00+03:00,3.4350350156502962,3.4350350156502962,3.331077434227532,3.35078501701355,4680,0.0,0.0
2022-06-20 00:00:00+03:00,3.374926805496216,3.374926805496216,3.374926805496216,3.374926805496216,1546,0.0,0.0
2022-06-21 00:00:00+03:00,3.374926805496216,3.374926805496216,3.374926805496216,3.374926805496216,1266,0.0,0.0
2022-06-22 00:00:00+03:00,3.3798539631630473,3.3798539631630473,3.33058500289917,3.33058500289917,785,0.0,0.0
2022-06-23 00:00:00+03:00,3.374926781639111,3.4330642223358154,3.3305848370757882,3.4330642223358154,860,0.0,0.0
2022-06-27 00:00:00+03:00,3.434049639892942,3.434049639892942,3.3502925264253,3.423703193664551,586,0.0,0.0
2022-06-28 00:00:00+03:00,3.3502923626838372,3.35078501701355,3.3502923626838372,3.35078501701355,300,0.0,0.0
2022-06-29 00:00:00+03:00,3.3700000772309204,3.434049606323242,3.3700000772309204,3.434049606323242,1275,0.0,0.0
2022-06-30 00:00:00+03:00,3.3522632122039795,3.3522632122039795,3.3522632122039795,3.3522632122039795,323,0.0,0.0
2022-07-01 00:00:00+03:00,3.438483953475952,3.438483953475952,3.438483953475952,3.438483953475952,266,0.0,0.0
2022-07-04 00:00:00+03:00,3.4350350992582004,3.4350350992582004,3.331570169646838,3.350292444229126,3540,0.0,0.0
2022-07-05 00:00:00+03:00,3.360146338771815,3.360146338771815,3.342409372329712,3.342409372329712,780,0.0,0.0
2022-07-06 00:00:00+03:00,3.340438652596278,3.3596533465873457,3.1645481312972086,3.350292444229126,4684,0.0,0.0
2022-07-07 00:00:00+03:00,3.2138171195983887,3.2138171195983887,3.2138171195983887,3.2138171195983887,2,0.0,0.0
2022-07-08 00:00:00+03:00,3.301023256469989,3.4488303661346436,3.256681311516932,3.4488303661346436,2813,0.0,0.0
2022-07-11 00:00:00+03:00,3.4488303661346436,3.4488303661346436,3.4488303661346436,3.4488303661346436,0,0.0,0.0
2022-07-12 00:00:00+03:00,3.3020088766856133,3.399068832397461,3.251754373658009,3.399068832397461,9999,0.0,0.0
2022-07-13 00:00:00+03:00,3.399068832397461,3.399068832397461,3.399068832397461,3.399068832397461,0,0.0,0.0
2022-07-14 00:00:00+03:00,3.2419005044275515,3.2419005044275515,3.2226855754852295,3.2226855754852295,350,0.0,0.0
2022-07-15 00:00:00+03:00,3.22367110704279,3.281315658721184,3.22367110704279,3.2517542839050293,1414,0.0,0.0
2022-07-18 00:00:00+03:00,3.325657844543457,3.325657844543457,3.325657844543457,3.325657844543457,65,0.0,0.0
2022-07-19 00:00:00+03:00,3.2423931556765817,3.350292444229126,3.2024853348034874,3.350292444229126,4401,0.0,0.0
2022-07-20 00:00:00+03:00,3.1748945346993085,3.389707565307617,3.1748945346993085,3.389707565307617,717,0.0,0.0
2022-07-21 00:00:00+03:00,3.2517543798612425,3.280823101194857,3.2221930041727593,3.2714619636535645,1999,0.0,0.0
2022-07-22 00:00:00+03:00,3.235988139222506,3.438976526260376,3.235988139222506,3.438976526260376,3928,0.0,0.0
2022-07-25 00:00:00+03:00,3.41926908493042,3.41926908493042,3.41926908493042,3.41926908493042,3,0.0,0.0
2022-07-26 00:00:00+03:00,3.350292402664974,3.438976526260376,3.350292402664974,3.438976526260376,1971,0.0,0.0
2022-07-27 00:00:00+03:00,3.2522470951080322,3.2522470951080322,3.2522470951080322,3.2522470951080322,150,0.0,0.0
2022-07-28 00:00:00+03:00,3.312848045617168,3.350292596483414,3.2522470951080322,3.2522470951080322,636,0.0,0.0
2022-07-29 00:00:00+03:00,3.2522469819547273,3.3990687842610106,3.2522469819547273,3.3892149925231934,1430,0.0,0.0
2022-08-01 00:00:00+03:00,3.281315749290099,3.399068832397461,3.281315749290099,3.399068832397461,1890,0.0,0.0
2022-08-02 00:00:00+03:00,3.2818083616293428,3.2823012509098914,3.261608123779297,3.261608123779297,1916,0.0,0.0
2022-08-03 00:00:00+03:00,3.285257339477539,3.285257339477539,3.285257339477539,3.285257339477539,150,0.0,0.0
2022-08-04 00:00:00+03:00,3.3990687480516604,3.4094151940262116,3.350292444229126,3.350292444229126,5522,0.0,0.0
2022-08-05 00:00:00+03:00,3.3404385972645776,3.3404385972645776,3.2621006849081815,3.2911694049835205,910,0.0,0.0
2022-08-08 00:00:00+03:00,3.252246893438554,3.2911694049835205,3.252246893438554,3.2911694049835205,390,0.0,0.0
2022-08-09 00:00:00+03:00,3.2556956860467303,3.3497994761532346,3.2556956860467303,3.34930682182312,477,0.0,0.0
2022-08-10 00:00:00+03:00,3.2532326022699225,3.2640717029571533,3.2532326022699225,3.2640717029571533,909,0.0,0.0
2022-08-11 00:00:00+03:00,3.262100814969962,3.349799633026123,3.2458420466501847,3.349799633026123,14214,0.0,0.0
2022-08-12 00:00:00+03:00,3.3497994454170863,3.3497994454170863,2.719648985996421,2.723097801208496,72920,0.0,0.0
2022-08-15 00:00:00+03:00,2.8576023300541338,2.9068712871379114,2.8186798187180115,2.840358018875122,15711,0.0,0.0
2022-08-16 00:00:00+03:00,2.8403580322055237,2.8571094541993345,2.6713653794019425,2.7097952365875244,17792,0.0,0.0
2022-08-17 00:00:00+03:00,2.704868308956391,2.807840585708618,2.6713654639089284,2.807840585708618,11910,0.0,0.0
2022-08-18 00:00:00+03:00,2.725068887526303,2.8551390379727906,2.6713655675638672,2.7492105960845947,3002,0.0,0.0
2022-08-19 00:00:00+03:00,2.7492105960845947,2.778279318187889,2.7492105960845947,2.7492105960845947,1807,0.0,0.0
2022-08-22 00:00:00+03:00,2.72457613597493,2.729502914411262,2.671365472278389,2.680233955383301,7401,0.0,0.0
2022-08-23 00:00:00+03:00,2.7097952420513636,2.788625573914323,2.6713653847882943,2.682204484939575,5715,0.0,0.0
2022-08-24 00:00:00+03:00,2.6753069692722704,2.680233982691731,2.67136549949646,2.67136549949646,4065,0.0,0.0
2022-08-25 00:00:00+03:00,2.67136552001252,2.6900877952575684,2.6703802112942325,2.6900877952575684,3873,0.0,0.0
2022-08-26 00:00:00+03:00,2.6615117269782487,2.677277841129268,2.6408188343048096,2.6408188343048096,5002,0.0,0.0
2022-08-29 00:00:00+03:00,2.6408187862289254,2.6408187862289254,2.6107645215508675,2.630964994430542,708,0.0,0.0
2022-08-30 00:00:00+03:00,2.639833288358641,2.6403261776500933,2.6161842346191406,2.6161842346191406,3084,0.0,0.0
2022-08-31 00:00:00+03:00,2.6117500447580237,2.6211111821332165,2.5137047818909544,2.561495542526245,5426,0.0,0.0
2022-09-01 00:00:00+03:00,2.561988115310669,2.62997934650313,2.5516416695726045,2.561988115310669,25067,0.0,0.0
2022-09-02 00:00:00+03:00,2.638355264727445,2.638355264727445,2.552627300056305,2.5846519470214844,2041,0.0,0.0
2022-09-05 00:00:00+03:00,2.6403260738057823,2.6403260738057823,2.5127192026505254,2.5225729942321777,6527,0.0,0.0
2022-09-06 00:00:00+03:00,2.512719250567323,2.5324268341064453,2.512719250567323,2.5324268341064453,4849,0.0,0.0
2022-09-07 00:00:00+03:00,2.4733039847814555,2.5033580132392443,2.4432499563236663,2.4634501934051514,6898,0.0,0.0
2022-09-08 00:00:00+03:00,2.4634501934051514,2.4634501934051514,2.4634501934051514,2.4634501934051514,800,0.0,0.0
2022-09-09 00:00:00+03:00,2.4634502749659157,2.493011650073556,2.4629576206207275,2.4629576206207275,3498,0.0,0.0
2022-09-12 00:00:00+03:00,2.4496551375854616,2.4496551375854616,2.369839256301018,2.449162483215332,7500,0.0,0.0
2022-09-13 00:00:00+03:00,2.380678176879883,2.3821563748112196,2.3796928682142715,2.380678176879883,5563,0.0,0.0
2022-09-14 00:00:00+03:00,2.380678198353816,2.380678198353816,2.32549691872221,2.3747661113739014,10202,0.0,0.0
2022-09-15 00:00:00+03:00,2.3747661079788593,2.3747661079788593,2.2663741662196055,2.3501315116882324,6331,0.0,0.0
2022-09-16 00:00:00+03:00,2.3452048301696777,2.350131608671364,2.3452048301696777,2.3452048301696777,5741,0.0,0.0
2022-09-19 00:00:00+03:00,2.3501315116882324,2.3501315116882324,2.2959355408086055,2.3501315116882324,161,0.0,0.0
2022-09-20 00:00:00+03:00,2.3452048301696777,2.350131608671364,2.3452048301696777,2.3452048301696777,790,0.0,0.0
2022-09-21 00:00:00+03:00,2.2959355617442494,2.2959355617442494,2.291008783400952,2.2934722900390625,2059,0.0,0.0
2022-09-22 00:00:00+03:00,2.2959355798440133,2.2959355798440133,2.287559986114502,2.287559986114502,3833,0.0,0.0
2022-09-23 00:00:00+03:00,2.286081869672164,2.287560067692568,2.2269591173805496,2.287067413330078,13184,0.0,0.0
2022-09-26 00:00:00+03:00,2.2269590261536463,2.2658815383911133,2.2171052345087023,2.2658815383911133,5206,0.0,0.0
2022-09-27 00:00:00+03:00,2.2658815383911133,2.2658815383911133,2.2658815383911133,2.2658815383911133,145,0.0,0.0
2022-09-28 00:00:00+03:00,2.207251354267725,2.207251354267725,2.0988596505240356,2.1678361892700195,6201,0.0,0.0
2022-09-29 00:00:00+03:00,2.1678364060206565,2.1678364060206565,2.10477194777251,2.1244795322418213,7919,0.0,0.0
2022-09-30 00:00:00+03:00,2.1087136272340135,2.1678363799303946,2.0220001156528933,2.157982587814331,8634,0.0,0.0
2022-10-03 00:00:00+03:00,2.079644852500617,2.0890057550804384,2.0234780274241078,2.049590587615967,8183,0.0,0.0
2022-10-04 00:00:00+03:00,2.1185672283172607,2.1185672283172607,2.1185672283172607,2.1185672283172607,697,0.0,0.0
2022-10-05 00:00:00+03:00,2.069298116632066,2.1427090167999268,2.069298116632066,2.1427090167999268,210,0.0,0.0
2022-10-06 00:00:00+03:00,2.0692981685206946,2.0692981685206946,2.0510687828063965,2.0510687828063965,150,0.0,0.0
2022-10-07 00:00:00+03:00,2.1417236355259095,2.142216289849551,2.0796447270217104,2.1402454376220703,3495,0.0,0.0
2022-10-10 00:00:00+03:00,2.138274855998156,2.138274855998156,2.0899912074821083,2.1037864685058594,2490,0.0,0.0
2022-10-11 00:00:00+03:00,2.0899912110459047,2.1284210681915283,2.0791518759948295,2.1284210681915283,3534,0.0,0.0
2022-10-12 00:00:00+03:00,2.0791518263543782,2.0791518263543782,2.0678200721740723,2.0678200721740723,1200,0.0,0.0
2022-10-13 00:00:00+03:00,2.079151859580549,2.079151859580549,2.05008313978447,2.057473659515381,5244,0.0,0.0
2022-10-14 00:00:00+03:00,2.0791518688201904,2.0791518688201904,2.0505760381588507,2.0791518688201904,909,0.0,0.0
2022-10-17 00:00:00+03:00,2.0791520430783135,2.1377823771066815,2.0505762100219727,2.0505762100219727,1415,0.0,0.0
2022-10-18 00:00:00+03:00,2.069298037246648,2.1185672283172607,2.069298037246648,2.1185672283172607,17983,0.0,0.0
2022-10-19 00:00:00+03:00,2.0890056113219475,2.0890056113219475,2.069298028945923,2.069298028945923,977,0.0,0.0
2022-10-20 00:00:00+03:00,2.0692980238109655,2.0692980238109655,2.020029067993164,2.020029067993164,19497,0.0,0.0
2022-10-21 00:00:00+03:00,2.020029067993164,2.020029067993164,2.020029067993164,2.020029067993164,0,0.0,0.0
2022-10-24 00:00:00+03:00,2.1180743390629067,2.1185672283172607,2.1180743390629067,2.1185672283172607,10000,0.0,0.0
2022-10-25 00:00:00+03:00,2.02594147455095,2.068805456161499,2.0249561658731903,2.068805456161499,2707,0.0,0.0
2022-10-26 00:00:00+03:00,2.069298037246648,2.1185672283172607,2.069298037246648,2.1185672283172607,6087,0.0,0.0
2022-10-27 00:00:00+03:00,2.1284210681915283,2.1284210681915283,2.1284210681915283,2.1284210681915283,500,0.0,0.0
2022-10-28 00:00:00+03:00,2.070283598706849,2.13728928565979,2.070283598706849,2.13728928565979,1250,0.0,0.0
2022-10-31 00:00:00+02:00,2.137289258623083,2.137289258623083,2.069298028945923,2.069298028945923,971,0.0,0.0
2022-11-01 00:00:00+02:00,2.143201593679996,2.1683288435925534,2.143201593679996,2.1678361892700195,2001,0.0,0.0
2022-11-02 00:00:00+02:00,2.1678361892700195,2.1678361892700195,2.1678361892700195,2.1678361892700195,98,0.0,0.0
2022-11-03 00:00:00+02:00,2.1185672330228877,2.1678361892700195,2.089005624341694,2.1678361892700195,3075,0.0,0.0
2022-11-04 00:00:00+02:00,2.089991252312237,2.167836276805913,2.0397367504578763,2.089005708694458,36126,0.0,0.0
2022-11-07 00:00:00+02:00,2.1087134778177763,2.1087134778177763,2.04022935729081,2.0545175075531006,18170,0.0,0.0
2022-11-08 00:00:00+02:00,2.1466504088706495,2.1678361892700195,2.1466504088706495,2.1678361892700195,1596,0.0,0.0
2022-11-09 00:00:00+02:00,2.1678362376748392,2.177690029144287,2.1678362376748392,2.177690029144287,810,0.0,0.0
2022-11-10 00:00:00+02:00,2.0594442505934154,2.1678361892700195,2.0594442505934154,2.1678361892700195,693,0.0,0.0
2022-11-11 00:00:00+02:00,2.167836243313697,2.6358916917293373,2.167836243313697,2.403834819793701,40602,0.0,0.0
2022-11-14 00:00:00+02:00,2.4043274410927062,2.5023727003615255,2.4038347867646594,2.4141812324523926,7526,0.0,0.0
2022-11-15 00:00:00+02:00,2.414181236523632,2.502865358910367,2.414181236523632,2.4634501934051514,24682,0.0,0.0
2022-11-16 00:00:00+02:00,2.5023727045814894,2.5023727045814894,2.4535964020288477,2.4634501934051514,67528,0.0,0.0
2022-11-17 00:00:00+02:00,2.414181236523632,2.463942847734029,2.414181236523632,2.4634501934051514,1797,0.0,0.0
2022-11-18 00:00:00+02:00,2.4831577840497,2.610271763687888,2.4831577840497,2.561988115310669,20161,0.0,0.0
2022-11-21 00:00:00+02:00,2.5619881635916197,2.5718419551849365,2.5521343719983025,2.5718419551849365,14258,0.0,0.0
2022-11-22 00:00:00+02:00,2.5619881330874943,2.8970175131371114,2.5619881330874943,2.759064197540283,27230,0.0,0.0
2022-11-23 00:00:00+02:00,2.946779209254665,3.0054093054560886,2.8576024290825983,2.9354474544525146,46948,0.0,0.0
2022-11-24 00:00:00+02:00,2.9561402797698975,3.0054092374461447,2.9113054460579897,2.9561402797698975,207897,0.0,0.0
2022-11-25 00:00:00+02:00,2.9561403696599795,2.9561403696599795,2.773845103248184,2.852675437927246,3663,0.0,0.0
2022-11-28 00:00:00+02:00,2.857602453925122,2.9068714131446045,2.857602453925122,2.877310037612915,12677,0.0,0.0
2022-11-29 00:00:00+02:00,2.906871308311258,2.9117980865890627,2.803406380215238,2.808333158493042,6239,0.0,0.0
2022-11-30 00:00:00+02:00,2.808333158493042,2.808333158493042,2.788625575515983,2.808333158493042,3985,0.0,0.0
2022-12-01 00:00:00+02:00,2.8083333013807197,2.8083333013807197,2.5619882667005536,2.7147223949432373,12165,0.0,0.0
2022-12-02 00:00:00+02:00,2.7590643401811765,2.8083333001083,2.714722393713232,2.739356756210327,4219,0.0,0.0
2022-12-05 00:00:00+02:00,2.5718420543591374,2.803406518130952,2.5718420543591374,2.6654531955718994,1426,0.0,0.0
2022-12-07 00:00:00+02:00,2.75413742277259,2.808333158493042,2.75413742277259,2.808333158493042,2567,0.0,0.0
2022-12-08 00:00:00+02:00,2.768918088107811,2.808333255422339,2.6753069482693426,2.8034064769744873,2954,0.0,0.0
2022-12-09 00:00:00+02:00,2.8034064743033906,2.8083332527465483,2.7787718772888184,2.7787718772888184,22112,0.0,0.0
2022-12-12 00:00:00+02:00,2.734429931568688,2.8083332527465483,2.734429931568688,2.7787718772888184,9035,0.0,0.0
2022-12-13 00:00:00+02:00,2.778771735543527,2.778771735543527,2.6605262397443163,2.7738449573516846,2130,0.0,0.0
2022-12-14 00:00:00+02:00,2.680233865732336,2.852675334028681,2.680233865732336,2.759064197540283,1270,0.0,0.0
2022-12-15 00:00:00+02:00,2.7590641609493893,2.8477485179901123,2.7097952042228304,2.8477485179901123,14935,0.0,0.0
2022-12-16 00:00:00+02:00,2.85760235786438,2.85760235786438,2.8083331653681944,2.85760235786438,5816,0.0,0.0
2022-12-19 00:00:00+02:00,2.867456293471538,2.9167252535106503,2.867456293471538,2.8871638774871826,3101,0.0,0.0
2022-12-20 00:00:00+02:00,2.9068712660619833,2.9068712660619833,2.6112572907697125,2.8477485179901123,5960,0.0,0.0
2022-12-21 00:00:00+02:00,2.665453074076262,2.9265789018654242,2.665453074076262,2.9068713188171387,6202,0.0,0.0
2022-12-22 00:00:00+02:00,2.7590642980293953,2.852675437927246,2.714722352238887,2.852675437927246,3456,0.0,0.0
2022-12-23 00:00:00+02:00,2.7097952365875244,2.7097952365875244,2.7097952365875244,2.7097952365875244,162,0.0,0.0
2022-12-27 00:00:00+02:00,2.7097952901324964,2.8526753866357577,2.660526331843945,2.8181869983673096,7939,0.0,0.0
2022-12-28 00:00:00+02:00,2.808333151217539,2.8132601644155,2.6112573219575097,2.7097952365875244,8699,0.0,0.0
2022-12-29 00:00:00+02:00,2.763991399726628,2.763991399726628,2.6703802568377726,2.675307035446167,16821,0.0,0.0
2022-12-30 00:00:00+02:00,2.778771820438627,2.7935526253315595,2.6211111545562744,2.6211111545562744,9201,0.0,0.0
2023-01-02 00:00:00+02:00,2.847748559367573,2.847748559367573,2.783698797225952,2.783698797225952,1421,0.0,0.0
2023-01-03 00:00:00+02:00,2.744283627792753,2.759064197540283,2.744283627792753,2.759064197540283,6581,0.0,0.0
2023-01-04 00:00:00+02:00,2.759064197540283,2.759064197540283,2.759064197540283,2.759064197540283,650,0.0,0.0
2023-01-05 00:00:00+02:00,2.6605263762447673,2.7541375160217285,2.6605263762447673,2.7541375160217285,103,0.0,0.0
2023-01-09 00:00:00+02:00,2.759064153346145,2.8083331099369317,2.759064153346145,2.7984793186187744,21555,0.0,0.0
2023-01-10 00:00:00+02:00,2.7984793186187744,2.7984793186187744,2.7984793186187744,2.7984793186187744,0,0.0,0.0
2023-01-11 00:00:00+02:00,2.7984793186187744,2.7984793186187744,2.7984793186187744,2.7984793186187744,20,0.0,0.0
2023-01-12 00:00:00+02:00,2.8083331176759483,2.8477485179901123,2.8083331176759483,2.8477485179901123,1680,0.0,0.0
2023-01-13 00:00:00+02:00,2.8576023472331378,2.8773099301851244,2.759064197540283,2.759064197540283,5805,0.0,0.0
2023-01-16 00:00:00+02:00,2.763991355895996,2.763991355895996,2.763991355895996,2.763991355895996,150,0.0,0.0
2023-01-17 00:00:00+02:00,2.9068713639880963,2.9068713639880963,2.8083332122825273,2.8920905590057373,4128,0.0,0.0
2023-01-18 00:00:00+02:00,2.9117980971127495,2.9117980971127495,2.7295028364496496,2.9068713188171387,5489,0.0,0.0
2023-01-19 00:00:00+02:00,2.9068713188171387,2.9068713188171387,2.9068713188171387,2.9068713188171387,0,0.0,0.0
2023-01-20 00:00:00+02:00,2.8181869983673096,2.8181869983673096,2.8181869983673096,2.8181869983673096,1260,0.0,0.0
2023-01-23 00:00:00+02:00,2.77877178049227,2.887163721661118,2.759064197540283,2.759064197540283,11561,0.0,0.0
2023-01-24 00:00:00+02:00,2.8576023508686106,2.8576023508686106,2.808333158493042,2.808333158493042,5169,0.0,0.0
2023-01-25 00:00:00+02:00,2.8822368539173064,2.8822368539173064,2.6654531955718994,2.6654531955718994,10296,0.0,0.0
2023-01-26 00:00:00+02:00,2.7048682269558593,2.759064197540283,2.7048682269558593,2.759064197540283,300,0.0,0.0
2023-01-27 00:00:00+02:00,2.788625671765075,2.8034064769744873,2.788625671765075,2.8034064769744873,2352,0.0,0.0
2023-01-30 00:00:00+02:00,2.847748559367573,2.847748559367573,2.783698797225952,2.783698797225952,100,0.0,0.0
2023-01-31 00:00:00+02:00,2.8329677681128183,3.103947387731561,2.8329677681128183,2.9561402797698975,12890,0.0,0.0
2023-02-01 00:00:00+02:00,2.956140373222607,2.956140373222607,2.946286581375849,2.9512133598327637,3064,0.0,0.0
2023-02-02 00:00:00+02:00,2.8576024060598035,2.8723829761116066,2.8576024060598035,2.8674561977386475,3977,0.0,0.0
2023-02-03 00:00:00+02:00,2.8280407548787325,2.9561402797698975,2.8280407548787325,2.9561402797698975,17301,0.0,0.0
2023-02-06 00:00:00+02:00,2.8329677179626334,2.9512132142924035,2.8329677179626334,2.921651840209961,1600,0.0,0.0
2023-02-07 00:00:00+02:00,2.8526754879933374,2.9512134080715624,2.8428216959855153,2.8871638774871826,955,0.0,0.0
2023-02-08 00:00:00+02:00,2.8674561051919416,2.926578853356827,2.8674561051919416,2.921651840209961,12889,0.0,0.0
2023-02-09 00:00:00+02:00,2.9068713644540227,2.9068713644540227,2.8625291844327627,2.8674561977386475,1095,0.0,0.0
2023-02-10 00:00:00+02:00,2.867456244903245,2.90687141226693,2.8576024530623236,2.901944398880005,6133,0.0,0.0
2023-02-13 00:00:00+02:00,2.9068713639880963,2.9068713639880963,2.8526753922966797,2.8920905590057373,8648,0.0,0.0
2023-02-14 00:00:00+02:00,2.956140373222607,2.956140373222607,2.86252923321194,2.9512133598327637,8444,0.0,0.0
2023-02-15 00:00:00+02:00,2.956140235300318,3.0054091922354065,2.95121322214035,2.9955554008483887,3562,0.0,0.0
2023-02-16 00:00:00+02:00,2.9955554008483887,2.9955554008483887,2.8773099042041768,2.9955554008483887,525,0.0,0.0
2023-02-17 00:00:00+02:00,2.9955554008483887,2.9955554008483887,2.9955554008483887,2.9955554008483887,0,0.0,0.0
2023-02-20 00:00:00+02:00,2.990628667609731,2.990628667609731,2.90687132209365,2.9561402797698975,508,0.0,0.0
2023-02-21 00:00:00+02:00,2.906871369469101,2.995555494731697,2.906871369469101,2.965994119644165,3516,0.0,0.0
2023-02-22 00:00:00+02:00,2.862529238177265,3.049751518523354,2.862529238177265,3.0004825592041016,2494,0.0,0.0
2023-02-23 00:00:00+02:00,2.9068714624072762,2.9364328384399414,2.9068714624072762,2.9364328384399414,881,0.0,0.0
2023-02-24 00:00:00+02:00,3.0201900486945172,3.1532163521722194,3.000482465581741,3.054678201675415,7804,0.0,0.0
2023-02-27 00:00:00+02:00,2.956140381466697,3.099020481109619,2.956140381466697,3.099020481109619,1223,0.0,0.0
2023-02-28 00:00:00+02:00,3.005409203426188,3.0940935611724854,3.005409203426188,3.0940935611724854,660,0.0,0.0
2023-03-01 00:00:00+02:00,3.094093654562379,3.094093654562379,3.0891666412353516,3.0891666412353516,201,0.0,0.0
2023-03-02 00:00:00+02:00,3.0891666412353516,3.0891666412353516,3.0891666412353516,3.0891666412353516,0,0.0,0.0
2023-03-03 00:00:00+02:00,2.946286543812526,3.0891666412353516,2.946286543812526,3.0891666412353516,168,0.0,0.0
2023-03-06 00:00:00+02:00,2.9659940776679212,3.084239811277502,2.9659940776679212,3.054678201675415,1760,0.0,0.0
2023-03-07 00:00:00+02:00,2.91672507360089,3.0448243618011475,2.91672507360089,3.0448243618011475,2020,0.0,0.0
2023-03-08 00:00:00+02:00,2.9561402797698975,2.9561402797698975,2.90687132209365,2.9561402797698975,252,0.0,0.0
2023-03-09 00:00:00+02:00,2.956140286265113,3.030043840408325,2.9216518983495012,3.030043840408325,1440,0.0,0.0
2023-03-10 00:00:00+02:00,2.9068713188171387,2.9068713188171387,2.9068713188171387,2.9068713188171387,338,0.0,0.0
2023-03-13 00:00:00+02:00,2.862529139492036,2.9068713188171387,2.8181869601669334,2.9068713188171387,774,0.0,0.0
2023-03-14 00:00:00+02:00,2.857602313504125,2.9019442571562557,2.857602313504125,2.897017478942871,1474,0.0,0.0
2023-03-15 00:00:00+02:00,2.906871416530807,2.9758479595184326,2.906871416530807,2.9758479595184326,5010,0.0,0.0
2023-03-16 00:00:00+02:00,2.9758479595184326,2.9758479595184326,2.9758479595184326,2.9758479595184326,0,0.0,0.0
2023-03-17 00:00:00+02:00,3.0448243536314363,3.0448243536314363,2.94628643989563,2.94628643989563,66,0.0,0.0
2023-03-20 00:00:00+02:00,2.94628643989563,2.94628643989563,2.94628643989563,2.94628643989563,0,0.0,0.0
2023-03-21 00:00:00+02:00,2.897017478942871,2.897017478942871,2.897017478942871,2.897017478942871,398,0.0,0.0
2023-03-22 00:00:00+02:00,2.94628653326789,2.94628653326789,2.8576024080951306,2.941359519958496,1540,0.0,0.0
2023-03-23 00:00:00+02:00,2.8625292357151544,2.9758479595184326,2.8625292357151544,2.9758479595184326,323,0.0,0.0
2023-03-24 00:00:00+02:00,2.9758479595184326,2.9758479595184326,2.9758479595184326,2.9758479595184326,0,0.0,0.0
2023-03-27 00:00:00+03:00,2.9758478692243093,3.054678201675415,2.956140286111533,3.054678201675415,2888,0.0,0.0
2023-03-28 00:00:00+03:00,3.1138011926242726,3.31087702417467,3.0891665962140116,3.103947401046753,4811,0.0,0.0
2023-03-29 00:00:00+03:00,3.1039474985389175,3.2517543768441945,2.95614038530071,3.172924041748047,4845,0.0,0.0
2023-03-30 00:00:00+03:00,3.2566813000607158,3.3404386462471867,3.2517542867871945,3.301023244857788,6059,0.0,0.0
2023-03-31 00:00:00+03:00,3.3010232936380994,3.3010232936380994,3.108874236856872,3.286242723464966,564,0.0,0.0
2023-04-03 00:00:00+03:00,3.2714619636535645,3.2714619636535645,3.2714619636535645,3.2714619636535645,100,0.0,0.0
2023-04-04 00:00:00+03:00,3.261608069457595,3.261608069457595,3.0645320027827023,3.1532163619995117,5182,0.0,0.0
2023-04-05 00:00:00+03:00,3.1532164564419807,3.1532164564419807,3.0940937051485955,3.123655080795288,5203,0.0,0.0
2023-04-06 00:00:00+03:00,3.2517543298044336,3.2517543298044336,3.212339162826538,3.212339162826538,249,0.0,0.0
2023-04-11 00:00:00+03:00,3.2123392077353663,3.2123392077353663,3.123655080795288,3.123655080795288,1647,0.0,0.0
2023-04-12 00:00:00+03:00,3.1236551294088004,3.1827778816223145,3.1236551294088004,3.1827778816223145,835,0.0,0.0
2023-04-13 00:00:00+03:00,3.212339162826538,3.212339162826538,3.212339162826538,3.212339162826538,500,0.0,0.0
2023-04-14 00:00:00+03:00,3.192631483078003,3.192631483078003,3.192631483078003,3.192631483078003,156,0.0,0.0
2023-04-17 00:00:00+03:00,3.133508778825315,3.1532163619995117,3.133508778825315,3.1532163619995117,816,0.0,0.0
2023-04-18 00:00:00+03:00,3.2320466488675095,3.2320466488675095,3.192631483078003,3.192631483078003,1518,0.0,0.0
2023-04-19 00:00:00+03:00,3.2517543783757845,3.2517543783757845,3.1729240432425074,3.2221930027008057,2181,0.0,0.0
2023-04-20 00:00:00+03:00,3.281315658721184,3.281315658721184,3.182777742667335,3.2517542839050293,800,0.0,0.0
2023-04-21 00:00:00+03:00,3.2517544266509693,3.2517544266509693,3.123655130157646,3.2320468425750732,1218,0.0,0.0
2023-04-24 00:00:00+03:00,3.251754425067345,3.251754425067345,3.1236551286364067,3.1335089206695557,241,0.0,0.0
2023-04-25 00:00:00+03:00,3.2221930489678976,3.2221930489678976,3.1335089206695557,3.1335089206695557,1513,0.0,0.0
2023-04-26 00:00:00+03:00,3.1335087343937427,3.192631483078003,3.1335087343937427,3.192631483078003,158,0.0,0.0
2023-04-27 00:00:00+03:00,3.192631483078003,3.192631483078003,3.192631483078003,3.192631483078003,10,0.0,0.0
2023-04-28 00:00:00+03:00,3.182777799175569,3.4192690368364853,3.182777799175569,3.4094152450561523,10126,0.0,0.0
2023-05-02 00:00:00+03:00,3.4192690835524657,3.5769299891247712,3.370000123977661,3.370000123977661,5782,0.0,0.0
2023-05-03 00:00:00+03:00,3.3601463747826803,3.3601463747826803,3.1926316751656785,3.281315803527832,4176,0.0,0.0
2023-05-04 00:00:00+03:00,3.2419004440307617,3.2419004440307617,3.2419004440307617,3.2419004440307617,1050,0.0,0.0
2023-05-05 00:00:00+03:00,3.2419004951730757,3.301023244857788,3.2419004951730757,3.301023244857788,1010,0.0,0.0
2023-05-08 00:00:00+03:00,3.547368236334359,3.547368236334359,3.2123390897145,3.4882454872131348,1228,0.0,0.0
2023-05-09 00:00:00+03:00,3.3010232389160943,3.340438640234547,3.2024853229522705,3.2024853229522705,5606,0.0,0.0
2023-05-10 00:00:00+03:00,3.2024852981942957,3.4882454872131348,3.2024852981942957,3.4882454872131348,818,0.0,0.0
2023-05-11 00:00:00+03:00,3.4980992787333385,3.4980992787333385,3.4882454872131348,3.4882454872131348,14,0.0,0.0
2023-05-12 00:00:00+03:00,3.360146194175574,3.4586841092815765,3.360146194175574,3.438976526260376,662,0.0,0.0
2023-05-15 00:00:00+03:00,3.3601461802038326,3.389707554612715,3.251754239105011,3.2911694049835205,1195,0.0,0.0
2023-05-16 00:00:00+03:00,3.291169553725043,3.370000123977661,3.1532164669155907,3.370000123977661,1341,0.0,0.0
2023-05-17 00:00:00+03:00,3.5,3.5199999809265137,3.4800000190734863,3.4800000190734863,2082,0.05,0.0
2023-05-19 00:00:00+03:00,3.450000047683716,3.450000047683716,3.450000047683716,3.450000047683716,450,0.0,0.0
2023-05-22 00:00:00+03:00,3.25,3.380000114440918,3.25,3.3299999237060547,1906,0.0,0.0
2023-05-23 00:00:00+03:00,3.259999990463257,3.3299999237060547,3.259999990463257,3.3299999237060547,3188,0.0,0.0
2023-05-24 00:00:00+03:00,3.3299999237060547,3.3299999237060547,3.3299999237060547,3.3299999237060547,0,0.0,0.0
2023-05-25 00:00:00+03:00,3.2200000286102295,3.440000057220459,3.2200000286102295,3.2300000190734863,4312,0.0,0.0
2023-05-26 00:00:00+03:00,3.3499999046325684,3.390000104904175,3.200000047683716,3.359999895095825,530,0.0,0.0
2023-05-29 00:00:00+03:00,3.359999895095825,3.4000000953674316,3.259999990463257,3.4000000953674316,1744,0.0,0.0
2023-05-30 00:00:00+03:00,3.390000104904175,3.390000104904175,3.380000114440918,3.380000114440918,103,0.0,0.0
2023-05-31 00:00:00+03:00,3.25,3.3499999046325684,3.25,3.3499999046325684,425,0.0,0.0
2023-06-01 00:00:00+03:00,3.200000047683716,3.4000000953674316,3.200000047683716,3.4000000953674316,1088,0.0,0.0
2023-06-02 00:00:00+03:00,3.7300000190734863,3.7300000190734863,3.2100000381469727,3.549999952316284,96,0.0,0.0
2023-06-05 00:00:00+03:00,3.549999952316284,3.549999952316284,3.2200000286102295,3.4800000190734863,294,0.0,0.0
2023-06-06 00:00:00+03:00,3.4800000190734863,3.4800000190734863,3.4800000190734863,3.4800000190734863,0,0.0,0.0
2023-06-07 00:00:00+03:00,3.25,3.4200000762939453,3.200000047683716,3.4200000762939453,1025,0.0,0.0
2023-06-08 00:00:00+03:00,3.2100000381469727,3.369999885559082,3.2100000381469727,3.369999885559082,1130,0.0,0.0
2023-06-09 00:00:00+03:00,3.359999895095825,3.359999895095825,3.2699999809265137,3.2699999809265137,152,0.0,0.0
2023-06-12 00:00:00+03:00,3.440000057220459,3.559999942779541,3.390000104904175,3.390000104904175,10148,0.0,0.0
2023-06-13 00:00:00+03:00,3.549999952316284,3.549999952316284,3.4600000381469727,3.4600000381469727,1900,0.0,0.0
2023-06-14 00:00:00+03:00,3.450000047683716,3.549999952316284,3.450000047683716,3.5,6052,0.0,0.0
2023-06-15 00:00:00+03:00,3.450000047683716,3.559999942779541,3.450000047683716,3.5,1438,0.0,0.0
2023-06-16 00:00:00+03:00,3.5799999237060547,3.5799999237060547,3.4600000381469727,3.4600000381469727,511,0.0,0.0
2023-06-19 00:00:00+03:00,3.5799999237060547,3.5799999237060547,3.5799999237060547,3.5799999237060547,480,0.0,0.0
2023-06-20 00:00:00+03:00,3.4100000858306885,3.569999933242798,3.4000000953674316,3.569999933242798,4673,0.0,0.0
2023-06-21 00:00:00+03:00,3.430000066757202,3.569999933242798,3.430000066757202,3.569999933242798,75,0.0,0.0
2023-06-22 00:00:00+03:00,3.4100000858306885,3.490000009536743,3.2899999618530273,3.299999952316284,56611,0.0,0.0
2023-06-26 00:00:00+03:00,3.299999952316284,3.299999952316284,3.299999952316284,3.299999952316284,9,0.0,0.0
2023-06-27 00:00:00+03:00,3.4800000190734863,3.4800000190734863,3.4700000286102295,3.4700000286102295,108,0.0,0.0
2023-06-28 00:00:00+03:00,3.4700000286102295,3.4700000286102295,3.4700000286102295,3.4700000286102295,715,0.0,0.0
2023-06-29 00:00:00+03:00,3.490000009536743,3.490000009536743,3.490000009536743,3.490000009536743,100,0.0,0.0
2023-06-30 00:00:00+03:00,3.450000047683716,3.450000047683716,3.450000047683716,3.450000047683716,125,0.0,0.0
2023-07-03 00:00:00+03:00,3.430000066757202,3.430000066757202,3.2200000286102295,3.430000066757202,572,0.0,0.0
2023-07-04 00:00:00+03:00,3.299999952316284,3.450000047683716,3.2899999618530273,3.2899999618530273,1154,0.0,0.0
2023-07-05 00:00:00+03:00,3.2799999713897705,3.2799999713897705,3.1700000762939453,3.2100000381469727,4774,0.0,0.0
2023-07-06 00:00:00+03:00,3.440000057220459,3.440000057220459,3.200000047683716,3.2799999713897705,1152,0.0,0.0
2023-07-07 00:00:00+03:00,3.180000066757202,3.2899999618530273,3.180000066757202,3.2899999618530273,40,0.0,0.0
2023-07-10 00:00:00+03:00,3.2699999809265137,3.299999952316284,3.2699999809265137,3.299999952316284,1500,0.0,0.0
2023-07-11 00:00:00+03:00,3.2100000381469727,3.2100000381469727,3.2100000381469727,3.2100000381469727,293,0.0,0.0
2023-07-12 00:00:00+03:00,3.4000000953674316,3.4000000953674316,3.309999942779541,3.3299999237060547,2062,0.0,0.0
2023-07-13 00:00:00+03:00,3.3499999046325684,3.380000114440918,3.200000047683716,3.2100000381469727,7748,0.0,0.0
2023-07-14 00:00:00+03:00,3.200000047683716,3.3399999141693115,3.180000066757202,3.200000047683716,4608,0.0,0.0
2023-07-17 00:00:00+03:00,3.2100000381469727,3.2100000381469727,3.2100000381469727,3.2100000381469727,28,0.0,0.0
2023-07-18 00:00:00+03:00,3.2100000381469727,3.2100000381469727,3.2100000381469727,3.2100000381469727,313,0.0,0.0
2023-07-19 00:00:00+03:00,3.240000009536743,3.240000009536743,3.200000047683716,3.200000047683716,639,0.0,0.0
2023-07-20 00:00:00+03:00,3.359999895095825,3.359999895095825,3.180000066757202,3.180000066757202,155,0.0,0.0
2023-07-21 00:00:00+03:00,3.369999885559082,3.369999885559082,3.369999885559082,3.369999885559082,52,0.0,0.0
2023-07-24 00:00:00+03:00,3.200000047683716,3.259999990463257,3.180000066757202,3.180000066757202,3765,0.0,0.0
2023-07-25 00:00:00+03:00,3.3399999141693115,3.3399999141693115,3.2899999618530273,3.2899999618530273,188,0.0,0.0
2023-07-26 00:00:00+03:00,3.299999952316284,3.299999952316284,3.180000066757202,3.180000066757202,296,0.0,0.0
2023-07-27 00:00:00+03:00,3.190000057220459,3.190000057220459,3.190000057220459,3.190000057220459,85,0.0,0.0
2023-07-28 00:00:00+03:00,3.190000057220459,3.190000057220459,3.190000057220459,3.190000057220459,201,0.0,0.0
2023-07-31 00:00:00+03:00,3.180000066757202,3.190000057220459,3.180000066757202,3.180000066757202,831,0.0,0.0
2023-08-01 00:00:00+03:00,3.309999942779541,3.309999942779541,3.1700000762939453,3.1700000762939453,7949,0.0,0.0
2023-08-02 00:00:00+03:00,3.200000047683716,3.200000047683716,3.200000047683716,3.200000047683716,800,0.0,0.0
2023-08-03 00:00:00+03:00,3.180000066757202,3.200000047683716,3.1700000762939453,3.1700000762939453,2581,0.0,0.0
2023-08-04 00:00:00+03:00,3.200000047683716,3.200000047683716,3.200000047683716,3.200000047683716,640,0.0,0.0
2023-08-07 00:00:00+03:00,3.240000009536743,3.2799999713897705,3.180000066757202,3.2799999713897705,611,0.0,0.0
2023-08-08 00:00:00+03:00,3.200000047683716,3.200000047683716,2.7100000381469727,3.069999933242798,26172,0.0,0.0
2023-08-09 00:00:00+03:00,3.0999999046325684,3.2799999713897705,3.0799999237060547,3.1700000762939453,4626,0.0,0.0
2023-08-10 00:00:00+03:00,3.0799999237060547,3.0799999237060547,3.0799999237060547,3.0799999237060547,680,0.0,0.0
2023-08-11 00:00:00+03:00,3.2200000286102295,3.2200000286102295,3.2200000286102295,3.2200000286102295,5,0.0,0.0
2023-08-14 00:00:00+03:00,3.2200000286102295,3.2200000286102295,3.2200000286102295,3.2200000286102295,0,0.0,0.0
2023-08-15 00:00:00+03:00,3.0999999046325684,3.0999999046325684,2.9600000381469727,3.049999952316284,9563,0.0,0.0
2023-08-16 00:00:00+03:00,3.059999942779541,3.059999942779541,2.9100000858306885,2.930000066757202,2833,0.0,0.0
2023-08-17 00:00:00+03:00,2.9200000762939453,2.9200000762939453,2.9100000858306885,2.9100000858306885,434,0.0,0.0
2023-08-18 00:00:00+03:00,2.880000114440918,2.880000114440918,2.8399999141693115,2.8499999046325684,3703,0.0,0.0
2023-08-21 00:00:00+03:00,2.8499999046325684,2.8499999046325684,2.8499999046325684,2.8499999046325684,185,0.0,0.0
2023-08-22 00:00:00+03:00,2.990000009536743,3.0,2.859999895095825,2.859999895095825,1050,0.0,0.0
2023-08-23 00:00:00+03:00,2.950000047683716,2.950000047683716,2.950000047683716,2.950000047683716,250,0.0,0.0
2023-08-24 00:00:00+03:00,2.950000047683716,2.950000047683716,2.950000047683716,2.950000047683716,0,0.0,0.0
2023-08-25 00:00:00+03:00,2.9000000953674316,2.9000000953674316,2.880000114440918,2.880000114440918,561,0.0,0.0
2023-08-28 00:00:00+03:00,2.9000000953674316,2.9100000858306885,2.880000114440918,2.890000104904175,6352,0.0,0.0
2023-08-29 00:00:00+03:00,2.9000000953674316,3.0799999237060547,2.880000114440918,3.0799999237060547,5899,0.0,0.0
2023-08-30 00:00:00+03:00,3.0799999237060547,3.0799999237060547,3.0799999237060547,3.0799999237060547,423,0.0,0.0
2023-08-31 00:00:00+03:00,3.0799999237060547,3.1600000858306885,3.0799999237060547,3.1500000953674316,1593,0.0,0.0
2023-09-01 00:00:00+03:00,3.130000114440918,3.130000114440918,2.9200000762939453,3.049999952316284,1415,0.0,0.0
2023-09-04 00:00:00+03:00,3.009999990463257,3.009999990463257,3.009999990463257,3.009999990463257,20,0.0,0.0
2023-09-05 00:00:00+03:00,2.9800000190734863,3.009999990463257,2.9800000190734863,3.009999990463257,169,0.0,0.0
2023-09-06 00:00:00+03:00,2.990000009536743,2.990000009536743,2.9100000858306885,2.9200000762939453,2023,0.0,0.0
2023-09-07 00:00:00+03:00,2.950000047683716,3.180000066757202,2.950000047683716,2.9600000381469727,3151,0.0,0.0
2023-09-08 00:00:00+03:00,2.930000066757202,3.180000066757202,2.930000066757202,3.180000066757202,1350,0.0,0.0
2023-09-11 00:00:00+03:00,3.180000066757202,3.180000066757202,2.799999952316284,2.940000057220459,20938,0.0,0.0
2023-09-12 00:00:00+03:00,2.9200000762939453,2.930000066757202,2.869999885559082,2.869999885559082,2514,0.0,0.0
2023-09-13 00:00:00+03:00,2.8499999046325684,2.8499999046325684,2.8399999141693115,2.8399999141693115,200,0.0,0.0
2023-09-14 00:00:00+03:00,2.8299999237060547,2.8299999237060547,2.75,2.799999952316284,13785,0.0,0.0
2023-09-15 00:00:00+03:00,2.8399999141693115,2.8399999141693115,2.8399999141693115,2.8399999141693115,700,0.0,0.0
2023-09-18 00:00:00+03:00,2.819999933242798,2.819999933242798,2.819999933242798,2.819999933242798,668,0.0,0.0
2023-09-19 00:00:00+03:00,2.819999933242798,2.819999933242798,2.819999933242798,2.819999933242798,0,0.0,0.0
2023-09-20 00:00:00+03:00,2.819999933242798,2.819999933242798,2.819999933242798,2.819999933242798,180,0.0,0.0
2023-09-21 00:00:00+03:00,2.9200000762939453,2.9200000762939453,2.9200000762939453,2.9200000762939453,632,0.0,0.0
2023-09-22 00:00:00+03:00,2.819999933242798,2.819999933242798,2.819999933242798,2.819999933242798,550,0.0,0.0
2023-09-25 00:00:00+03:00,2.819999933242798,2.819999933242798,2.819999933242798,2.819999933242798,1685,0.0,0.0
2023-09-26 00:00:00+03:00,2.819999933242798,2.8499999046325684,2.819999933242798,2.819999933242798,1917,0.0,0.0
2023-09-27 00:00:00+03:00,2.799999952316284,2.799999952316284,2.75,2.7799999713897705,2809,0.0,0.0
2023-09-28 00:00:00+03:00,2.7799999713897705,2.7799999713897705,2.75,2.75,3466,0.0,0.0
2023-09-29 00:00:00+03:00,2.990000009536743,2.990000009536743,2.799999952316284,2.9100000858306885,182,0.0,0.0
2023-10-02 00:00:00+03:00,2.9200000762939453,2.9200000762939453,2.799999952316284,2.799999952316284,612,0.0,0.0
2023-10-03 00:00:00+03:00,2.880000114440918,2.880000114440918,2.880000114440918,2.880000114440918,2002,0.0,0.0
2023-10-04 00:00:00+03:00,2.7799999713897705,2.7799999713897705,2.7799999713897705,2.7799999713897705,1606,0.0,0.0
2023-10-05 00:00:00+03:00,2.7799999713897705,2.7799999713897705,2.7799999713897705,2.7799999713897705,150,0.0,0.0
2023-10-06 00:00:00+03:00,2.7899999618530273,2.799999952316284,2.7899999618530273,2.799999952316284,650,0.0,0.0
2023-10-09 00:00:00+03:00,2.799999952316284,2.799999952316284,2.7799999713897705,2.7799999713897705,1318,0.0,0.0
2023-10-10 00:00:00+03:00,2.7799999713897705,2.7799999713897705,2.7799999713897705,2.7799999713897705,20,0.0,0.0
2023-10-11 00:00:00+03:00,2.799999952316284,2.8399999141693115,2.799999952316284,2.8399999141693115,1400,0.0,0.0
2023-10-12 00:00:00+03:00,2.8399999141693115,2.8499999046325684,2.8399999141693115,2.8499999046325684,2298,0.0,0.0
2023-10-13 00:00:00+03:00,2.799999952316284,2.799999952316284,2.7799999713897705,2.7799999713897705,2315,0.0,0.0
2023-10-16 00:00:00+03:00,2.7899999618530273,2.7899999618530273,2.7300000190734863,2.7300000190734863,3549,0.0,0.0
2023-10-17 00:00:00+03:00,2.7300000190734863,2.8399999141693115,2.7300000190734863,2.7699999809265137,4360,0.0,0.0
2023-10-18 00:00:00+03:00,2.799999952316284,2.819999933242798,2.7699999809265137,2.7699999809265137,2143,0.0,0.0
2023-10-19 00:00:00+03:00,2.7300000190734863,2.740000009536743,2.7300000190734863,2.740000009536743,831,0.0,0.0
2023-10-20 00:00:00+03:00,2.799999952316284,2.799999952316284,2.75,2.75,503,0.0,0.0
2023-10-23 00:00:00+03:00,2.7699999809265137,2.7699999809265137,2.759999990463257,2.7699999809265137,3012,0.0,0.0
2023-10-24 00:00:00+03:00,2.759999990463257,2.7699999809265137,2.7300000190734863,2.7699999809265137,1246,0.0,0.0
2023-10-25 00:00:00+03:00,2.7300000190734863,2.7300000190734863,2.7300000190734863,2.7300000190734863,547,0.0,0.0
2023-10-26 00:00:00+03:00,2.7300000190734863,2.7300000190734863,2.7300000190734863,2.7300000190734863,0,0.0,0.0
2023-10-27 00:00:00+03:00,2.7300000190734863,2.740000009536743,2.7300000190734863,2.740000009536743,460,0.0,0.0
2023-10-30 00:00:00+02:00,2.7200000286102295,2.7200000286102295,2.7200000286102295,2.7200000286102295,150,0.0,0.0
2023-10-31 00:00:00+02:00,2.75,2.75,2.75,2.75,233,0.0,0.0
2023-11-01 00:00:00+02:00,2.7300000190734863,2.7300000190734863,2.7300000190734863,2.7300000190734863,267,0.0,0.0
2023-11-02 00:00:00+02:00,2.75,2.809999942779541,2.75,2.809999942779541,4747,0.0,0.0
2023-11-03 00:00:00+02:00,2.7699999809265137,2.7899999618530273,2.7300000190734863,2.7899999618530273,274,0.0,0.0
2023-11-06 00:00:00+02:00,2.740000009536743,2.9000000953674316,2.740000009536743,2.9000000953674316,3975,0.0,0.0
2023-11-07 00:00:00+02:00,2.7300000190734863,2.740000009536743,2.7300000190734863,2.740000009536743,170,0.0,0.0
2023-11-08 00:00:00+02:00,2.869999885559082,2.869999885559082,2.7300000190734863,2.740000009536743,3644,0.0,0.0
2023-11-09 00:00:00+02:00,2.75,2.8399999141693115,2.7300000190734863,2.75,1522,0.0,0.0
2023-11-10 00:00:00+02:00,2.75,2.75,2.7300000190734863,2.7300000190734863,1345,0.0,0.0
2023-11-13 00:00:00+02:00,2.7300000190734863,2.7300000190734863,2.7300000190734863,2.7300000190734863,1659,0.0,0.0
