Date,Open,High,Low,Close,Volume,Dividends,Stock Splits
2021-05-11 00:00:00+03:00,6.299210807939965,7.807472824778794,6.299210807939965,7.247641086578369,91184,0.0,0.0
2021-05-12 00:00:00+03:00,7.497835167632729,9.759340286254883,7.496947596127939,8.428521156311035,61590,0.0,0.0
2021-05-14 00:00:00+03:00,8.707992516313764,9.297988944101583,8.610399421245578,8.787841796875,30498,0.0,0.0
2021-05-17 00:00:00+03:00,8.428521659639147,8.428521659639147,7.567925000638297,7.984915256500244,23965,0.0,0.0
2021-05-18 00:00:00+03:00,7.993787150722473,8.14017722191275,7.727623154164144,7.905065536499023,9760,0.0,0.0
2021-05-19 00:00:00+03:00,7.9050658451062565,7.913938176097374,7.6743903160095215,7.6743903160095215,8060,0.0,0.0
2021-05-20 00:00:00+03:00,7.634465496579513,7.634465496579513,6.920259790508132,7.093266010284424,26068,0.0,0.0
2021-05-21 00:00:00+03:00,7.102138405669403,7.408227051690944,7.102138405669403,7.248528480529785,11666,0.0,0.0
2021-05-24 00:00:00+03:00,7.279580821307896,7.31950546425644,7.097702268369881,7.261837005615234,6070,0.0,0.0
2021-05-25 00:00:00+03:00,7.275144367249451,7.306196678063787,7.115446647902578,7.17755126953125,1903,0.0,0.0
2021-05-26 00:00:00+03:00,7.1775511285708085,7.1775511285708085,6.787177476196564,6.893642902374268,7298,0.0,0.0
2021-05-27 00:00:00+03:00,6.880335003343134,6.880335003343134,6.547630220857172,6.654095649719238,9014,0.0,0.0
2021-05-28 00:00:00+03:00,6.636351585388184,6.6984566320456524,6.609735015947549,6.636351585388184,5296,0.0,0.0
2021-05-31 00:00:00+03:00,6.636351581479401,6.645223489250374,6.50326958046665,6.609735012054443,3709,0.0,0.0
2021-06-01 00:00:00+03:00,6.529885982713495,6.654095649719238,6.3879316545080655,6.654095649719238,5434,0.0,0.0
2021-06-02 00:00:00+03:00,6.6540957613824965,6.6540957613824965,6.436728734710778,6.5077056884765625,3470,0.0,0.0
2021-06-03 00:00:00+03:00,6.503269799501855,6.565374848214491,6.48996172586916,6.538758277893066,1682,0.0,0.0
2021-06-04 00:00:00+03:00,6.538758277893066,6.538758277893066,6.521014038697461,6.538758277893066,4234,0.0,0.0
2021-06-07 00:00:00+03:00,6.538758277893066,6.538758277893066,6.525450204260371,6.538758277893066,1375,0.0,0.0
2021-06-08 00:00:00+03:00,6.538758277893066,6.538758277893066,6.538758277893066,6.538758277893066,504,0.0,0.0
2021-06-09 00:00:00+03:00,6.538758124881568,6.538758124881568,6.512141978239013,6.51657772064209,1301,0.0,0.0
2021-06-10 00:00:00+03:00,6.4899613457385055,6.4899613457385055,6.450036704122855,6.458909034729004,2642,0.0,0.0
2021-06-11 00:00:00+03:00,6.450036917255196,6.47665348689714,6.201617151802475,6.3346991539001465,27261,0.0,0.0
2021-06-14 00:00:00+03:00,6.316955156641798,6.316955156641798,6.068535804748535,6.068535804748535,10185,0.0,0.0
2021-06-15 00:00:00+03:00,6.121768256626726,6.192745211222001,5.908836969784883,5.9443254470825195,19527,0.0,0.0
2021-06-16 00:00:00+03:00,5.944325705745865,6.175001241274219,5.899965318721517,6.068535804748535,6016,0.0,0.0
2021-06-17 00:00:00+03:00,6.08184360767492,6.192745204880476,6.08184360767492,6.166128635406494,6143,0.0,0.0
2021-06-18 00:00:00+03:00,6.1750009662498275,6.210489443511124,6.166128635406494,6.166128635406494,1554,0.0,0.0
2021-06-21 00:00:00+03:00,6.1750008168035615,6.25485010023699,6.170564651489258,6.170564651489258,2890,0.0,0.0
2021-06-22 00:00:00+03:00,6.254850209353943,6.254850209353943,6.245977878570557,6.245977878570557,1242,0.0,0.0
2021-06-23 00:00:00+03:00,6.130639905162912,6.21048918723384,6.121767997741699,6.121767997741699,1954,0.0,0.0
2021-06-24 00:00:00+03:00,6.201616856756624,6.206053021995232,6.121767997741699,6.121767997741699,4038,0.0,0.0
2021-06-28 00:00:00+03:00,6.086279752402892,6.25485023034891,6.033047036691942,6.206053256988525,6882,0.0,0.0
2021-06-29 00:00:00+03:00,6.2016167640686035,6.2016167640686035,6.121767906247082,6.2016167640686035,3676,0.0,0.0
2021-06-30 00:00:00+03:00,6.210489268461313,6.281466220983337,6.13063998534603,6.183872699737549,7192,0.0,0.0
2021-07-01 00:00:00+03:00,6.183872787389749,6.37905983264797,6.16612854900773,6.299210548400879,1547,0.0,0.0
2021-07-02 00:00:00+03:00,6.290338375290732,6.299210282579347,6.2016167640686035,6.2016167640686035,610,0.0,0.0
2021-07-05 00:00:00+03:00,6.379059874403691,6.467781066894531,6.245977874139421,6.467781066894531,3875,0.0,0.0
2021-07-06 00:00:00+03:00,6.423420606974857,6.521014135527868,6.387932128056679,6.432292938232422,1819,0.0,0.0
2021-07-07 00:00:00+03:00,6.387931741533839,6.547630310058594,6.308082880327475,6.547630310058594,3238,0.0,0.0
2021-07-08 00:00:00+03:00,6.4056762887176575,6.414548619866081,6.316955092513597,6.343571662902832,3726,0.0,0.0
2021-07-09 00:00:00+03:00,6.441164832564405,6.441164832564405,6.316954741720323,6.352443218231201,1100,0.0,0.0
2021-07-12 00:00:00+03:00,6.556502217723295,6.556502217723295,6.387931741533839,6.547630310058594,150,0.0,0.0
2021-07-13 00:00:00+03:00,6.565374632923882,6.565374632923882,6.387931823730469,6.387931823730469,1496,0.0,0.0
2021-07-14 00:00:00+03:00,6.334699240949533,6.476653575897217,6.334699240949533,6.476653575897217,292,0.0,0.0
2021-07-15 00:00:00+03:00,6.476653397671623,6.476653397671623,6.343571397407354,6.467781066894531,979,0.0,0.0
2021-07-16 00:00:00+03:00,6.458909508949075,6.4677814171506,6.432292938232422,6.432292938232422,646,0.0,0.0
2021-07-19 00:00:00+03:00,6.476653137457638,6.476653137457638,6.352443049904862,6.396803855895996,1095,0.0,0.0
2021-07-20 00:00:00+03:00,6.432292631792826,6.476653439855185,6.387931823730469,6.387931823730469,1716,0.0,0.0
2021-07-21 00:00:00+03:00,6.387931823730469,6.387931823730469,6.387931823730469,6.387931823730469,165,0.0,0.0
2021-07-22 00:00:00+03:00,6.4766536552080725,6.609735237708157,6.4677813240781825,6.565374851226807,6477,0.0,0.0
2021-07-23 00:00:00+03:00,6.565374594265299,6.565374594265299,6.4943976402282715,6.4943976402282715,927,0.0,0.0
2021-07-26 00:00:00+03:00,6.521013786464148,6.618607309793069,6.4943976402282715,6.4943976402282715,3317,0.0,0.0
2021-07-27 00:00:00+03:00,6.4943976402282715,6.6363515483023265,6.4943976402282715,6.4943976402282715,943,0.0,0.0
2021-07-28 00:00:00+03:00,6.521013786464148,6.600863071283813,6.4943976402282715,6.4943976402282715,2069,0.0,0.0
2021-07-29 00:00:00+03:00,6.512142130627675,6.6097352346754885,6.49439789143207,6.538758277893066,2531,0.0,0.0
2021-07-30 00:00:00+03:00,6.556502439808259,6.556502439808259,6.476653575897217,6.476653575897217,695,0.0,0.0
2021-08-02 00:00:00+03:00,6.813793924623408,6.813793924623408,6.54763034732719,6.689584255218506,3473,0.0,0.0
2021-08-03 00:00:00+03:00,6.689584255218506,6.760561209164164,6.609734970501632,6.689584255218506,5295,0.0,0.0
2021-08-04 00:00:00+03:00,6.654095649719238,6.716200694750114,6.423420130795421,6.654095649719238,2244,0.0,0.0
2021-08-05 00:00:00+03:00,6.654095514656518,6.751689033993827,6.5919904708862305,6.5919904708862305,1813,0.0,0.0
2021-08-06 00:00:00+03:00,6.591990904086268,6.72507290773623,6.591990904086268,6.671840190887451,1461,0.0,0.0
2021-08-09 00:00:00+03:00,6.680712569349912,6.680712569349912,6.600863281981481,6.618607521057129,1339,0.0,0.0
2021-08-10 00:00:00+03:00,6.689583957008331,6.698456287384033,6.645223151241815,6.698456287384033,3751,0.0,0.0
2021-08-11 00:00:00+03:00,6.698456760839854,6.742817146685824,6.521013948287895,6.671840190887451,4222,0.0,0.0
2021-08-12 00:00:00+03:00,6.591990982658638,6.760561466217041,6.565374835445014,6.760561466217041,5379,0.0,0.0
2021-08-13 00:00:00+03:00,6.787177942288986,6.8670268058776855,6.751689464459337,6.8670268058776855,5965,0.0,0.0
2021-08-16 00:00:00+03:00,6.920259952545166,6.920259952545166,6.73394523222661,6.920259952545166,2070,0.0,0.0
2021-08-17 00:00:00+03:00,6.911387230897499,7.008980751037598,6.8404102791796095,7.008980751037598,2515,0.0,0.0
2021-08-18 00:00:00+03:00,6.99123642155838,7.088829517364502,6.938003708467042,7.088829517364502,2140,0.0,0.0
2021-08-19 00:00:00+03:00,7.0977020263671875,7.142062833254386,6.973492359361444,7.0977020263671875,5326,0.0,0.0
2021-08-20 00:00:00+03:00,7.088830065804322,7.523564134545549,7.062213918727446,7.425971031188965,8770,0.0,0.0
2021-08-23 00:00:00+03:00,7.789727861304496,7.878449476494363,7.452586908139842,7.523563861846924,35027,0.0,0.0
2021-08-24 00:00:00+03:00,7.541307974259162,7.683261871337891,7.2219117058320235,7.683261871337891,25323,0.0,0.0
2021-08-25 00:00:00+03:00,7.692134201433303,7.754238819877255,7.683261871337891,7.683261871337891,14823,0.0,0.0
2021-08-26 00:00:00+03:00,7.683262845992542,7.683262845992542,7.434843494591714,7.514692783355713,9517,0.0,0.0
2021-08-27 00:00:00+03:00,7.505820274353027,7.576797230214971,7.505820274353027,7.505820274353027,2625,0.0,0.0
2021-08-30 00:00:00+03:00,7.576797358383588,7.630030499236561,7.505820401321002,7.541308879852295,6907,0.0,0.0
2021-08-31 00:00:00+03:00,7.541308523329709,7.550180854071102,7.452586908139842,7.523563861846924,4364,0.0,0.0
2021-09-01 00:00:00+03:00,7.559053015081556,7.6211576366527485,7.559053015081556,7.567924499511719,7767,0.0,0.0
2021-09-02 00:00:00+03:00,7.567925141686529,7.984915405320188,7.567925141686529,7.851833820343018,8661,0.0,0.0
2021-09-03 00:00:00+03:00,7.958298543768495,7.958298543768495,7.834088455114661,7.869576930999756,2389,0.0,0.0
2021-09-06 00:00:00+03:00,7.949426174163818,7.976042319418705,7.896193037542042,7.949426174163818,4991,0.0,0.0
2021-09-07 00:00:00+03:00,7.949426580891254,7.949426580891254,7.647774098861998,7.665518760681152,2687,0.0,0.0
2021-09-08 00:00:00+03:00,7.674390666822083,7.807473099436162,7.594542222588144,7.638902187347412,4552,0.0,0.0
2021-09-09 00:00:00+03:00,7.736495316291334,7.771983791985294,7.594541413515493,7.727622985839844,2239,0.0,0.0
2021-09-10 00:00:00+03:00,7.727622985839844,7.727622985839844,7.603412897854982,7.727622985839844,1738,0.0,0.0
2021-09-13 00:00:00+03:00,7.736495577586951,7.736495577586951,7.576797008514404,7.576797008514404,320,0.0,0.0
2021-09-14 00:00:00+03:00,7.5767971794943785,7.967170434121833,7.434843268720758,7.532436370849609,7430,0.0,0.0
2021-09-15 00:00:00+03:00,7.532436081794587,7.665518502621894,7.354993700136862,7.372738361358643,6028,0.0,0.0
2021-09-16 00:00:00+03:00,7.257400732475483,7.496947740500197,7.05334135530951,7.1864237785339355,7394,0.0,0.0
2021-09-17 00:00:00+03:00,7.186423679857882,7.301760593845192,7.186423679857882,7.2396559715271,770,0.0,0.0
2021-09-20 00:00:00+03:00,7.541308738236336,7.541308738236336,6.423420416324998,6.920259952545166,8290,0.0,0.0
2021-09-21 00:00:00+03:00,6.9202599823419275,7.097702372430273,6.760561408206389,7.035597324371338,6776,0.0,0.0
2021-09-22 00:00:00+03:00,7.035596804273164,7.150934983888392,6.902515233072816,7.088829517364502,1232,0.0,0.0
2021-09-23 00:00:00+03:00,7.088829704868053,7.230783610199716,7.088829704868053,7.150935173034668,931,0.0,0.0
2021-09-24 00:00:00+03:00,7.213039696517818,7.4348428820954435,7.204167366027832,7.204167366027832,2772,0.0,0.0
2021-09-27 00:00:00+03:00,7.275144762518619,7.488075630624633,6.8758991732918275,7.035597324371338,4941,0.0,0.0
2021-09-28 00:00:00+03:00,7.124318488740128,7.124318488740128,6.920259952545166,6.920259952545166,1126,0.0,0.0
2021-09-29 00:00:00+03:00,6.858155030597249,7.168679429140797,6.654096067601883,6.955748558044434,5262,0.0,0.0
2021-09-30 00:00:00+03:00,7.000108849617189,7.213040140878502,6.955748463602435,7.062213897705078,4875,0.0,0.0
2021-10-01 00:00:00+03:00,6.920259770285255,7.150935293387571,6.893643201059597,7.133190631866455,1367,0.0,0.0
2021-10-04 00:00:00+03:00,7.230783861579401,7.230783861579401,7.044469565882343,7.168679237365723,1581,0.0,0.0
2021-10-05 00:00:00+03:00,7.053341219479989,7.0977020263671875,6.929131552474246,7.0977020263671875,3249,0.0,0.0
2021-10-06 00:00:00+03:00,7.035597324371338,7.035597324371338,7.035597324371338,7.035597324371338,91,0.0,0.0
2021-10-07 00:00:00+03:00,7.03559715405988,7.079957962036133,7.03559715405988,7.079957962036133,2123,0.0,0.0
2021-10-08 00:00:00+03:00,7.079957702755487,7.079957702755487,7.008980751037598,7.008980751037598,373,0.0,0.0
2021-10-11 00:00:00+03:00,7.008980920798927,7.008980920798927,6.964620113372803,6.964620113372803,119,0.0,0.0
2021-10-12 00:00:00+03:00,6.946875751893309,7.17755126953125,6.946875751893309,7.17755126953125,2501,0.0,0.0
2021-10-13 00:00:00+03:00,7.17755126953125,7.17755126953125,7.17755126953125,7.17755126953125,107,0.0,0.0
2021-10-14 00:00:00+03:00,7.248528436021745,7.248528436021745,7.053341388702393,7.053341388702393,4286,0.0,0.0
2021-10-15 00:00:00+03:00,7.275144448010584,7.275144448010584,7.213039825692491,7.2396559715271,588,0.0,0.0
2021-10-18 00:00:00+03:00,7.2130400531046,7.275144677380723,7.2130400531046,7.221912384033203,662,0.0,0.0
2021-10-19 00:00:00+03:00,7.213039966904638,7.213039966904638,7.0977022045473,7.106574535369873,188,0.0,0.0
2021-10-20 00:00:00+03:00,7.053341507411157,7.390482468959792,7.053341507411157,7.310633182525635,2093,0.0,0.0
2021-10-21 00:00:00+03:00,7.31063322627356,7.31063322627356,7.221912454458506,7.230783939361572,1829,0.0,0.0
2021-10-22 00:00:00+03:00,7.23078377694377,7.434843155147719,7.23078377694377,7.328377723693848,938,0.0,0.0
2021-10-25 00:00:00+03:00,7.266272430558202,7.346121717615775,7.266272430558202,7.337250232696533,824,0.0,0.0
2021-10-26 00:00:00+03:00,7.337250303020632,7.4082272597271865,7.337250303020632,7.346121788024902,2751,0.0,0.0
2021-10-27 00:00:00+03:00,7.346121489434719,7.44371543552348,7.221912243302885,7.35499382019043,3305,0.0,0.0
2021-10-28 00:00:00+03:00,7.434843277657885,7.434843277657885,7.248528558015535,7.310633182525635,891,0.0,0.0
2021-10-29 00:00:00+03:00,7.310633054139196,7.319505384945413,7.266272246220151,7.275144577026367,4858,0.0,0.0
2021-11-01 00:00:00+02:00,7.41709852218628,7.505820138463472,7.363866229309597,7.417098522186279,998,0.0,0.0
2021-11-02 00:00:00+02:00,7.363866405972236,7.425971031188965,7.284017118629549,7.425971031188965,1524,0.0,0.0
2021-11-03 00:00:00+02:00,7.425970603398816,7.425970603398816,7.292889029568848,7.399354457855225,1035,0.0,0.0
2021-11-04 00:00:00+02:00,7.417098781936735,7.727623603669599,7.363866487195831,7.541308879852295,3306,0.0,0.0
2021-11-05 00:00:00+02:00,7.630029846577521,7.630029846577521,7.585669040679932,7.585669040679932,2599,0.0,0.0
2021-11-08 00:00:00+02:00,7.541309011090788,7.638902117222201,7.40822742581049,7.630030632019043,2514,0.0,0.0
2021-11-09 00:00:00+02:00,7.5324365996854485,7.5324365996854485,7.514692783355713,7.514692783355713,230,0.0,0.0
2021-11-10 00:00:00+02:00,7.523563911638639,7.523563911638639,7.39048233408512,7.496947765350342,1174,0.0,0.0
2021-11-11 00:00:00+02:00,7.505819917525586,7.559053054947363,7.363866012550202,7.488075256347656,1176,0.0,0.0
2021-11-12 00:00:00+02:00,7.381609827616117,7.488075256347656,7.381609827616117,7.488075256347656,562,0.0,0.0
2021-11-15 00:00:00+02:00,7.541308796671506,7.541308796671506,7.363866405972236,7.425971031188965,2886,0.0,0.0
2021-11-16 00:00:00+02:00,7.2840172129290295,7.31950569152832,7.186424108308997,7.31950569152832,1474,0.0,0.0
2021-11-17 00:00:00+02:00,7.452586798520606,7.452586798520606,7.372738361358643,7.372738361358643,1138,0.0,0.0
2021-11-18 00:00:00+02:00,7.257400769391266,7.328377723693848,7.257400769391266,7.328377723693848,175,0.0,0.0
2021-11-19 00:00:00+02:00,7.195295712795226,7.390482771386885,7.195295712795226,7.301761150360107,2178,0.0,0.0
2021-11-22 00:00:00+02:00,7.301761150360107,7.408227434037074,7.257401185958805,7.301761150360107,500,0.0,0.0
2021-11-23 00:00:00+02:00,7.301761150360107,7.301761150360107,7.301761150360107,7.301761150360107,0,0.0,0.0
2021-11-24 00:00:00+02:00,7.40822713088385,7.40822713088385,7.310633182525635,7.310633182525635,982,0.0,0.0
2021-11-25 00:00:00+02:00,7.301761150360107,7.301761150360107,7.301761150360107,7.301761150360107,20,0.0,0.0
2021-11-26 00:00:00+02:00,7.284016870347813,7.284016870347813,7.133190631866455,7.133190631866455,2246,0.0,0.0
2021-11-29 00:00:00+02:00,7.035596894222116,7.275144317723711,7.035596894222116,7.204167366027832,5098,0.0,0.0
2021-11-30 00:00:00+02:00,7.115446862250747,7.213039962908876,7.053341392639177,7.079957962036133,3257,0.0,0.0
2021-12-01 00:00:00+02:00,7.053341678977603,7.31950569152832,7.053341678977603,7.31950569152832,2191,0.0,0.0
2021-12-02 00:00:00+02:00,7.213040045852084,7.284017000985444,7.044469565882343,7.168679237365723,2678,0.0,0.0
2021-12-03 00:00:00+02:00,7.088829704868053,7.186423649367584,7.088829704868053,7.150935173034668,1163,0.0,0.0
2021-12-07 00:00:00+02:00,7.088829873724727,7.150935343370701,7.000108680779089,7.106574535369873,1698,0.0,0.0
2021-12-08 00:00:00+02:00,7.0977020263671875,7.0977020263671875,7.0977020263671875,7.0977020263671875,27,0.0,0.0
2021-12-09 00:00:00+02:00,7.0977024524157475,7.292889506768559,7.017853164448139,7.124318599700928,2325,0.0,0.0
2021-12-10 00:00:00+02:00,7.088830121283332,7.204167887668536,7.088830121283332,7.124318599700928,1990,0.0,0.0
2021-12-13 00:00:00+02:00,7.284017310012256,7.284017310012256,7.213040351867676,7.213040351867676,420,0.0,0.0
2021-12-14 00:00:00+02:00,7.14206326196576,7.14206326196576,7.0977024524157475,7.124318599700928,934,0.0,0.0
2021-12-15 00:00:00+02:00,7.221912384033203,7.221912384033203,7.09770228936891,7.221912384033203,1408,0.0,0.0
2021-12-16 00:00:00+02:00,7.133190766971273,7.221912384033203,7.133190766971273,7.221912384033203,477,0.0,0.0
2021-12-17 00:00:00+02:00,7.230783731896497,7.230783731896497,7.124318301105897,7.133190631866455,757,0.0,0.0
2021-12-20 00:00:00+02:00,7.150935339409343,7.150935339409343,7.079957962036133,7.079957962036133,319,0.0,0.0
2021-12-21 00:00:00+02:00,7.088829607994025,7.230783511385785,7.088829607994025,7.204167366027832,1193,0.0,0.0
2021-12-22 00:00:00+02:00,7.14206297079246,7.310633024875627,7.14206297079246,7.1864237785339355,100375,0.0,0.0
2021-12-23 00:00:00+02:00,7.142063090718724,7.186423899205086,7.097702282232363,7.168679237365723,1132,0.0,0.0
2021-12-27 00:00:00+02:00,7.1864237785339355,7.1864237785339355,7.106574493821687,7.1864237785339355,2354,0.0,0.0
2021-12-28 00:00:00+02:00,7.186423631062028,7.266272068023682,7.186423631062028,7.266272068023682,1282,0.0,0.0
2021-12-29 00:00:00+02:00,7.25740072417817,7.310633016517455,7.1154468164573705,7.133190631866455,82834,0.0,0.0
2021-12-30 00:00:00+02:00,7.133190809887158,7.142063140869141,7.071085762181365,7.142063140869141,9216,0.0,0.0
2022-01-03 00:00:00+02:00,7.142062910678537,7.4880753467032255,7.142062910678537,7.381609916687012,3418,0.0,0.0
2022-01-04 00:00:00+02:00,7.443715775419257,7.585669689544428,7.443715775419257,7.541308879852295,2199,0.0,0.0
2022-01-05 00:00:00+02:00,7.550181342406031,7.647774448537444,7.550181342406031,7.630030632019043,3275,0.0,0.0
2022-01-07 00:00:00+02:00,7.630029723806067,7.887321378537724,7.630029723806067,7.771983623504639,3543,0.0,0.0
2022-01-10 00:00:00+02:00,7.771984009934952,7.887321770702739,7.771984009934952,7.878449440002441,2074,0.0,0.0
2022-01-11 00:00:00+02:00,7.887321591998306,7.887321591998306,7.727623027459378,7.869576930999756,2063,0.0,0.0
2022-01-12 00:00:00+02:00,7.869577029444139,7.896193175162913,7.816344738006592,7.816344738006592,1448,0.0,0.0
2022-01-13 00:00:00+02:00,7.851834015815306,7.896193981170654,7.851834015815306,7.896193981170654,352,0.0,0.0
2022-01-14 00:00:00+02:00,7.665519263266053,7.807473182678223,7.6389022687921955,7.807473182678223,1134,0.0,0.0
2022-01-17 00:00:00+02:00,7.736495326304459,7.8074722777842425,7.638901383435754,7.780856132507324,1344,0.0,0.0
2022-01-18 00:00:00+02:00,7.656646251678467,7.798600158481679,7.656646251678467,7.656646251678467,1949,0.0,0.0
2022-01-19 00:00:00+02:00,7.630030376945504,7.656646523889362,7.434843325095739,7.559053421020508,4400,0.0,0.0
2022-01-20 00:00:00+02:00,7.692134647798953,7.851833214335629,7.68326231718869,7.816344738006592,698,0.0,0.0
2022-01-21 00:00:00+02:00,7.763111723728366,7.763111723728366,6.982364385979955,7.576797008514404,6514,0.0,0.0
2022-01-24 00:00:00+02:00,7.5767969713508565,7.594541632766117,6.964620113372803,6.964620113372803,6194,0.0,0.0
2022-01-25 00:00:00+02:00,6.9646203196984375,7.461459431532147,6.9646203196984375,7.363866329193115,2118,0.0,0.0
2022-01-26 00:00:00+02:00,7.425971031188965,7.470331840391798,7.425971031188965,7.425971031188965,385,0.0,0.0
2022-01-27 00:00:00+02:00,7.523564039898246,7.532436370849609,7.434843268720758,7.532436370849609,1265,0.0,0.0
2022-01-28 00:00:00+02:00,7.425970853036407,7.425970853036407,7.41709852218628,7.417098522186279,599,0.0,0.0
2022-01-31 00:00:00+02:00,7.505820452134808,7.514692783355713,7.505820452134808,7.514692783355713,394,0.0,0.0
2022-02-01 00:00:00+02:00,7.656646251678467,7.656646251678467,7.630030105680872,7.656646251678467,439,0.0,0.0
2022-02-02 00:00:00+02:00,7.541308659029418,7.612285614013672,7.541308659029418,7.612285614013672,141,0.0,0.0
2022-02-03 00:00:00+02:00,7.6122856292542656,7.6122856292542656,7.443715572357178,7.443715572357178,646,0.0,0.0
2022-02-04 00:00:00+02:00,7.390482475992478,7.452587100561676,7.363866329193115,7.363866329193115,1584,0.0,0.0
2022-02-07 00:00:00+02:00,7.319505477830028,7.452587057163938,7.310633146911222,7.443715572357178,1315,0.0,0.0
2022-02-08 00:00:00+02:00,7.3904827810217455,7.417098928919644,7.3017611598793035,7.408227443695068,1302,0.0,0.0
2022-02-09 00:00:00+02:00,7.408226372281728,7.638901030889044,7.408226372281728,7.594541072845459,2121,0.0,0.0
2022-02-10 00:00:00+02:00,7.665518977767854,7.665518977767854,7.372738818356671,7.541308879852295,2777,0.0,0.0
2022-02-11 00:00:00+02:00,7.514692176926947,7.567924467732433,7.479203701019287,7.479203701019287,189,0.0,0.0
2022-02-14 00:00:00+02:00,7.417098181380726,7.417098181380726,7.097701900460331,7.2840166091918945,2553,0.0,0.0
2022-02-15 00:00:00+02:00,7.399355112358407,7.408227443695068,7.381610449685084,7.408227443695068,1476,0.0,0.0
2022-02-16 00:00:00+02:00,7.479204120693834,7.541308745489063,7.452587127685547,7.452587127685547,196,0.0,0.0
2022-02-17 00:00:00+02:00,7.470331619062045,7.496947765350342,7.346121526196602,7.496947765350342,2430,0.0,0.0
2022-02-18 00:00:00+02:00,7.452586957461824,7.496947765350342,7.452586957461824,7.496947765350342,121,0.0,0.0
2022-02-21 00:00:00+02:00,7.496947740500197,7.496947740500197,7.124318309251057,7.1864237785339355,2583,0.0,0.0
2022-02-22 00:00:00+02:00,7.106574395074527,7.461459159851074,7.097702064427108,7.461459159851074,722,0.0,0.0
2022-02-23 00:00:00+02:00,7.275144577026367,7.363866192864458,7.275144577026367,7.275144577026367,1087,0.0,0.0
2022-02-24 00:00:00+02:00,7.026725253690662,7.0977022080825245,6.467781103270719,6.609735012054443,10618,0.0,0.0
2022-02-25 00:00:00+02:00,6.7871779033117745,7.079958055253032,6.778305572377301,6.973492622375488,1764,0.0,0.0
2022-02-28 00:00:00+02:00,6.884771168643056,7.0977020263671875,6.875898838043213,7.0977020263671875,1137,0.0,0.0
2022-03-01 00:00:00+02:00,7.789728348320414,7.789728348320414,7.213040351867676,7.213040351867676,2288,0.0,0.0
2022-03-02 00:00:00+02:00,7.2751448313183475,7.346121788024902,7.017853151729072,7.346121788024902,2855,0.0,0.0
2022-03-03 00:00:00+02:00,7.523564073608738,7.807472742540124,7.496947926747439,7.6743903160095215,17564,0.0,0.0
2022-03-04 00:00:00+02:00,7.461459161076886,7.532436114043855,6.751689208351175,7.2396559715271,7151,0.0,0.0
2022-03-07 00:00:00+02:00,7.239655931516609,7.239655931516609,6.920259644930411,7.0977020263671875,2180,0.0,0.0
2022-03-08 00:00:00+02:00,7.097702226590061,7.54130861575194,7.097702226590061,7.417098522186279,3463,0.0,0.0
2022-03-09 00:00:00+02:00,7.488075344335223,7.66551857375149,7.488075344335223,7.603413105010986,6723,0.0,0.0
2022-03-10 00:00:00+02:00,7.514692004865128,7.718750525133896,7.514692004865128,7.692134380340576,711,0.0,0.0
2022-03-11 00:00:00+02:00,7.709878927419465,7.7631120681762695,7.630030485452361,7.7631120681762695,1429,0.0,0.0
2022-03-14 00:00:00+02:00,7.842960954716104,7.931681723285746,7.825216293334961,7.825216293334961,2394,0.0,0.0
2022-03-15 00:00:00+02:00,7.8252160824702335,7.8252160824702335,7.603412897854982,7.727622985839844,2479,0.0,0.0
2022-03-16 00:00:00+02:00,7.78085685720895,7.825216821431458,7.718751384295692,7.798600673675537,3167,0.0,0.0
2022-03-17 00:00:00+02:00,7.851832903613081,7.851832903613081,7.771983623504639,7.771983623504639,1197,0.0,0.0
2022-03-18 00:00:00+02:00,7.807473099436162,7.807473099436162,7.638902187347413,7.638902187347412,194,0.0,0.0
2022-03-21 00:00:00+02:00,7.647774431117663,7.851833820343018,7.647774431117663,7.851833820343018,2887,0.0,0.0
2022-03-22 00:00:00+02:00,7.807472663121414,7.887321949005127,7.807472663121414,7.887321949005127,2513,0.0,0.0
2022-03-23 00:00:00+02:00,7.798600673675537,7.807473004964871,7.718751384295692,7.798600673675537,3729,0.0,0.0
2022-03-24 00:00:00+02:00,7.798600282856643,7.9228103763464155,7.771984136434563,7.913938045501709,2906,0.0,0.0
2022-03-25 00:00:00+02:00,7.967169477401031,8.05589108403662,7.887321046763338,8.029274940490723,3838,0.0,0.0
2022-03-28 00:00:00+03:00,8.073637259477287,8.206718848302211,7.949427156091815,8.144614219665527,5257,0.0,0.0
2022-03-29 00:00:00+03:00,8.144613909623887,8.144613909623887,7.896193712309572,8.047019958496094,4323,0.0,0.0
2022-03-30 00:00:00+03:00,8.12686960129176,8.428522106808092,8.12686960129176,8.375288963317871,9058,0.0,0.0
2022-03-31 00:00:00+03:00,8.339799200012825,8.712428608781805,8.304310725183015,8.464009284973145,11274,0.0,0.0
2022-04-01 00:00:00+03:00,8.162356836756942,8.605963195777559,8.020402937248262,8.517242431640625,12847,0.0,0.0
2022-04-04 00:00:00+03:00,8.706936679159279,8.706936679159279,8.156825302062856,8.460334777832031,4822,0.62,0.0
2022-04-05 00:00:00+03:00,8.460334081268607,8.479302969677624,8.232701993183325,8.441364288330078,1548,0.0,0.0
2022-04-06 00:00:00+03:00,8.517241605412968,8.593119872231226,8.251670837402344,8.251670837402344,4074,0.0,0.0
2022-04-07 00:00:00+03:00,8.327548290256104,8.403425653370046,8.080947312400548,8.11888599395752,3480,0.0,0.0
2022-04-08 00:00:00+03:00,8.11888624436015,8.498273071630909,8.11888624436015,8.422395706176758,3008,0.0,0.0
2022-04-11 00:00:00+03:00,8.422395674346843,8.422395674346843,7.758468276867356,7.910223007202148,5487,0.0,0.0
2022-04-12 00:00:00+03:00,7.8912529945373535,7.9481614690975535,7.417019475408674,7.8912529945373535,4855,0.0,0.0
2022-04-13 00:00:00+03:00,7.891253085718085,7.891253085718085,7.492896925047125,7.758468151092529,3963,0.0,0.0
2022-04-14 00:00:00+03:00,7.758468320948155,7.777437210083008,7.492897089088618,7.777437210083008,1087,0.0,0.0
2022-04-19 00:00:00+03:00,7.777437035820852,7.910222874907792,7.6256823080240785,7.853314399719238,2425,0.0,0.0
2022-04-20 00:00:00+03:00,7.872284280724131,7.948161645468449,7.777437122528964,7.815375804901123,1094,0.0,0.0
2022-04-21 00:00:00+03:00,7.929191852017601,8.00506921676192,7.815375804901123,7.815375804901123,1309,0.0,0.0
2022-04-22 00:00:00+03:00,7.929192363031615,8.043008417483216,7.853314993397214,8.005069732666016,499,0.0,0.0
2022-04-25 00:00:00+03:00,7.929191902686625,7.929191902686625,7.587743759155273,7.587743759155273,2807,0.0,0.0
2022-04-26 00:00:00+03:00,7.6067135957974825,7.682590961456299,7.6067135957974825,7.682590961456299,26,0.0,0.0
2022-04-27 00:00:00+03:00,7.6825909179565315,7.6825909179565315,7.587743759155273,7.587743759155273,926,0.0,0.0
2022-04-28 00:00:00+03:00,7.568774398728926,7.568774398728926,7.3032031688328365,7.492897033691406,6833,0.0,0.0
2022-04-29 00:00:00+03:00,7.379080794036008,7.5498048609259785,7.379080794036008,7.4739274978637695,405,0.0,0.0
2022-05-02 00:00:00+03:00,7.4739275850191715,7.4739275850191715,7.322172404860337,7.435988903045654,260,0.0,0.0
2022-05-03 00:00:00+03:00,7.454958264355635,7.5308356285095215,7.454958264355635,7.5308356285095215,318,0.0,0.0
2022-05-04 00:00:00+03:00,7.606713730537392,7.606713730537392,7.43598920251619,7.511866569519043,263,0.0,0.0
2022-05-05 00:00:00+03:00,7.568774505865049,7.568774505865049,7.511866481281375,7.549805164337158,1145,0.0,0.0
2022-05-06 00:00:00+03:00,7.4739274978637695,7.5308355201604265,7.322172319474592,7.4739274978637695,2429,0.0,0.0
2022-05-09 00:00:00+03:00,7.4170196873895975,7.663621124384463,7.341141869895637,7.587743759155273,2051,0.0,0.0
2022-05-10 00:00:00+03:00,7.435989185763152,7.435989185763152,7.360111818931247,7.417019844055176,603,0.0,0.0
2022-05-11 00:00:00+03:00,7.492897014278708,7.511866355488943,7.398050308227539,7.398050308227539,870,0.0,0.0
2022-05-12 00:00:00+03:00,7.398050502347199,7.454958527471128,7.398050502347199,7.417019844055176,788,0.0,0.0
2022-05-13 00:00:00+03:00,7.587743630939724,7.587743630939724,7.303203063873579,7.435988903045654,1971,0.0,0.0
2022-05-16 00:00:00+03:00,7.473927869179104,7.473927869179104,7.417019844055176,7.417019844055176,540,0.0,0.0
2022-05-17 00:00:00+03:00,7.530835607979448,7.530835607979448,7.417019562058895,7.435988903045654,346,0.0,0.0
2022-05-18 00:00:00+03:00,7.473927780355828,7.473927780355828,7.454958438873291,7.454958438873291,200,0.0,0.0
2022-05-19 00:00:00+03:00,7.549805146285974,7.549805146285974,7.454958438873291,7.454958438873291,82,0.0,0.0
2022-05-20 00:00:00+03:00,7.4928968386293215,7.587743542457083,7.417019475567112,7.4739274978637695,768,0.0,0.0
2022-05-23 00:00:00+03:00,7.473927780355828,7.587743829251047,7.454958438873291,7.454958438873291,94,0.0,0.0
2022-05-24 00:00:00+03:00,7.417019844055176,7.417019844055176,7.417019844055176,7.417019844055176,75,0.0,0.0
2022-05-25 00:00:00+03:00,7.398050113109835,7.398050113109835,7.303202957295414,7.379080772399902,1531,0.0,0.0
2022-05-27 00:00:00+03:00,7.4739276730684745,7.492897014278708,7.3032031499116,7.398050308227539,1798,0.0,0.0
2022-05-30 00:00:00+03:00,7.739498470063346,7.929191882657145,7.492897033691406,7.492897033691406,3566,0.0,0.0
2022-05-31 00:00:00+03:00,7.568774635847959,7.644652455527394,7.492897268433309,7.606713771820068,1915,0.0,0.0
2022-06-01 00:00:00+03:00,7.663621336780717,7.777437387778898,7.587743969448597,7.701560020446777,1409,0.0,0.0
2022-06-02 00:00:00+03:00,7.777436994027474,7.853314357518121,7.568774244428195,7.663620948791504,3183,0.0,0.0
2022-06-03 00:00:00+03:00,7.663621105025825,7.663621105025825,7.492897033691406,7.492897033691406,2801,0.0,0.0
2022-06-06 00:00:00+03:00,7.568774398728926,7.644652216031216,7.492897033691406,7.492897033691406,857,0.0,0.0
2022-06-07 00:00:00+03:00,7.473927539100895,7.473927539100895,7.341141700744629,7.341141700744629,1508,0.0,0.0
2022-06-08 00:00:00+03:00,7.360111731460608,7.473927780355828,7.360111731460608,7.454958438873291,720,0.0,0.0
2022-06-09 00:00:00+03:00,7.39805039628145,7.417019737717463,7.360111713409424,7.360111713409424,680,0.0,0.0
2022-06-10 00:00:00+03:00,7.341141983354623,7.341141983354623,7.32217264175415,7.32217264175415,686,0.0,0.0
2022-06-13 00:00:00+03:00,7.322172426723033,7.398050243161389,7.2083563804626465,7.2083563804626465,1463,0.0,0.0
2022-06-14 00:00:00+03:00,7.303203105926514,7.322172447022501,7.208356400446578,7.303203105926514,1313,0.0,0.0
2022-06-15 00:00:00+03:00,7.39805035264199,7.39805035264199,7.170417804487814,7.265264511108398,1675,0.0,0.0
2022-06-16 00:00:00+03:00,7.24629495360795,7.26526429436616,7.1514482498168945,7.1514482498168945,2478,0.0,0.0
2022-06-17 00:00:00+03:00,7.227325721506044,7.227325721506044,7.113509675245657,7.2083563804626465,409,0.0,0.0
2022-06-20 00:00:00+03:00,7.208356574735641,7.227325916290283,7.075571183853146,7.227325916290283,1347,0.0,0.0
2022-06-21 00:00:00+03:00,7.227325699926544,7.492896926005931,7.227325699926544,7.435988903045654,291,0.0,0.0
2022-06-22 00:00:00+03:00,7.379081054845437,7.379081054845437,7.360111713409424,7.360111713409424,732,0.0,0.0
2022-06-23 00:00:00+03:00,7.4739274978637695,7.4739274978637695,7.4739274978637695,7.4739274978637695,3,0.0,0.0
2022-06-27 00:00:00+03:00,7.360111818931247,7.49289721088708,7.303203341542537,7.417019844055176,1376,0.0,0.0
2022-06-28 00:00:00+03:00,7.398050308227539,7.398050308227539,7.398050308227539,7.398050308227539,12,0.0,0.0
2022-06-29 00:00:00+03:00,7.303202957295414,7.492896816659497,7.303202957295414,7.379080772399902,1629,0.0,0.0
2022-06-30 00:00:00+03:00,7.303203105926514,7.303203105926514,7.303203105926514,7.303203105926514,11,0.0,0.0
2022-07-01 00:00:00+03:00,7.30320297870904,7.4928968386293215,7.30320297870904,7.4739274978637695,855,0.0,0.0
2022-07-04 00:00:00+03:00,7.360111625807071,7.398050308227539,7.360111625807071,7.398050308227539,761,0.0,0.0
2022-07-05 00:00:00+03:00,7.473927692432026,7.492897033691406,7.473927692432026,7.492897033691406,562,0.0,0.0
2022-07-06 00:00:00+03:00,7.4359887945297,7.454958135239632,7.379080772399902,7.379080772399902,1181,0.0,0.0
2022-07-07 00:00:00+03:00,7.360111493879605,7.37908083474982,7.341141700744629,7.341141700744629,660,0.0,0.0
2022-07-08 00:00:00+03:00,7.341141788118487,7.341141788118487,7.303203105926514,7.303203105926514,3083,0.0,0.0
2022-07-11 00:00:00+03:00,7.303203105926514,7.303203105926514,7.284233764830526,7.303203105926514,105,0.0,0.0
2022-07-12 00:00:00+03:00,7.341142072427943,7.341142072427943,7.284234046936035,7.284234046936035,1632,0.0,0.0
2022-07-13 00:00:00+03:00,7.284234046936035,7.284234046936035,7.284234046936035,7.284234046936035,1443,0.0,0.0
2022-07-14 00:00:00+03:00,7.284234046936035,7.341142072427943,7.284234046936035,7.284234046936035,409,0.0,0.0
2022-07-15 00:00:00+03:00,7.265264423734539,7.303203105926514,7.265264423734539,7.303203105926514,539,0.0,0.0
2022-07-18 00:00:00+03:00,7.265264423734539,7.303203105926514,7.227325741542566,7.303203105926514,2415,0.0,0.0
2022-07-19 00:00:00+03:00,7.3032033721977685,7.3032033721977685,7.189387321472168,7.189387321472168,1116,0.0,0.0
2022-07-20 00:00:00+03:00,7.208356400446578,7.303203105926514,7.208356400446578,7.303203105926514,415,0.0,0.0
2022-07-21 00:00:00+03:00,7.246295126280899,7.398050308227539,7.246295126280899,7.398050308227539,739,0.0,0.0
2022-07-22 00:00:00+03:00,7.3980503460823,7.587743759155273,7.3601116634677055,7.587743759155273,295,0.0,0.0
2022-07-25 00:00:00+03:00,7.417019649437773,7.417019649437773,7.398050308227539,7.398050308227539,384,0.0,0.0
2022-07-26 00:00:00+03:00,7.682590698549603,7.682590698549603,7.360111453270455,7.4739274978637695,1565,0.0,0.0
2022-07-27 00:00:00+03:00,7.341141832332068,7.587743720329878,7.246295126280899,7.398050308227539,670,0.0,0.0
2022-07-28 00:00:00+03:00,7.398050308227539,7.511866355488943,7.398050308227539,7.398050308227539,583,0.0,0.0
2022-07-29 00:00:00+03:00,7.284233827573456,7.549805057469546,7.284233827573456,7.492897033691406,1316,0.0,0.0
2022-08-01 00:00:00+03:00,7.4928968386293215,7.682590698549603,7.39805013480156,7.4739274978637695,1559,0.0,0.0
2022-08-02 00:00:00+03:00,7.398050519014762,7.511866569519043,7.398050519014762,7.511866569519043,841,0.0,0.0
2022-08-03 00:00:00+03:00,7.435988990648006,7.492897014278708,7.398050308227539,7.398050308227539,1128,0.0,0.0
2022-08-04 00:00:00+03:00,7.492896926005931,7.492896926005931,7.322172404860337,7.435988903045654,382,0.0,0.0
2022-08-05 00:00:00+03:00,7.492897103461514,7.492897103461514,7.360111713409424,7.360111713409424,253,0.0,0.0
2022-08-08 00:00:00+03:00,7.3980501756200345,7.3980501756200345,7.341141700744629,7.341141700744629,2541,0.0,0.0
2022-08-09 00:00:00+03:00,7.398050308227539,7.587743720329878,7.398050308227539,7.398050308227539,2052,0.0,0.0
2022-08-10 00:00:00+03:00,7.417019844055176,7.417019844055176,7.417019844055176,7.417019844055176,99,0.0,0.0
2022-08-11 00:00:00+03:00,7.568774223327637,7.682590720511065,7.549804882507859,7.568774223327637,1493,0.0,0.0
2022-08-12 00:00:00+03:00,7.7015600288235975,7.720529822942045,7.606713771820068,7.606713771820068,2203,0.0,0.0
2022-08-15 00:00:00+03:00,7.777437210083008,7.777437210083008,7.777437210083008,7.777437210083008,796,0.0,0.0
2022-08-16 00:00:00+03:00,7.777437210083008,7.777437210083008,7.701559844484504,7.777437210083008,287,0.0,0.0
2022-08-17 00:00:00+03:00,7.6446522725504,7.777437210083008,7.6446522725504,7.777437210083008,2202,0.0,0.0
2022-08-18 00:00:00+03:00,7.777437216265045,7.777437216265045,7.682590961456299,7.682590961456299,1673,0.0,0.0
2022-08-19 00:00:00+03:00,7.663620993906108,7.777437039812097,7.568774288984451,7.758468151092529,7360,0.0,0.0
2022-08-22 00:00:00+03:00,7.777437082684576,7.777437082684576,7.625682353973389,7.625682353973389,2091,0.0,0.0
2022-08-23 00:00:00+03:00,7.284233833290134,7.303203174564401,7.056601737998929,7.170417785644531,10960,0.0,0.0
2022-08-24 00:00:00+03:00,7.26526467169902,7.26526467169902,7.094540596008301,7.094540596008301,2416,0.0,0.0
2022-08-25 00:00:00+03:00,7.113509654998779,7.113509654998779,7.113509654998779,7.113509654998779,19,0.0,0.0
2022-08-26 00:00:00+03:00,7.113509831199647,7.113509831199647,7.037632465362549,7.037632465362549,1117,0.0,0.0
2022-08-29 00:00:00+03:00,7.018662838906102,7.018662838906102,6.620306232172076,6.734122276306152,2699,0.0,0.0
2022-08-30 00:00:00+03:00,6.772061347961426,6.923816534484012,6.658245297268073,6.772061347961426,4099,0.0,0.0
2022-08-31 00:00:00+03:00,6.809999835845252,6.809999835845252,6.658245105948016,6.753091812133789,973,0.0,0.0
2022-09-01 00:00:00+03:00,6.696183788422325,6.753091812133789,6.696183788422325,6.753091812133789,26,0.0,0.0
2022-09-02 00:00:00+03:00,6.753091616995166,6.753091616995166,6.506490188037998,6.734122276306152,2586,0.0,0.0
2022-09-05 00:00:00+03:00,6.7341223421455,6.7341223421455,6.60133695602417,6.60133695602417,302,0.0,0.0
2022-09-06 00:00:00+03:00,6.60133695602417,6.60133695602417,6.60133695602417,6.60133695602417,0,0.0,0.0
2022-09-07 00:00:00+03:00,6.620306210216183,6.639275550842285,6.601336869590082,6.639275550842285,2275,0.0,0.0
2022-09-08 00:00:00+03:00,6.639275550842285,6.639275550842285,6.639275550842285,6.639275550842285,36,0.0,0.0
2022-09-09 00:00:00+03:00,6.601336869590082,6.639275550842285,6.601336869590082,6.639275550842285,869,0.0,0.0
2022-09-12 00:00:00+03:00,6.639275995723612,6.639275995723612,6.449582576751709,6.449582576751709,278,0.0,0.0
2022-09-13 00:00:00+03:00,6.487521101820246,6.620306491851807,6.468551760387165,6.620306491851807,1358,0.0,0.0
2022-09-14 00:00:00+03:00,6.430613234854518,6.449582576751709,6.392674098795352,6.449582576751709,2284,0.0,0.0
2022-09-15 00:00:00+03:00,6.44958253559619,6.44958253559619,6.354735374450684,6.354735374450684,2334,0.0,0.0
2022-09-16 00:00:00+03:00,6.3737043246274245,6.3737043246274245,6.31679630279541,6.31679630279541,1020,0.0,0.0
2022-09-19 00:00:00+03:00,6.335765818838772,6.335765818838772,6.165041748615506,6.24091911315918,2147,0.0,0.0
2022-09-20 00:00:00+03:00,6.221950054168701,6.221950054168701,6.165042028180349,6.221950054168701,54,0.0,0.0
2022-09-21 00:00:00+03:00,6.221949948545234,6.221949948545234,6.165041923522949,6.165041923522949,1205,0.0,0.0
2022-09-22 00:00:00+03:00,6.165041816915413,6.165041816915413,6.108133792877197,6.108133792877197,571,0.0,0.0
2022-09-23 00:00:00+03:00,6.108133664342754,6.108133664342754,5.956378936767578,5.956378936767578,795,0.0,0.0
2022-09-26 00:00:00+03:00,5.956379049933389,5.956379049933389,5.633899795444563,5.690807819366455,2474,0.0,0.0
2022-09-27 00:00:00+03:00,5.785654525902942,5.804623867210239,5.690807819366455,5.690807819366455,1937,0.0,0.0
2022-09-28 00:00:00+03:00,5.614930435145725,5.652869117631998,5.558022411416315,5.595961093902588,2688,0.0,0.0
2022-09-29 00:00:00+03:00,5.595960898656236,5.595960898656236,5.5011141957498095,5.576991558074951,2787,0.0,0.0
2022-09-30 00:00:00+03:00,5.4442057609558105,5.520083576092254,5.4442057609558105,5.4442057609558105,2126,0.0,0.0
2022-10-03 00:00:00+03:00,5.520083513617548,5.520083513617548,5.444205699339868,5.482144832611084,863,0.0,0.0
2022-10-04 00:00:00+03:00,5.520083728930041,5.595961093902588,5.520083728930041,5.595961093902588,1959,0.0,0.0
2022-10-05 00:00:00+03:00,5.595961027068505,5.785654437234313,5.595961027068505,5.72874641418457,2208,0.0,0.0
2022-10-06 00:00:00+03:00,5.72874650198105,5.72874650198105,5.690807819366455,5.690807819366455,102,0.0,0.0
2022-10-07 00:00:00+03:00,5.690808013240548,5.747716039101179,5.671838671287004,5.709777355194092,1181,0.0,0.0
2022-10-10 00:00:00+03:00,5.709777160673752,5.709777160673752,5.690807819366455,5.690807819366455,401,0.0,0.0
2022-10-11 00:00:00+03:00,5.709777141361409,5.709777141361409,5.595961093902588,5.595961093902588,1691,0.0,0.0
2022-10-12 00:00:00+03:00,5.633899776388862,5.652869117631998,5.595961093902588,5.595961093902588,323,0.0,0.0
2022-10-13 00:00:00+03:00,5.539053139543428,5.539053139543428,5.4631757736206055,5.4631757736206055,1106,0.0,0.0
2022-10-14 00:00:00+03:00,5.520083576092254,5.539052916810176,5.4442057609558105,5.4442057609558105,1082,0.0,0.0
2022-10-17 00:00:00+03:00,5.539052876912381,5.576991558074951,5.463175514587239,5.576991558074951,1334,0.0,0.0
2022-10-18 00:00:00+03:00,5.576991752659452,5.690807800118272,5.576991752659452,5.595961093902588,3233,0.0,0.0
2022-10-19 00:00:00+03:00,5.633899579818808,5.633899579818808,5.576991558074951,5.576991558074951,731,0.0,0.0
2022-10-20 00:00:00+03:00,5.501114281502865,5.539052963256836,5.501114281502865,5.539052963256836,543,0.0,0.0
2022-10-21 00:00:00+03:00,5.539052963256836,5.539052963256836,5.463175599748895,5.539052963256836,1615,0.0,0.0
2022-10-24 00:00:00+03:00,5.539053246112024,5.539053246112024,5.520083904266357,5.520083904266357,602,0.0,0.0
2022-10-25 00:00:00+03:00,5.539053246112024,5.539053246112024,5.520083904266357,5.520083904266357,302,0.0,0.0
2022-10-26 00:00:00+03:00,5.539053246112024,5.539053246112024,5.520083904266357,5.520083904266357,110,0.0,0.0
2022-10-27 00:00:00+03:00,5.501114491733011,5.65286922454834,5.501114491733011,5.65286922454834,2144,0.0,0.0
2022-10-28 00:00:00+03:00,5.652869313531257,5.652869313531257,5.5959612878297085,5.614930629730225,798,0.0,0.0
2022-10-31 00:00:00+02:00,5.671838566150256,5.690807907752172,5.65286922454834,5.65286922454834,491,0.0,0.0
2022-11-01 00:00:00+02:00,5.747715862091614,5.804623886199677,5.747715862091614,5.785654544830322,242,0.0,0.0
2022-11-02 00:00:00+02:00,5.899470654068176,6.070195180423042,5.842562629371479,5.975348472595215,1171,0.0,0.0
2022-11-03 00:00:00+02:00,5.8805012702941895,5.8805012702941895,5.804623904576552,5.8805012702941895,1661,0.0,0.0
2022-11-04 00:00:00+02:00,5.975348472595215,5.975348472595215,5.975348472595215,5.975348472595215,2,0.0,0.0
2022-11-07 00:00:00+02:00,5.880501075266842,5.899470416067132,5.804623712065685,5.861531734466553,2042,0.0,0.0
2022-11-08 00:00:00+02:00,5.89947037596423,5.994317531585693,5.785654331936183,5.994317531585693,1228,0.0,0.0
2022-11-09 00:00:00+02:00,6.0701950912742575,6.0701950912742575,6.01328706741333,6.01328706741333,15,0.0,0.0
2022-11-10 00:00:00+02:00,6.07019493767162,6.184010982513428,6.07019493767162,6.184010982513428,1859,0.0,0.0
2022-11-11 00:00:00+02:00,6.18401129846538,6.354735374450684,6.18401129846538,6.354735374450684,714,0.0,0.0
2022-11-14 00:00:00+02:00,6.297827116294161,6.297827116294161,6.1460723876953125,6.1460723876953125,1651,0.0,0.0
2022-11-15 00:00:00+02:00,6.2409192902193285,6.2409192902193285,6.165041923522949,6.165041923522949,1208,0.0,0.0
2022-11-16 00:00:00+02:00,6.240919396164818,6.240919396164818,6.221950054168701,6.221950054168701,236,0.0,0.0
2022-11-17 00:00:00+02:00,6.259888665569959,6.354735374450684,6.240919323793815,6.354735374450684,935,0.0,0.0
2022-11-18 00:00:00+02:00,6.41164352649538,6.506490230560303,6.41164352649538,6.506490230560303,444,0.0,0.0
2022-11-21 00:00:00+02:00,6.449582382249197,6.449582382249197,6.430613040924072,6.430613040924072,850,0.0,0.0
2022-11-22 00:00:00+02:00,6.430613040924072,6.430613040924072,6.430613040924072,6.430613040924072,0,0.0,0.0
2022-11-23 00:00:00+02:00,6.354735223358802,6.563398430199945,6.354735223358802,6.430613040924072,2879,0.0,0.0
2022-11-24 00:00:00+02:00,6.430613104559253,6.430613104559253,6.2409192371660875,6.392673969268799,1226,0.0,0.0
2022-11-25 00:00:00+02:00,6.31679630279541,6.31679630279541,6.31679630279541,6.31679630279541,40,0.0,0.0
2022-11-28 00:00:00+02:00,6.354735374450684,6.373704716226828,6.316796690898394,6.354735374450684,778,0.0,0.0
2022-11-29 00:00:00+02:00,6.392673819207211,6.4685516357421875,6.335765796004553,6.4685516357421875,1137,0.0,0.0
2022-11-30 00:00:00+02:00,6.354735223358802,6.430613040924072,6.354735223358802,6.430613040924072,340,0.0,0.0
2022-12-01 00:00:00+02:00,6.354735327845862,6.487521171569824,6.31679664457181,6.487521171569824,949,0.0,0.0
2022-12-02 00:00:00+02:00,6.373704669482889,6.487521171569824,6.297827302934785,6.487521171569824,514,0.0,0.0
2022-12-05 00:00:00+02:00,6.41164361253953,6.4685516357421875,6.127103044261474,6.4685516357421875,2671,0.0,0.0
2022-12-07 00:00:00+02:00,6.563398467552567,6.715153199017207,6.563398467552567,6.620306491851807,995,0.0,0.0
2022-12-08 00:00:00+02:00,6.658245086669922,6.658245086669922,6.658245086669922,6.658245086669922,50,0.0,0.0
2022-12-09 00:00:00+02:00,6.715153217315674,6.715153217315674,6.715153217315674,6.715153217315674,200,0.0,0.0
2022-12-12 00:00:00+02:00,6.60133695602417,6.60133695602417,6.60133695602417,6.60133695602417,75,0.0,0.0
2022-12-13 00:00:00+02:00,6.601337311929232,6.639275995723612,6.392674098795352,6.449582576751709,3291,0.0,0.0
2022-12-14 00:00:00+02:00,6.506490443253326,6.620306491851807,6.506490443253326,6.620306491851807,302,0.0,0.0
2022-12-15 00:00:00+02:00,6.582367615149694,6.753091683019975,6.582367615149694,6.60133695602417,1766,0.0,0.0
2022-12-16 00:00:00+02:00,6.563398361206055,6.563398361206055,6.563398361206055,6.563398361206055,50,0.0,0.0
2022-12-19 00:00:00+02:00,6.620306580407333,6.620306580407333,6.4875211885995885,6.582367897033691,673,0.0,0.0
2022-12-20 00:00:00+02:00,6.6203062968986455,6.6203062968986455,6.60133695602417,6.60133695602417,125,0.0,0.0
2022-12-21 00:00:00+02:00,6.715153199017207,6.715153199017207,6.620306491851807,6.620306491851807,32,0.0,0.0
2022-12-22 00:00:00+02:00,6.620306653826422,6.620306653826422,6.411643892957328,6.449582576751709,1285,0.0,0.0
2022-12-23 00:00:00+02:00,6.468551723574322,6.601337112850195,6.373704564683926,6.430613040924072,3296,0.0,0.0
2022-12-27 00:00:00+02:00,6.430613086282177,6.430613086282177,6.202980536510311,6.297827243804932,660,0.0,0.0
2022-12-28 00:00:00+02:00,6.297827315241613,6.297827315241613,6.08916455682657,6.165041923522949,3419,0.0,0.0
2022-12-29 00:00:00+02:00,6.089164451531126,6.259888523645772,6.089164451531126,6.108133792877197,2857,0.0,0.0
2022-12-30 00:00:00+02:00,6.127103005289651,6.165041687183445,5.956378936767578,5.956378936767578,2650,0.0,0.0
2023-01-02 00:00:00+02:00,6.051225575569139,6.0891642570495605,6.051225575569139,6.0891642570495605,5516,0.0,0.0
2023-01-03 00:00:00+02:00,6.24091911315918,6.335765818838772,6.0891643840718315,6.24091911315918,2585,0.0,0.0
2023-01-04 00:00:00+02:00,6.259888738160935,6.278858080157052,6.165042028180349,6.221950054168701,871,0.0,0.0
2023-01-05 00:00:00+02:00,6.240919396164818,6.240919396164818,6.221950054168701,6.221950054168701,250,0.0,0.0
2023-01-09 00:00:00+02:00,6.221949664127363,6.221949664127363,6.16504164170646,6.184010982513428,1796,0.0,0.0
2023-01-10 00:00:00+02:00,6.278857902346008,6.449582427741101,6.259888560887084,6.297827243804932,4809,0.0,0.0
2023-01-11 00:00:00+02:00,6.29782742215317,6.29782742215317,6.221950054168701,6.221950054168701,590,0.0,0.0
2023-01-12 00:00:00+02:00,6.259888280963396,6.31679630279541,6.259888280963396,6.31679630279541,1391,0.0,0.0
2023-01-13 00:00:00+02:00,6.335766032674538,6.354735374450684,6.335766032674538,6.354735374450684,1009,0.0,0.0
2023-01-16 00:00:00+02:00,6.3737045210133525,6.3737045210133525,6.335765838623047,6.335765838623047,1416,0.0,0.0
2023-01-17 00:00:00+02:00,6.430612953607082,6.4685516357421875,6.3547351370721055,6.4685516357421875,2200,0.0,0.0
2023-01-18 00:00:00+02:00,6.5254597663879395,6.5254597663879395,6.5254597663879395,6.5254597663879395,200,0.0,0.0
2023-01-19 00:00:00+02:00,6.5254597663879395,6.5254597663879395,6.354735241704184,6.5254597663879395,1253,0.0,0.0
2023-01-20 00:00:00+02:00,6.525459960272073,6.544429302215576,6.468551934441564,6.544429302215576,485,0.0,0.0
2023-01-23 00:00:00+02:00,6.582367615149694,6.60133695602417,6.582367615149694,6.60133695602417,802,0.0,0.0
2023-01-24 00:00:00+02:00,6.6392759220941535,6.677214605467795,6.582367897033691,6.582367897033691,983,0.0,0.0
2023-01-25 00:00:00+02:00,6.620306423473707,6.753091812133789,6.544429058525089,6.753091812133789,1993,0.0,0.0
2023-01-26 00:00:00+02:00,6.753091769172818,6.88587760925293,6.753091769172818,6.88587760925293,1344,0.0,0.0
2023-01-27 00:00:00+02:00,7.075570952336778,7.246295020742377,7.018662929534912,7.018662929534912,1708,0.0,0.0
2023-01-30 00:00:00+02:00,7.037632536640352,7.037632536640352,6.904847145080566,6.904847145080566,275,0.0,0.0
2023-01-31 00:00:00+02:00,6.904847209345979,6.942785893001882,6.866908073425293,6.866908073425293,603,0.0,0.0
2023-02-01 00:00:00+02:00,6.866908073425293,6.866908073425293,6.866908073425293,6.866908073425293,0,0.0,0.0
2023-02-02 00:00:00+02:00,6.999693588600957,7.094540293270734,6.999693588600957,7.018662929534912,1011,0.0,0.0
2023-02-03 00:00:00+02:00,7.018663194988954,7.018663194988954,6.904847145080566,6.904847145080566,622,0.0,0.0
2023-02-06 00:00:00+02:00,6.999693853337556,7.075571219943148,6.904847145080566,6.904847145080566,1265,0.0,0.0
2023-02-07 00:00:00+02:00,6.980724511686158,6.999693853337556,6.904847145080566,6.904847145080566,219,0.0,0.0
2023-02-08 00:00:00+02:00,6.847938342520195,6.847938342520195,6.8289690017700195,6.8289690017700195,3,0.0,0.0
2023-02-09 00:00:00+02:00,6.734122298019139,6.8289690017700195,6.734122298019139,6.8289690017700195,303,0.0,0.0
2023-02-10 00:00:00+02:00,6.885877803429168,6.904847145080566,6.885877803429168,6.904847145080566,116,0.0,0.0
2023-02-13 00:00:00+02:00,6.923816330396018,7.075571060180664,6.923816330396018,7.075571060180664,864,0.0,0.0
2023-02-14 00:00:00+02:00,7.018663176146586,7.32217264175415,7.018663176146586,7.32217264175415,1209,0.0,0.0
2023-02-15 00:00:00+02:00,7.3221726240634935,7.379081100992197,7.227325916290283,7.227325916290283,1323,0.0,0.0
2023-02-16 00:00:00+02:00,6.525459819754221,6.885877761184403,5.766685253823813,6.809999942779541,8830,0.0,0.0
2023-02-17 00:00:00+02:00,6.809999616477204,6.809999616477204,6.563398188337877,6.639275550842285,1120,0.0,0.0
2023-02-20 00:00:00+02:00,6.563398294948463,6.734122363356487,6.563398294948463,6.696183681488037,1164,0.0,0.0
2023-02-21 00:00:00+02:00,6.71515293561714,6.734122276306152,6.71515293561714,6.734122276306152,451,0.0,0.0
2023-02-22 00:00:00+02:00,6.734122276306152,6.734122276306152,6.544428869416024,6.734122276306152,1315,0.0,0.0
2023-02-23 00:00:00+02:00,6.7530917042907115,6.7530917042907115,6.696183681488037,6.696183681488037,75,0.0,0.0
2023-02-24 00:00:00+02:00,6.753092006179201,6.772061347961426,6.753092006179201,6.772061347961426,582,0.0,0.0
2023-02-27 00:00:00+02:00,6.772060957684178,6.772060957684178,6.71515293561714,6.734122276306152,83,0.0,0.0
2023-02-28 00:00:00+02:00,6.734122664396975,6.772061347961426,6.71515332261475,6.772061347961426,259,0.0,0.0
2023-03-01 00:00:00+02:00,6.696183681488037,6.696183681488037,6.696183681488037,6.696183681488037,813,0.0,0.0
2023-03-02 00:00:00+02:00,6.639276011933092,6.639276011933092,6.544429302215576,6.544429302215576,592,0.0,0.0
2023-03-03 00:00:00+02:00,6.620306483670082,7.018663105537229,6.620306483670082,6.942785739898682,6594,0.0,0.0
2023-03-06 00:00:00+02:00,6.9427856251027595,7.303203105926514,6.9427856251027595,7.303203105926514,6027,0.0,0.0
2023-03-07 00:00:00+02:00,7.189387321472168,7.208356663259768,7.189387321472168,7.189387321472168,3028,0.0,0.0
2023-03-08 00:00:00+02:00,7.208356249952633,7.208356249952633,7.056601524353027,7.056601524353027,2888,0.0,0.0
2023-03-09 00:00:00+02:00,7.018662842953125,7.170417568552732,6.999693502253175,7.056601524353027,987,0.0,0.0
2023-03-10 00:00:00+02:00,7.018662929534912,7.018662929534912,7.018662929534912,7.018662929534912,249,0.0,0.0
2023-03-13 00:00:00+02:00,7.075571040569314,7.075571040569314,6.753091788405987,6.980724334716797,786,0.0,0.0
2023-03-14 00:00:00+02:00,7.018662864509419,7.1514482498168945,6.847938345420761,7.1514482498168945,3201,0.0,0.0
2023-03-15 00:00:00+02:00,7.037632493464574,7.094540518069638,6.809999942779541,6.809999942779541,4066,0.0,0.0
2023-03-16 00:00:00+02:00,7.179999828338623,7.179999828338623,6.679999828338623,6.800000190734863,2768,0.37,0.0
2023-03-17 00:00:00+02:00,6.880000114440918,6.940000057220459,6.880000114440918,6.940000057220459,161,0.0,0.0
2023-03-20 00:00:00+02:00,6.880000114440918,6.900000095367432,6.820000171661377,6.900000095367432,692,0.0,0.0
2023-03-21 00:00:00+02:00,6.920000076293945,6.940000057220459,6.699999809265137,6.699999809265137,2282,0.0,0.0
2023-03-22 00:00:00+02:00,6.699999809265137,6.71999979019165,6.699999809265137,6.699999809265137,1076,0.0,0.0
2023-03-23 00:00:00+02:00,6.599999904632568,6.599999904632568,6.599999904632568,6.599999904632568,80,0.0,0.0
2023-03-24 00:00:00+02:00,6.599999904632568,6.599999904632568,6.480000019073486,6.5,2084,0.0,0.0
2023-03-27 00:00:00+03:00,6.539999961853027,6.539999961853027,6.380000114440918,6.380000114440918,528,0.0,0.0
2023-03-28 00:00:00+03:00,6.480000019073486,6.480000019073486,6.480000019073486,6.480000019073486,55,0.0,0.0
2023-03-29 00:00:00+03:00,6.5,6.599999904632568,6.300000190734863,6.360000133514404,594,0.0,0.0
2023-03-30 00:00:00+03:00,6.460000038146973,6.5,6.460000038146973,6.5,149,0.0,0.0
2023-03-31 00:00:00+03:00,6.519999980926514,6.519999980926514,6.519999980926514,6.519999980926514,39,0.0,0.0
2023-04-03 00:00:00+03:00,6.559999942779541,7.0,6.559999942779541,6.840000152587891,2057,0.0,0.0
2023-04-04 00:00:00+03:00,6.840000152587891,6.920000076293945,6.699999809265137,6.900000095367432,201,0.0,0.0
2023-04-05 00:00:00+03:00,6.900000095367432,6.900000095367432,6.559999942779541,6.639999866485596,748,0.0,0.0
2023-04-06 00:00:00+03:00,6.71999979019165,6.71999979019165,6.71999979019165,6.71999979019165,20,0.0,0.0
2023-04-11 00:00:00+03:00,6.71999979019165,6.71999979019165,6.579999923706055,6.579999923706055,110,0.0,0.0
2023-04-12 00:00:00+03:00,6.619999885559082,6.699999809265137,6.5,6.5,849,0.0,0.0
2023-04-13 00:00:00+03:00,6.599999904632568,6.860000133514404,6.5,6.760000228881836,3540,0.0,0.0
2023-04-14 00:00:00+03:00,6.760000228881836,6.800000190734863,6.579999923706055,6.659999847412109,1408,0.0,0.0
2023-04-17 00:00:00+03:00,6.579999923706055,6.760000228881836,6.579999923706055,6.760000228881836,608,0.0,0.0
2023-04-18 00:00:00+03:00,6.760000228881836,6.78000020980835,6.760000228881836,6.760000228881836,445,0.0,0.0
2023-04-19 00:00:00+03:00,6.78000020980835,6.78000020980835,6.699999809265137,6.699999809265137,435,0.0,0.0
2023-04-20 00:00:00+03:00,6.599999904632568,6.659999847412109,6.599999904632568,6.659999847412109,1722,0.0,0.0
2023-04-21 00:00:00+03:00,6.659999847412109,6.659999847412109,6.239999771118164,6.320000171661377,2107,0.0,0.0
2023-04-24 00:00:00+03:00,6.420000076293945,6.460000038146973,6.21999979019165,6.380000114440918,1342,0.0,0.0
2023-04-25 00:00:00+03:00,6.380000114440918,6.480000019073486,6.380000114440918,6.480000019073486,464,0.0,0.0
2023-04-26 00:00:00+03:00,6.480000019073486,6.480000019073486,6.480000019073486,6.480000019073486,663,0.0,0.0
2023-04-27 00:00:00+03:00,6.380000114440918,6.579999923706055,6.380000114440918,6.579999923706055,11,0.0,0.0
2023-04-28 00:00:00+03:00,6.579999923706055,6.800000190734863,6.480000019073486,6.480000019073486,1607,0.0,0.0
2023-05-02 00:00:00+03:00,6.480000019073486,6.480000019073486,6.400000095367432,6.440000057220459,1570,0.0,0.0
2023-05-03 00:00:00+03:00,6.480000019073486,6.5,6.480000019073486,6.5,154,0.0,0.0
2023-05-04 00:00:00+03:00,6.5,6.519999980926514,6.380000114440918,6.400000095367432,1940,0.0,0.0
2023-05-05 00:00:00+03:00,6.380000114440918,6.519999980926514,6.380000114440918,6.480000019073486,1856,0.0,0.0
2023-05-08 00:00:00+03:00,6.480000019073486,6.5,6.360000133514404,6.5,1502,0.0,0.0
2023-05-09 00:00:00+03:00,6.5,6.539999961853027,6.5,6.539999961853027,827,0.0,0.0
2023-05-10 00:00:00+03:00,6.619999885559082,6.679999828338623,6.619999885559082,6.659999847412109,1096,0.0,0.0
2023-05-11 00:00:00+03:00,6.659999847412109,6.760000228881836,6.659999847412109,6.71999979019165,1109,0.0,0.0
2023-05-12 00:00:00+03:00,6.71999979019165,7.0,6.71999979019165,6.940000057220459,2177,0.0,0.0
2023-05-15 00:00:00+03:00,6.940000057220459,7.079999923706055,6.880000114440918,7.079999923706055,2130,0.0,0.0
2023-05-16 00:00:00+03:00,7.0,7.059999942779541,6.840000152587891,6.880000114440918,833,0.0,0.0
2023-05-17 00:00:00+03:00,6.840000152587891,6.840000152587891,6.739999771118164,6.739999771118164,225,0.0,0.0
2023-05-19 00:00:00+03:00,6.800000190734863,6.860000133514404,6.800000190734863,6.800000190734863,615,0.0,0.0
2023-05-22 00:00:00+03:00,6.880000114440918,7.099999904632568,6.880000114440918,6.960000038146973,1363,0.0,0.0
2023-05-23 00:00:00+03:00,7.059999942779541,7.119999885559082,6.960000038146973,6.960000038146973,1519,0.0,0.0
2023-05-24 00:00:00+03:00,6.960000038146973,6.960000038146973,6.900000095367432,6.940000057220459,405,0.0,0.0
2023-05-25 00:00:00+03:00,6.900000095367432,6.900000095367432,6.820000171661377,6.820000171661377,630,0.0,0.0
2023-05-26 00:00:00+03:00,6.880000114440918,6.880000114440918,6.599999904632568,6.599999904632568,1274,0.0,0.0
2023-05-29 00:00:00+03:00,6.599999904632568,6.699999809265137,6.480000019073486,6.699999809265137,734,0.0,0.0
2023-05-30 00:00:00+03:00,6.599999904632568,6.760000228881836,6.599999904632568,6.739999771118164,2131,0.0,0.0
2023-05-31 00:00:00+03:00,6.800000190734863,6.800000190734863,6.460000038146973,6.539999961853027,11532,0.0,0.0
2023-06-01 00:00:00+03:00,6.539999961853027,6.559999942779541,6.480000019073486,6.539999961853027,2311,0.0,0.0
2023-06-02 00:00:00+03:00,6.539999961853027,6.539999961853027,6.5,6.539999961853027,392,0.0,0.0
2023-06-05 00:00:00+03:00,6.420000076293945,6.440000057220459,6.340000152587891,6.440000057220459,741,0.0,0.0
2023-06-06 00:00:00+03:00,6.440000057220459,6.440000057220459,6.380000114440918,6.400000095367432,427,0.0,0.0
2023-06-07 00:00:00+03:00,6.460000038146973,6.460000038146973,6.400000095367432,6.420000076293945,313,0.0,0.0
2023-06-08 00:00:00+03:00,6.440000057220459,6.440000057220459,6.340000152587891,6.420000076293945,203,0.0,0.0
2023-06-09 00:00:00+03:00,6.380000114440918,6.380000114440918,6.380000114440918,6.380000114440918,11,0.0,0.0
2023-06-12 00:00:00+03:00,6.380000114440918,6.420000076293945,6.380000114440918,6.420000076293945,130,0.0,0.0
2023-06-13 00:00:00+03:00,6.380000114440918,6.380000114440918,6.380000114440918,6.380000114440918,36,0.0,0.0
2023-06-14 00:00:00+03:00,6.360000133514404,6.420000076293945,6.360000133514404,6.380000114440918,882,0.0,0.0
2023-06-15 00:00:00+03:00,6.380000114440918,6.380000114440918,6.380000114440918,6.380000114440918,75,0.0,0.0
2023-06-16 00:00:00+03:00,6.199999809265137,6.420000076293945,6.199999809265137,6.400000095367432,3227,0.0,0.0
2023-06-19 00:00:00+03:00,6.519999980926514,6.519999980926514,6.400000095367432,6.400000095367432,1140,0.0,0.0
2023-06-20 00:00:00+03:00,7.380000114440918,7.380000114440918,6.900000095367432,6.900000095367432,1021,0.0,0.0
2023-06-21 00:00:00+03:00,7.0,7.0,7.0,7.0,6,0.0,0.0
2023-06-22 00:00:00+03:00,6.900000095367432,6.900000095367432,6.679999828338623,6.820000171661377,1273,0.0,0.0
2023-06-26 00:00:00+03:00,6.820000171661377,6.820000171661377,6.679999828338623,6.679999828338623,288,0.0,0.0
2023-06-27 00:00:00+03:00,6.679999828338623,6.679999828338623,6.679999828338623,6.679999828338623,73,0.0,0.0
2023-06-28 00:00:00+03:00,6.659999847412109,6.659999847412109,6.659999847412109,6.659999847412109,5,0.0,0.0
2023-06-29 00:00:00+03:00,6.659999847412109,6.659999847412109,6.659999847412109,6.659999847412109,2,0.0,0.0
2023-06-30 00:00:00+03:00,6.460000038146973,6.460000038146973,6.420000076293945,6.420000076293945,1243,0.0,0.0
2023-07-03 00:00:00+03:00,6.679999828338623,6.679999828338623,6.21999979019165,6.21999979019165,2622,0.0,0.0
2023-07-04 00:00:00+03:00,6.440000057220459,6.440000057220459,6.179999828338623,6.179999828338623,1032,0.0,0.0
2023-07-05 00:00:00+03:00,6.239999771118164,6.239999771118164,6.019999980926514,6.019999980926514,906,0.0,0.0
2023-07-06 00:00:00+03:00,6.059999942779541,6.059999942779541,6.059999942779541,6.059999942779541,98,0.0,0.0
2023-07-07 00:00:00+03:00,6.320000171661377,6.340000152587891,6.320000171661377,6.340000152587891,421,0.0,0.0
2023-07-10 00:00:00+03:00,6.340000152587891,6.340000152587891,6.159999847412109,6.159999847412109,117,0.0,0.0
2023-07-11 00:00:00+03:00,6.159999847412109,6.840000152587891,6.159999847412109,6.840000152587891,2126,0.0,0.0
2023-07-12 00:00:00+03:00,6.519999980926514,6.519999980926514,6.5,6.5,960,0.0,0.0
2023-07-13 00:00:00+03:00,6.380000114440918,6.480000019073486,6.380000114440918,6.480000019073486,620,0.0,0.0
2023-07-14 00:00:00+03:00,6.480000019073486,6.659999847412109,6.440000057220459,6.440000057220459,518,0.0,0.0
2023-07-17 00:00:00+03:00,6.420000076293945,6.420000076293945,6.420000076293945,6.420000076293945,54,0.0,0.0
2023-07-18 00:00:00+03:00,6.320000171661377,6.440000057220459,6.199999809265137,6.21999979019165,795,0.0,0.0
2023-07-19 00:00:00+03:00,6.159999847412109,6.360000133514404,6.059999942779541,6.099999904632568,3293,0.0,0.0
2023-07-20 00:00:00+03:00,6.099999904632568,6.380000114440918,6.0,6.099999904632568,8056,0.0,0.0
2023-07-21 00:00:00+03:00,6.159999847412109,6.340000152587891,6.099999904632568,6.099999904632568,1204,0.0,0.0
2023-07-24 00:00:00+03:00,6.099999904632568,6.099999904632568,5.820000171661377,5.880000114440918,3012,0.0,0.0
2023-07-25 00:00:00+03:00,6.0,6.159999847412109,5.940000057220459,6.119999885559082,6488,0.0,0.0
2023-07-26 00:00:00+03:00,6.119999885559082,6.239999771118164,5.900000095367432,6.0,2143,0.0,0.0
2023-07-27 00:00:00+03:00,6.199999809265137,6.320000171661377,6.059999942779541,6.059999942779541,2466,0.0,0.0
2023-07-28 00:00:00+03:00,6.239999771118164,6.300000190734863,5.960000038146973,6.079999923706055,1038,0.0,0.0
2023-07-31 00:00:00+03:00,6.099999904632568,6.239999771118164,6.059999942779541,6.099999904632568,1528,0.0,0.0
2023-08-01 00:00:00+03:00,6.119999885559082,6.659999847412109,6.019999980926514,6.599999904632568,2745,0.0,0.0
2023-08-02 00:00:00+03:00,6.619999885559082,6.619999885559082,6.300000190734863,6.300000190734863,3718,0.0,0.0
2023-08-03 00:00:00+03:00,6.300000190734863,6.340000152587891,6.199999809265137,6.340000152587891,784,0.0,0.0
2023-08-04 00:00:00+03:00,6.300000190734863,6.440000057220459,6.300000190734863,6.440000057220459,104,0.0,0.0
2023-08-07 00:00:00+03:00,6.059999942779541,6.28000020980835,6.059999942779541,6.21999979019165,3532,0.0,0.0
2023-08-08 00:00:00+03:00,6.21999979019165,6.21999979019165,6.21999979019165,6.21999979019165,0,0.0,0.0
2023-08-09 00:00:00+03:00,6.099999904632568,6.199999809265137,6.059999942779541,6.059999942779541,1061,0.0,0.0
2023-08-10 00:00:00+03:00,6.019999980926514,6.320000171661377,6.019999980926514,6.260000228881836,3916,0.0,0.0
2023-08-11 00:00:00+03:00,6.199999809265137,6.199999809265137,6.059999942779541,6.139999866485596,1862,0.0,0.0
2023-08-14 00:00:00+03:00,6.239999771118164,6.300000190734863,6.039999961853027,6.260000228881836,3150,0.0,0.0
2023-08-15 00:00:00+03:00,6.260000228881836,6.260000228881836,6.260000228881836,6.260000228881836,950,0.0,0.0
2023-08-16 00:00:00+03:00,6.5,6.5,6.239999771118164,6.239999771118164,124,0.0,0.0
2023-08-17 00:00:00+03:00,6.099999904632568,6.460000038146973,6.099999904632568,6.179999828338623,2381,0.0,0.0
2023-08-18 00:00:00+03:00,6.119999885559082,6.28000020980835,6.059999942779541,6.119999885559082,4568,0.0,0.0
2023-08-21 00:00:00+03:00,6.260000228881836,6.400000095367432,6.139999866485596,6.300000190734863,1846,0.0,0.0
2023-08-22 00:00:00+03:00,6.440000057220459,6.679999828338623,6.440000057220459,6.619999885559082,4850,0.0,0.0
2023-08-23 00:00:00+03:00,6.5,6.5,6.099999904632568,6.300000190734863,1832,0.0,0.0
2023-08-24 00:00:00+03:00,6.420000076293945,6.440000057220459,6.420000076293945,6.440000057220459,746,0.0,0.0
2023-08-25 00:00:00+03:00,6.599999904632568,6.599999904632568,6.440000057220459,6.440000057220459,1200,0.0,0.0
2023-08-28 00:00:00+03:00,6.460000038146973,6.559999942779541,6.440000057220459,6.460000038146973,474,0.0,0.0
2023-08-29 00:00:00+03:00,6.539999961853027,6.599999904632568,6.400000095367432,6.400000095367432,1287,0.0,0.0
2023-08-30 00:00:00+03:00,6.400000095367432,6.400000095367432,6.300000190734863,6.300000190734863,2210,0.0,0.0
2023-08-31 00:00:00+03:00,6.199999809265137,6.5,6.199999809265137,6.460000038146973,3447,0.0,0.0
2023-09-01 00:00:00+03:00,6.480000019073486,6.480000019073486,6.340000152587891,6.380000114440918,1470,0.0,0.0
2023-09-04 00:00:00+03:00,6.400000095367432,6.539999961853027,6.380000114440918,6.380000114440918,2068,0.0,0.0
2023-09-05 00:00:00+03:00,6.239999771118164,6.300000190734863,6.019999980926514,6.300000190734863,1471,0.0,0.0
2023-09-06 00:00:00+03:00,6.300000190734863,6.300000190734863,6.300000190734863,6.300000190734863,11,0.0,0.0
2023-09-07 00:00:00+03:00,6.28000020980835,6.28000020980835,6.260000228881836,6.28000020980835,419,0.0,0.0
2023-09-08 00:00:00+03:00,6.260000228881836,6.320000171661377,6.21999979019165,6.320000171661377,1254,0.0,0.0
2023-09-11 00:00:00+03:00,6.320000171661377,6.320000171661377,6.300000190734863,6.300000190734863,158,0.0,0.0
2023-09-12 00:00:00+03:00,6.159999847412109,6.179999828338623,6.159999847412109,6.159999847412109,374,0.0,0.0
2023-09-13 00:00:00+03:00,6.28000020980835,6.28000020980835,6.28000020980835,6.28000020980835,56,0.0,0.0
2023-09-14 00:00:00+03:00,6.380000114440918,6.380000114440918,6.380000114440918,6.380000114440918,12,0.0,0.0
2023-09-15 00:00:00+03:00,6.360000133514404,6.360000133514404,6.360000133514404,6.360000133514404,2,0.0,0.0
2023-09-18 00:00:00+03:00,6.360000133514404,6.480000019073486,6.199999809265137,6.199999809265137,1348,0.0,0.0
2023-09-19 00:00:00+03:00,6.159999847412109,6.400000095367432,6.159999847412109,6.320000171661377,2408,0.0,0.0
2023-09-20 00:00:00+03:00,6.400000095367432,6.400000095367432,6.199999809265137,6.239999771118164,1399,0.0,0.0
2023-09-21 00:00:00+03:00,6.179999828338623,6.400000095367432,6.119999885559082,6.380000114440918,2803,0.0,0.0
2023-09-22 00:00:00+03:00,6.380000114440918,6.380000114440918,6.380000114440918,6.380000114440918,1,0.0,0.0
2023-09-25 00:00:00+03:00,6.380000114440918,6.380000114440918,6.21999979019165,6.360000133514404,322,0.0,0.0
2023-09-26 00:00:00+03:00,6.400000095367432,6.400000095367432,6.320000171661377,6.320000171661377,632,0.0,0.0
2023-09-27 00:00:00+03:00,6.199999809265137,6.199999809265137,6.199999809265137,6.199999809265137,39,0.0,0.0
2023-09-28 00:00:00+03:00,6.119999885559082,6.320000171661377,6.119999885559082,6.320000171661377,1377,0.0,0.0
2023-09-29 00:00:00+03:00,6.199999809265137,6.199999809265137,6.179999828338623,6.179999828338623,500,0.0,0.0
2023-10-02 00:00:00+03:00,6.059999942779541,6.420000076293945,6.059999942779541,6.239999771118164,2757,0.0,0.0
2023-10-03 00:00:00+03:00,6.239999771118164,6.360000133514404,6.059999942779541,6.239999771118164,2371,0.0,0.0
2023-10-04 00:00:00+03:00,6.119999885559082,6.28000020980835,6.059999942779541,6.239999771118164,2145,0.0,0.0
2023-10-05 00:00:00+03:00,6.239999771118164,6.239999771118164,6.079999923706055,6.179999828338623,995,0.0,0.0
2023-10-06 00:00:00+03:00,6.139999866485596,6.28000020980835,5.980000019073486,6.199999809265137,2025,0.0,0.0
2023-10-09 00:00:00+03:00,6.199999809265137,6.199999809265137,6.059999942779541,6.139999866485596,607,0.0,0.0
2023-10-10 00:00:00+03:00,6.159999847412109,6.159999847412109,6.079999923706055,6.079999923706055,2135,0.0,0.0
2023-10-11 00:00:00+03:00,6.079999923706055,6.099999904632568,6.079999923706055,6.099999904632568,92,0.0,0.0
2023-10-12 00:00:00+03:00,6.159999847412109,6.21999979019165,6.099999904632568,6.21999979019165,913,0.0,0.0
2023-10-13 00:00:00+03:00,6.099999904632568,6.239999771118164,6.079999923706055,6.079999923706055,1963,0.0,0.0
2023-10-16 00:00:00+03:00,6.119999885559082,6.179999828338623,6.0,6.0,1048,0.0,0.0
2023-10-17 00:00:00+03:00,6.119999885559082,6.199999809265137,6.039999961853027,6.119999885559082,672,0.0,0.0
2023-10-18 00:00:00+03:00,6.139999866485596,6.139999866485596,5.920000076293945,5.920000076293945,1775,0.0,0.0
2023-10-19 00:00:00+03:00,6.099999904632568,6.099999904632568,5.739999771118164,5.739999771118164,606,0.0,0.0
2023-10-20 00:00:00+03:00,5.820000171661377,5.820000171661377,5.820000171661377,5.820000171661377,531,0.0,0.0
2023-10-23 00:00:00+03:00,5.820000171661377,5.820000171661377,5.739999771118164,5.820000171661377,1044,0.0,0.0
2023-10-24 00:00:00+03:00,5.900000095367432,5.980000019073486,5.900000095367432,5.980000019073486,343,0.0,0.0
2023-10-25 00:00:00+03:00,6.059999942779541,6.079999923706055,6.059999942779541,6.079999923706055,607,0.0,0.0
2023-10-26 00:00:00+03:00,6.0,6.0,6.0,6.0,68000,0.0,0.0
2023-10-27 00:00:00+03:00,6.0,6.039999961853027,6.0,6.039999961853027,60,0.0,0.0
2023-10-30 00:00:00+02:00,5.760000228881836,5.900000095367432,5.760000228881836,5.900000095367432,703,0.0,0.0
2023-10-31 00:00:00+02:00,5.900000095367432,5.920000076293945,5.900000095367432,5.920000076293945,230,0.0,0.0
2023-11-01 00:00:00+02:00,5.699999809265137,5.860000133514404,5.699999809265137,5.860000133514404,560,0.0,0.0
2023-11-02 00:00:00+02:00,5.860000133514404,5.860000133514404,5.860000133514404,5.860000133514404,0,0.0,0.0
2023-11-03 00:00:00+02:00,6.079999923706055,6.079999923706055,5.739999771118164,5.760000228881836,5134,0.0,0.0
2023-11-06 00:00:00+02:00,5.860000133514404,5.980000019073486,5.860000133514404,5.980000019073486,991,0.0,0.0
2023-11-07 00:00:00+02:00,5.980000019073486,5.980000019073486,5.980000019073486,5.980000019073486,378,0.0,0.0
2023-11-08 00:00:00+02:00,5.980000019073486,5.980000019073486,5.980000019073486,5.980000019073486,165,0.0,0.0
2023-11-09 00:00:00+02:00,6.0,6.0,5.860000133514404,5.860000133514404,275,0.0,0.0
2023-11-10 00:00:00+02:00,5.860000133514404,5.860000133514404,5.860000133514404,5.860000133514404,0,0.0,0.0
2023-11-13 00:00:00+02:00,5.880000114440918,6.0,5.880000114440918,6.0,3081,0.0,0.0
