Date,Open,High,Low,Close,Volume,Dividends,Stock Splits
2022-06-22 00:00:00+03:00,156.3022433350041,156.3022433350041,137.75857543945312,137.75857543945312,685,0.0,0.0
2022-06-23 00:00:00+03:00,140.6895948233084,143.62062804879398,138.73557267298466,141.47120666503906,259,0.0,0.0
2022-06-27 00:00:00+03:00,137.7585662841797,137.7585662841797,136.78155517578125,136.78155517578125,45,0.0,0.0
2022-06-28 00:00:00+03:00,136.78154552289004,136.78154552289004,136.3907470703125,136.3907470703125,9,0.0,0.0
2022-06-29 00:00:00+03:00,135.99994330746122,136.78155517578125,132.8735107421875,136.78155517578125,27,0.0,0.0
2022-06-30 00:00:00+03:00,136.78155517578125,136.78155517578125,131.89649963378906,131.89649963378906,66,0.0,0.0
2022-07-01 00:00:00+03:00,135.80455039864157,135.80455039864157,130.91949462890625,130.91949462890625,112,0.0,0.0
2022-07-04 00:00:00+03:00,130.91949462890625,130.91949462890625,130.91949462890625,130.91949462890625,0,0.0,0.0
2022-07-05 00:00:00+03:00,131.89651009542064,131.89651009542064,129.94248772363662,131.70111083984375,428,0.0,0.0
2022-07-06 00:00:00+03:00,132.67810838610367,132.67810838610367,129.94247436523438,129.94247436523438,43,0.0,0.0
2022-07-07 00:00:00+03:00,131.70110653366532,131.70110653366532,130.91949462890625,130.91949462890625,12,0.0,0.0
2022-07-08 00:00:00+03:00,130.91949462890625,130.91949462890625,130.91949462890625,130.91949462890625,2,0.0,0.0
2022-07-11 00:00:00+03:00,130.91948545068726,130.91948545068726,129.747075129745,129.94247436523438,20,0.0,0.0
2022-07-12 00:00:00+03:00,130.91948852539062,130.91948852539062,126.62064561164007,127.01144409179688,353,0.0,0.0
2022-07-13 00:00:00+03:00,128.96546630859376,128.96546630859376,127.01144409179688,127.01144409179688,10,0.0,0.0
2022-07-14 00:00:00+03:00,129.1608611052199,129.1608611052199,126.22982788085938,126.22982788085938,11,0.0,0.0
2022-07-15 00:00:00+03:00,126.81604485171847,126.81604485171847,122.12638854980469,122.12638854980469,202,0.0,0.0
2022-07-18 00:00:00+03:00,126.81605384122929,126.81605384122929,124.6666247779859,125.83904266357422,99,0.0,0.0
2022-07-19 00:00:00+03:00,125.05743047894941,125.05743047894941,122.71260216666836,123.68961334228516,95,0.0,0.0
2022-07-20 00:00:00+03:00,123.68961334228516,123.68961334228516,123.68961334228516,123.68961334228516,1,0.0,0.0
2022-07-21 00:00:00+03:00,123.68961334228516,123.68961334228516,123.68961334228516,123.68961334228516,0,0.0,0.0
2022-07-22 00:00:00+03:00,123.68961334228516,123.68961334228516,123.68961334228516,123.68961334228516,0,0.0,0.0
2022-07-25 00:00:00+03:00,123.6896078745875,124.08041381835938,122.32179079838758,124.08041381835938,65,0.0,0.0
2022-07-26 00:00:00+03:00,122.71259674215946,124.08041381835938,122.32179079838758,124.08041381835938,321,0.0,0.0
2022-07-27 00:00:00+03:00,122.12639100323864,122.12639100323864,119.78156280517578,119.78156280517578,52,0.0,0.0
2022-07-28 00:00:00+03:00,119.78156280517578,119.78156280517578,119.78156280517578,119.78156280517578,0,0.0,0.0
2022-07-29 00:00:00+03:00,119.97696685791016,119.97696685791016,119.97696685791016,119.97696685791016,14,0.0,0.0
2022-08-01 00:00:00+03:00,120.36776799119065,120.36776799119065,119.78156280517578,119.78156280517578,31,0.0,0.0
2022-08-02 00:00:00+03:00,119.7815745281231,119.7815745281231,118.41375732421875,118.41375732421875,150,0.0,0.0
2022-08-03 00:00:00+03:00,121.14937744140626,122.12638854980469,120.17236633300782,122.12638854980469,41,0.0,0.0
2022-08-04 00:00:00+03:00,122.12639320187452,122.12639320187452,118.21834861941453,120.17237091064453,72,0.0,0.0
2022-08-05 00:00:00+03:00,121.14937744140626,121.14937744140626,116.26432189941407,117.2413330078125,880,0.0,0.0
2022-08-08 00:00:00+03:00,126.03443798776401,126.03443798776401,114.31030422146037,115.28731536865234,964,0.0,0.0
2022-08-09 00:00:00+03:00,115.2873201041386,115.2873201041386,113.33329772949219,113.33329772949219,31,0.0,0.0
2022-08-10 00:00:00+03:00,113.3332991640792,114.31031036376953,112.35628796438886,114.31031036376953,561,0.0,0.0
2022-08-11 00:00:00+03:00,114.31031036376953,114.31031036376953,113.3332991640792,114.31031036376953,214,0.0,0.0
2022-08-12 00:00:00+03:00,114.31031036376953,114.31031036376953,114.31031036376953,114.31031036376953,782,0.0,0.0
2022-08-15 00:00:00+03:00,114.31031036376953,114.31031036376953,114.31031036376953,114.31031036376953,166,0.0,0.0
2022-08-16 00:00:00+03:00,114.31029968261718,117.2413330078125,114.31029968261718,117.2413330078125,676,0.0,0.0
2022-08-17 00:00:00+03:00,118.21834564208984,118.21834564208984,117.24133452108084,118.21834564208984,145,0.0,0.0
2022-08-18 00:00:00+03:00,118.21834881022825,118.21834881022825,114.31030422146037,115.28731536865234,101,0.0,0.0
2022-08-19 00:00:00+03:00,114.31030891681539,116.2643312914618,113.33329772949219,113.33329772949219,42,0.0,0.0
2022-08-22 00:00:00+03:00,115.28731536865234,115.28731536865234,115.28731536865234,115.28731536865234,475,0.0,0.0
2022-08-23 00:00:00+03:00,113.33329772949219,113.33329772949219,113.33329772949219,113.33329772949219,1,0.0,0.0
2022-08-24 00:00:00+03:00,113.33329307426841,115.28731536865234,113.33329307426841,115.28731536865234,13,0.0,0.0
2022-08-25 00:00:00+03:00,115.28731536865234,115.28731536865234,115.28731536865234,115.28731536865234,0,0.0,0.0
2022-08-26 00:00:00+03:00,114.31031036376953,114.31031036376953,114.31031036376953,114.31031036376953,63,0.0,0.0
2022-08-29 00:00:00+03:00,113.3332991640792,114.31031036376953,113.3332991640792,114.31031036376953,50,0.0,0.0
2022-08-30 00:00:00+03:00,114.3102981823833,116.26432037353516,114.3102981823833,116.26432037353516,460,0.0,0.0
2022-08-31 00:00:00+03:00,118.218342564687,118.218342564687,116.26432037353516,116.26432037353516,55,0.0,0.0
2022-09-01 00:00:00+03:00,115.28731227906283,118.21834564208984,113.33329003704482,118.21834564208984,319,0.0,0.0
2022-09-02 00:00:00+03:00,118.21834881022825,118.21834881022825,113.33329307426841,115.28731536865234,267,0.0,0.0
2022-09-05 00:00:00+03:00,116.26432189941407,120.17236633300782,116.26432189941407,117.2413330078125,1175,0.0,0.0
2022-09-06 00:00:00+03:00,116.26432340007183,120.17236788410786,116.26432340007183,118.21834564208984,4827,0.0,0.0
2022-09-07 00:00:00+03:00,118.21834411621094,122.12638854980469,117.2413330078125,122.12638854980469,924,0.0,0.0
2022-09-08 00:00:00+03:00,121.14938205625953,122.12639320187452,120.17237091064453,120.17237091064453,251,0.0,0.0
2022-09-09 00:00:00+03:00,122.12639006357344,125.0574234250992,122.12639006357344,123.10340118408203,233,0.0,0.0
2022-09-12 00:00:00+03:00,125.0574234250992,125.0574234250992,123.10340118408203,123.10340118408203,47,0.0,0.0
2022-09-13 00:00:00+03:00,126.03443145751953,126.03443145751953,124.08040926437968,126.03443145751953,45,0.0,0.0
2022-09-14 00:00:00+03:00,126.03443759679794,126.03443759679794,123.10340416431427,125.05742645263672,117,0.0,0.0
2022-09-15 00:00:00+03:00,125.05742645263672,125.05742645263672,123.10340416431427,125.05742645263672,43,0.0,0.0
2022-09-16 00:00:00+03:00,125.05742645263672,125.05742645263672,123.10340416431427,125.05742645263672,80,0.0,0.0
2022-09-19 00:00:00+03:00,125.05742645263672,125.05742645263672,125.05742645263672,125.05742645263672,10,0.0,0.0
2022-09-20 00:00:00+03:00,125.05742645263672,125.05742645263672,125.05742645263672,125.05742645263672,7,0.0,0.0
2022-09-21 00:00:00+03:00,125.0574203609496,126.03443145751953,123.10339816780977,126.03443145751953,399,0.0,0.0
2022-09-22 00:00:00+03:00,125.05742645263672,125.05742645263672,125.05742645263672,125.05742645263672,77,0.0,0.0
2022-09-23 00:00:00+03:00,121.14937744140626,122.12638854980469,121.14937744140626,122.12638854980469,96,0.0,0.0
2022-09-26 00:00:00+03:00,123.10340118408203,123.10340118408203,122.12639006357344,123.10340118408203,27,0.0,0.0
2022-09-27 00:00:00+03:00,124.08041076660156,124.08041076660156,117.2413330078125,117.2413330078125,253,0.0,0.0
2022-09-28 00:00:00+03:00,119.19535522460937,119.19535522460937,117.2413330078125,117.2413330078125,30,0.0,0.0
2022-09-29 00:00:00+03:00,121.14937744140626,121.14937744140626,115.28731079101563,117.2413330078125,229,0.0,0.0
2022-09-30 00:00:00+03:00,116.26432651584432,117.24133766303628,113.33329307426841,115.28731536865234,701,0.0,0.0
2022-10-03 00:00:00+03:00,113.33329626995584,113.33329626995584,111.37927392047385,112.35628509521484,1328,0.0,0.0
2022-10-04 00:00:00+03:00,114.31031036376953,114.31031036376953,114.31031036376953,114.31031036376953,1,0.0,0.0
2022-10-05 00:00:00+03:00,114.31031036376953,114.31031036376953,114.31031036376953,114.31031036376953,5,0.0,0.0
2022-10-06 00:00:00+03:00,114.31031036376953,114.31031036376953,114.31031036376953,114.31031036376953,0,0.0,0.0
2022-10-07 00:00:00+03:00,114.31031036376953,114.31031036376953,114.31031036376953,114.31031036376953,171,0.0,0.0
2022-10-10 00:00:00+03:00,116.26433276315021,117.24134396284055,114.31031036376953,114.31031036376953,169,0.0,0.0
2022-10-11 00:00:00+03:00,114.31031036376953,114.31031036376953,114.31031036376953,114.31031036376953,42,0.0,0.0
2022-10-12 00:00:00+03:00,113.3332947848136,113.3332947848136,111.3792724609375,111.3792724609375,90,0.0,0.0
2022-10-13 00:00:00+03:00,111.37927392047385,114.31030744469685,110.40226274573284,112.35628509521484,207,0.0,0.0
2022-10-14 00:00:00+03:00,109.42525013706141,112.35628362287555,109.42525013706141,111.3792724609375,2631,0.0,0.0
2022-10-17 00:00:00+03:00,111.37927097556864,111.37927097556864,110.40225982666016,110.40225982666016,74,0.0,0.0
2022-10-18 00:00:00+03:00,110.40226602554321,110.40226602554321,109.42525482177734,109.42525482177734,150,0.0,0.0
2022-10-19 00:00:00+03:00,110.40226602554321,110.40226602554321,109.42525482177734,109.42525482177734,22,0.0,0.0
2022-10-20 00:00:00+03:00,108.44823147834988,108.44823147834988,106.49420928955078,106.49420928955078,382,0.0,0.0
2022-10-21 00:00:00+03:00,107.47122955322266,107.47122955322266,107.47122955322266,107.47122955322266,1,0.0,0.0
2022-10-24 00:00:00+03:00,105.5172090350457,105.5172090350457,103.56318664550781,103.56318664550781,722,0.0,0.0
2022-10-25 00:00:00+03:00,104.54019927978516,104.54019927978516,103.56318807156286,104.54019927978516,315,0.0,0.0
2022-10-26 00:00:00+03:00,104.54019637334915,104.54019637334915,102.58617401123047,102.58617401123047,1154,0.0,0.0
2022-10-27 00:00:00+03:00,103.56318519228981,103.56318519228981,102.58617401123047,102.58617401123047,507,0.0,0.0
2022-10-28 00:00:00+03:00,102.58617401123047,102.58617401123047,102.58617401123047,102.58617401123047,246,0.0,0.0
2022-10-31 00:00:00+02:00,102.58617545073886,103.56318664550781,102.58617545073886,103.56318664550781,111,0.0,0.0
2022-11-01 00:00:00+02:00,103.56318664550781,103.56318664550781,103.56318664550781,103.56318664550781,277,0.0,0.0
2022-11-02 00:00:00+02:00,104.54019927978516,107.47123290445202,104.54019927978516,104.54019927978516,254,0.0,0.0
2022-11-03 00:00:00+02:00,104.54019927978516,104.54019927978516,104.54019927978516,104.54019927978516,24,0.0,0.0
2022-11-04 00:00:00+02:00,105.5172090350457,111.37927620365934,103.56318664550781,103.56318664550781,145,0.0,0.0
2022-11-07 00:00:00+02:00,106.49422022981463,106.49422022981463,103.56318664550781,103.56318664550781,292,0.0,0.0
2022-11-08 00:00:00+02:00,105.51719812246469,105.51719812246469,101.6091537475586,101.6091537475586,256,0.0,0.0
2022-11-09 00:00:00+02:00,101.60916385135135,108.4482421875,101.60916385135135,108.4482421875,30,0.0,0.0
2022-11-10 00:00:00+02:00,104.54019784027675,104.54019784027675,103.56318664550781,103.56318664550781,40,0.0,0.0
2022-11-11 00:00:00+02:00,105.51720428466797,105.51720428466797,103.56318198310005,105.51720428466797,110,0.0,0.0
2022-11-14 00:00:00+02:00,103.56318664550781,104.54019784027675,103.56318664550781,103.56318664550781,36,0.0,0.0
2022-11-15 00:00:00+02:00,104.54019432737117,111.3792724609375,104.54019432737117,111.3792724609375,1119,0.0,0.0
2022-11-16 00:00:00+02:00,110.40226602554321,110.40226602554321,106.49422121047974,109.42525482177734,36,0.0,0.0
2022-11-17 00:00:00+02:00,105.51720408211767,110.40225982666016,105.51720408211767,110.40225982666016,1241,0.0,0.0
2022-11-18 00:00:00+02:00,110.40226274573284,112.35628509521484,110.40226274573284,112.35628509521484,1386,0.0,0.0
2022-11-21 00:00:00+02:00,112.3562789160358,119.19535676309886,112.3562789160358,118.21834564208984,613,0.0,0.0
2022-11-22 00:00:00+02:00,117.2413360095415,126.03443621025711,117.2413360095415,119.19535827636719,999,0.0,0.0
2022-11-23 00:00:00+02:00,119.19535676309886,119.19535676309886,117.24133452108084,118.21834564208984,207,0.0,0.0
2022-11-24 00:00:00+02:00,118.21835516253088,119.19536636222122,114.31031036376953,114.31031036376953,111,0.0,0.0
2022-11-25 00:00:00+02:00,117.2413330078125,117.2413330078125,117.2413330078125,117.2413330078125,27,0.0,0.0
2022-11-28 00:00:00+02:00,119.19535366026294,119.19535366026294,115.28730927795924,116.26432037353516,222,0.0,0.0
2022-11-29 00:00:00+02:00,116.26432827062774,116.26432827062774,109.42525013706141,111.3792724609375,788,0.0,0.0
2022-11-30 00:00:00+02:00,112.35628509521484,112.35628509521484,107.47122922150984,112.35628509521484,478,0.0,0.0
2022-12-01 00:00:00+02:00,114.31030442229414,114.31030442229414,110.40225982666016,110.40225982666016,101,0.0,0.0
2022-12-02 00:00:00+02:00,117.24134247878501,117.24134247878501,113.33329772949219,113.33329772949219,905,0.0,0.0
2022-12-05 00:00:00+02:00,116.26432651584432,116.26432651584432,114.31030422146037,115.28731536865234,36,0.0,0.0
2022-12-07 00:00:00+02:00,115.28731861943784,115.28731861943784,111.37927392047385,112.35628509521484,242,0.0,0.0
2022-12-08 00:00:00+02:00,111.3792724609375,115.28731710868969,111.3792724609375,111.3792724609375,285,0.0,0.0
2022-12-09 00:00:00+02:00,113.33329626995584,113.33329626995584,111.37927392047385,112.35628509521484,153,0.0,0.0
2022-12-12 00:00:00+02:00,112.35628362287555,112.35628362287555,111.3792724609375,111.3792724609375,16,0.0,0.0
2022-12-13 00:00:00+02:00,110.40225982666016,110.40225982666016,106.49421523102616,110.40225982666016,625,0.0,0.0
2022-12-14 00:00:00+02:00,106.49421837546609,107.47122955322266,106.49421837546609,107.47122955322266,354,0.0,0.0
2022-12-15 00:00:00+02:00,107.81427550734135,111.73479461669922,106.83414573000188,111.73479461669922,151,0.35,0.0
2022-12-16 00:00:00+02:00,105.85401056463067,111.73478892933238,104.8738808371804,107.81427001953125,243,0.0,0.0
2022-12-19 00:00:00+02:00,107.81426759523765,110.75465671147141,104.8738784790039,104.8738784790039,376,0.0,0.0
2022-12-20 00:00:00+02:00,107.81427001953125,107.81427001953125,107.81427001953125,107.81427001953125,23,0.0,0.0
2022-12-21 00:00:00+02:00,108.7944107055664,108.7944107055664,108.7944107055664,108.7944107055664,1,0.0,0.0
2022-12-22 00:00:00+02:00,106.83413696289062,106.83413696289062,104.87387756907613,106.83413696289062,122,0.0,0.0
2022-12-23 00:00:00+02:00,104.87387756907613,106.83413696289062,104.87387756907613,106.83413696289062,7,0.0,0.0
2022-12-27 00:00:00+02:00,104.87387756907613,106.83413696289062,101.93348847835436,106.83413696289062,876,0.0,0.0
2022-12-28 00:00:00+02:00,107.81427001953125,107.81427001953125,105.85401056463067,107.81427001953125,110,0.0,0.0
2022-12-29 00:00:00+02:00,107.81427001953125,107.81427001953125,107.81427001953125,107.81427001953125,0,0.0,0.0
2022-12-30 00:00:00+02:00,107.81426323784723,107.81426323784723,104.8738742404514,105.85400390625,79,0.0,0.0
2023-01-02 00:00:00+02:00,104.87387990951538,109.77452850341797,104.87387990951538,109.77452850341797,138,0.0,0.0
2023-01-03 00:00:00+02:00,108.7944107055664,108.7944107055664,108.7944107055664,108.7944107055664,1,0.0,0.0
2023-01-04 00:00:00+02:00,104.87387756907613,107.81426665979788,104.87387756907613,106.83413696289062,9,0.0,0.0
2023-01-05 00:00:00+02:00,107.81427001953125,107.81427001953125,107.81427001953125,107.81427001953125,23,0.0,0.0
2023-01-09 00:00:00+02:00,106.83413696289062,106.83413696289062,106.83413696289062,106.83413696289062,10,0.0,0.0
2023-01-10 00:00:00+02:00,105.85400390625,105.85400390625,105.85400390625,105.85400390625,2,0.0,0.0
2023-01-11 00:00:00+02:00,105.85400390625,105.85400390625,104.8738742404514,105.85400390625,135,0.0,0.0
2023-01-12 00:00:00+02:00,105.85400390625,106.83413357204861,105.85400390625,105.85400390625,23,0.0,0.0
2023-01-13 00:00:00+02:00,105.85400390625,105.85400390625,105.85400390625,105.85400390625,0,0.0,0.0
2023-01-16 00:00:00+02:00,106.83413788982641,106.83413788982641,104.8738784790039,104.8738784790039,244,0.0,0.0
2023-01-17 00:00:00+02:00,103.89375305175781,103.89375305175781,103.89375305175781,103.89375305175781,102,0.0,0.0
2023-01-18 00:00:00+02:00,103.89375305175781,103.89375305175781,103.89375305175781,103.89375305175781,0,0.0,0.0
2023-01-19 00:00:00+02:00,103.89375305175781,103.89375305175781,103.89375305175781,103.89375305175781,94,0.0,0.0
2023-01-20 00:00:00+02:00,103.89375305175781,103.89375305175781,103.89375305175781,103.89375305175781,0,0.0,0.0
2023-01-23 00:00:00+02:00,104.8738784790039,104.8738784790039,104.8738784790039,104.8738784790039,70,0.0,0.0
2023-01-24 00:00:00+02:00,105.85400390625,105.85400390625,105.85400390625,105.85400390625,10,0.0,0.0
2023-01-25 00:00:00+02:00,105.85400390625,105.85400390625,105.85400390625,105.85400390625,1,0.0,0.0
2023-01-26 00:00:00+02:00,105.85400818441515,105.85400818441515,104.8738784790039,104.8738784790039,15,0.0,0.0
2023-01-27 00:00:00+02:00,104.8738784790039,104.8738784790039,103.89374877359265,104.8738784790039,4,0.0,0.0
2023-01-30 00:00:00+02:00,103.89374877359265,105.85400818441515,103.89374877359265,104.8738784790039,171,0.0,0.0
2023-01-31 00:00:00+02:00,105.85401698521206,105.85401698521206,102.91362762451172,102.91362762451172,195,0.0,0.0
2023-02-01 00:00:00+02:00,102.91362432333139,102.91362432333139,101.9334945678711,101.9334945678711,713,0.0,0.0
2023-02-02 00:00:00+02:00,101.93349783761161,102.91362762451172,101.93349783761161,102.91362762451172,56,0.0,0.0
2023-02-03 00:00:00+02:00,102.91362762451172,102.91362762451172,101.93349783761161,102.91362762451172,140,0.0,0.0
2023-02-06 00:00:00+02:00,102.91362432333139,102.91362432333139,101.9334945678711,101.9334945678711,10,0.0,0.0
2023-02-07 00:00:00+02:00,101.9334945678711,101.9334945678711,100.9533648124108,101.9334945678711,130,0.0,0.0
2023-02-08 00:00:00+02:00,101.93350008218596,101.93350008218596,98.01298084825572,98.99311065673828,956,0.0,0.0
2023-02-09 00:00:00+02:00,98.01296997070312,98.01296997070312,98.01296997070312,98.01296997070312,125,0.0,0.0
2023-02-10 00:00:00+02:00,98.01298084825572,98.99311065673828,98.01298084825572,98.99311065673828,1444,0.0,0.0
2023-02-13 00:00:00+02:00,98.35379572197942,99.33733367919922,97.37025776475963,99.33733367919922,325,0.35,0.0
2023-02-14 00:00:00+02:00,97.37026977539062,98.35380785392992,96.87850073612097,97.37026977539062,85,0.0,0.0
2023-02-15 00:00:00+02:00,96.87850073612097,99.33734593246922,96.87850073612097,97.37026977539062,193,0.0,0.0
2023-02-16 00:00:00+02:00,97.37026440367407,97.37026440367407,96.38672637939453,96.38672637939453,299,0.0,0.0
2023-02-17 00:00:00+02:00,96.38672637939453,96.38672637939453,96.38672637939453,96.38672637939453,350,0.0,0.0
2023-02-20 00:00:00+02:00,96.3867252562857,96.87849426269531,96.3867252562857,96.87849426269531,24,0.0,0.0
2023-02-21 00:00:00+02:00,97.37026977539062,98.35380785392992,97.37026977539062,97.37026977539062,103,0.0,0.0
2023-02-22 00:00:00+02:00,96.87849959176988,97.8620376586914,96.87849959176988,97.8620376586914,65,0.0,0.0
2023-02-23 00:00:00+02:00,97.86203651428222,98.35380554199219,97.86203651428222,98.35380554199219,21,0.0,0.0
2023-02-24 00:00:00+02:00,98.35380669215216,98.35380669215216,97.8620376586914,97.8620376586914,43,0.0,0.0
2023-02-27 00:00:00+02:00,97.8620376586914,97.8620376586914,97.8620376586914,97.8620376586914,2,0.0,0.0
2023-02-28 00:00:00+02:00,97.37026326910494,98.35380128192418,96.87849426269531,96.87849426269531,273,0.0,0.0
2023-03-01 00:00:00+02:00,97.37026977539062,97.37026977539062,96.87850073612097,97.37026977539062,140,0.0,0.0
2023-03-02 00:00:00+02:00,96.87850073612097,97.37026977539062,96.38673169685133,97.37026977539062,333,0.0,0.0
2023-03-03 00:00:00+02:00,96.38672751402244,96.38672751402244,95.89495849609375,95.89495849609375,175,0.0,0.0
2023-03-06 00:00:00+02:00,95.89496078886516,95.89496078886516,94.41965369980569,94.91142272949219,495,0.0,0.0
2023-03-07 00:00:00+02:00,96.87849884823814,96.87849884823814,93.43611564043272,94.91142272949219,582,0.0,0.0
2023-03-08 00:00:00+02:00,94.91141847309314,94.91141847309314,93.43611145019531,93.43611145019531,145,0.0,0.0
2023-03-09 00:00:00+02:00,94.41964509525401,94.41964509525401,91.96080017089844,91.96080017089844,666,0.0,0.0
2023-03-10 00:00:00+02:00,92.4525734349301,93.43611145019531,91.96080442729749,93.43611145019531,122,0.0,0.0
2023-03-13 00:00:00+02:00,92.45257568359375,93.43611372278092,91.46903764440658,92.45257568359375,1116,0.0,0.0
2023-03-14 00:00:00+02:00,93.43611145019531,93.43611145019531,93.43611145019531,93.43611145019531,6,0.0,0.0
2023-03-15 00:00:00+02:00,91.46903652615018,92.94434356689453,91.46903652615018,92.94434356689453,108,0.0,0.0
2023-03-16 00:00:00+02:00,92.94434356689453,92.94434356689453,92.94434356689453,92.94434356689453,10,0.0,0.0
2023-03-17 00:00:00+02:00,91.46904754638672,91.46904754638672,91.46904754638672,91.46904754638672,72,0.0,0.0
2023-03-20 00:00:00+02:00,91.46904754638672,91.46904754638672,91.46904754638672,91.46904754638672,0,0.0,0.0
2023-03-21 00:00:00+02:00,91.46903652615018,92.94434356689453,91.46903652615018,92.94434356689453,35,0.0,0.0
2023-03-22 00:00:00+02:00,92.94434356689453,92.94434356689453,91.46903652615018,92.94434356689453,136,0.0,0.0
2023-03-23 00:00:00+02:00,91.46904754638672,91.46904754638672,91.46904754638672,91.46904754638672,27,0.0,0.0
2023-03-24 00:00:00+02:00,92.9443415351536,92.9443415351536,90.4854965209961,90.4854965209961,432,0.0,0.0
2023-03-27 00:00:00+03:00,90.48550109863281,90.48550109863281,88.51842498779297,88.51842498779297,1407,0.0,0.0
2023-03-28 00:00:00+03:00,88.02665826175989,88.02665826175989,86.55135114005442,87.5348892211914,985,0.0,0.0
2023-03-29 00:00:00+03:00,87.53487723214286,87.53487723214286,86.0595703125,86.0595703125,317,0.0,0.0
2023-03-30 00:00:00+03:00,86.55134582519531,86.55134582519531,85.56780780445446,86.55134582519531,540,0.0,0.0
2023-03-31 00:00:00+03:00,86.55134038815554,86.55134038815554,85.56780242919922,85.56780242919922,748,0.0,0.0
2023-04-03 00:00:00+03:00,90.97727012634277,90.97727012634277,88.51842498779297,88.51842498779297,2,0.0,0.0
2023-04-04 00:00:00+03:00,87.53488851148029,87.53488851148029,84.58427429199219,84.58427429199219,1760,0.0,0.0
2023-04-05 00:00:00+03:00,83.60073048135509,90.4854965209961,83.60073048135509,90.4854965209961,554,0.0,0.0
2023-04-06 00:00:00+03:00,88.85646057128906,89.3501075744629,88.85646057128906,88.85646057128906,336,0.35,0.0
2023-04-11 00:00:00+03:00,85.89457931959559,85.89457931959559,85.40093231201172,85.40093231201172,190,0.0,0.0
2023-04-12 00:00:00+03:00,84.41363985862958,84.41363985862958,83.42634582519531,83.42634582519531,303,0.0,0.0
2023-04-13 00:00:00+03:00,83.42634353637696,85.40093154907227,82.93269653320313,83.91999053955078,282,0.0,0.0
2023-04-14 00:00:00+03:00,85.89457702636719,85.89457702636719,83.42634205434514,85.89457702636719,88,0.0,0.0
2023-04-17 00:00:00+03:00,85.89458163948946,85.89458163948946,84.90728759765625,84.90728759765625,52,0.0,0.0
2023-04-18 00:00:00+03:00,83.91998904874956,85.89457702636719,83.91998904874956,85.89457702636719,66,0.0,0.0
2023-04-19 00:00:00+03:00,89.35010988885463,89.35010988885463,86.88187480905202,88.3628158569336,163,0.0,0.0
2023-04-20 00:00:00+03:00,88.36282177701023,90.8310570221781,88.36282177701023,90.33740997314453,1043,0.0,0.0
2023-04-21 00:00:00+03:00,90.83105764081401,91.81835174560547,90.83105764081401,91.81835174560547,401,0.0,0.0
2023-04-24 00:00:00+03:00,91.3246955871582,91.3246955871582,88.85646057128906,88.85646057128906,158,0.0,0.0
2023-04-25 00:00:00+03:00,91.81834980592889,91.81834980592889,87.37552642822266,87.37552642822266,117,0.0,0.0
2023-04-26 00:00:00+03:00,88.36281512000345,88.36281512000345,86.88187408447266,86.88187408447266,248,0.0,0.0
2023-04-27 00:00:00+03:00,86.88187408447266,86.88187408447266,86.88187408447266,86.88187408447266,166,0.0,0.0
2023-04-28 00:00:00+03:00,88.36281356811524,88.36281356811524,83.91999053955078,83.91999053955078,424,0.0,0.0
2023-05-02 00:00:00+03:00,83.91999555556156,89.35011291503906,83.91999555556156,89.35011291503906,6,0.0,0.0
2023-05-03 00:00:00+03:00,87.86916810815985,87.86916810815985,85.89458006078547,86.88187408447266,216,0.0,0.0
2023-05-04 00:00:00+03:00,86.38822866040607,86.38822866040607,84.90728759765625,84.90728759765625,22,0.0,0.0
2023-05-05 00:00:00+03:00,84.90728759765625,84.90728759765625,84.90728759765625,84.90728759765625,0,0.0,0.0
2023-05-08 00:00:00+03:00,88.85646057128906,88.85646057128906,88.85646057128906,88.85646057128906,20,0.0,0.0
2023-05-09 00:00:00+03:00,85.4009292334841,85.4009292334841,84.41363525390625,84.41363525390625,155,0.0,0.0
2023-05-10 00:00:00+03:00,85.89458077713098,88.3628158569336,84.41363972924941,88.3628158569336,62,0.0,0.0
2023-05-11 00:00:00+03:00,83.91999053955078,84.41363754272462,83.91999053955078,83.91999053955078,92,0.0,0.0
2023-05-12 00:00:00+03:00,83.91999284191245,83.91999284191245,81.94540477504391,83.42634582519531,868,0.0,0.0
2023-05-15 00:00:00+03:00,83.42634582519531,83.42634582519531,83.42634582519531,83.42634582519531,9,0.0,0.0
2023-05-16 00:00:00+03:00,83.91999284191245,87.8691689756495,83.42634582519531,83.42634582519531,29,0.0,0.0
2023-05-17 00:00:00+03:00,83.91999053955078,83.91999053955078,83.91999053955078,83.91999053955078,349,0.0,0.0
2023-05-19 00:00:00+03:00,83.91999053955078,83.91999053955078,83.91999053955078,83.91999053955078,0,0.0,0.0
2023-05-22 00:00:00+03:00,81.94539868903883,82.93269264914773,81.45175170898438,81.45175170898438,1286,0.0,0.0
2023-05-23 00:00:00+03:00,82.43904588971819,86.38822174072266,81.94539890834263,86.38822174072266,607,0.0,0.0
2023-05-24 00:00:00+03:00,83.91999053955078,83.91999053955078,81.45175552368164,83.91999053955078,965,0.0,0.0
2023-05-25 00:00:00+03:00,83.42634353637696,88.85646057128906,83.42634353637696,83.91999053955078,1426,0.0,0.0
2023-05-26 00:00:00+03:00,87.37551956176758,87.37551956176758,82.4390495300293,83.91999053955078,199,0.0,0.0
2023-05-29 00:00:00+03:00,82.4390495300293,84.41363754272462,82.4390495300293,83.91999053955078,132,0.0,0.0
2023-05-30 00:00:00+03:00,83.91998904874956,86.881871015176,83.91998904874956,85.89457702636719,1207,0.0,0.0
2023-05-31 00:00:00+03:00,86.38822555541992,88.85646057128906,86.38822555541992,88.85646057128906,405,0.0,0.0
2023-06-01 00:00:00+03:00,88.85645899279365,88.85645899279365,85.89457702636719,85.89457702636719,138,0.0,0.0
2023-06-02 00:00:00+03:00,85.89457702636719,85.89457702636719,84.41363604315396,85.89457702636719,31,0.0,0.0
2023-06-05 00:00:00+03:00,85.89457702636719,85.89457702636719,84.90728303755837,85.89457702636719,73,0.0,0.0
2023-06-06 00:00:00+03:00,84.90728454589843,84.90728454589843,83.91999053955078,83.91999053955078,209,0.0,0.0
2023-06-07 00:00:00+03:00,85.89457702636719,85.89457702636719,85.89457702636719,85.89457702636719,10,0.0,0.0
2023-06-08 00:00:00+03:00,85.89457702636719,85.89457702636719,85.89457702636719,85.89457702636719,1,0.0,0.0
2023-06-09 00:00:00+03:00,85.89457702636719,85.89457702636719,85.89457702636719,85.89457702636719,22,0.0,0.0
2023-06-12 00:00:00+03:00,85.2502494022764,86.24153137207031,83.76332644758553,86.24153137207031,5,0.35,0.0
2023-06-13 00:00:00+03:00,86.24153163069386,87.72845458984375,86.24153163069386,87.72845458984375,39,0.0,0.0
2023-06-14 00:00:00+03:00,87.72845653105064,87.72845653105064,83.7633285522461,83.7633285522461,33,0.0,0.0
2023-06-15 00:00:00+03:00,87.2328109741211,87.2328109741211,87.2328109741211,87.2328109741211,26,0.0,0.0
2023-06-16 00:00:00+03:00,87.2328109741211,87.2328109741211,87.2328109741211,87.2328109741211,0,0.0,0.0
2023-06-19 00:00:00+03:00,86.24153137207031,86.24153137207031,86.24153137207031,86.24153137207031,6,0.0,0.0
2023-06-20 00:00:00+03:00,84.25896453857422,84.25896453857422,84.25896453857422,84.25896453857422,100,0.0,0.0
2023-06-21 00:00:00+03:00,87.72845720441154,88.2240982055664,87.23281620325668,88.2240982055664,179,0.0,0.0
2023-06-22 00:00:00+03:00,88.22409260479701,88.22409260479701,85.74588775634766,85.74588775634766,101,0.0,0.0
2023-06-26 00:00:00+03:00,82.77204895019531,82.77204895019531,82.77204895019531,82.77204895019531,10,0.0,0.0
2023-06-27 00:00:00+03:00,82.77203865510872,82.77203865510872,82.27639770507812,82.27639770507812,142,0.0,0.0
2023-06-28 00:00:00+03:00,84.25896977269372,85.25025177001953,84.25896977269372,85.25025177001953,50,0.0,0.0
2023-06-29 00:00:00+03:00,85.25025177001953,85.25025177001953,82.77204677670501,85.25025177001953,6,0.0,0.0
2023-06-30 00:00:00+03:00,85.25025177001953,85.25025177001953,85.25025177001953,85.25025177001953,13,0.0,0.0
2023-07-03 00:00:00+03:00,85.25024886358352,85.25024886358352,83.26768493652344,83.26768493652344,106,0.0,0.0
2023-07-04 00:00:00+03:00,83.26768493652344,83.26768493652344,83.26768493652344,83.26768493652344,0,0.0,0.0
2023-07-05 00:00:00+03:00,86.24153398786272,86.73717498779297,86.24153398786272,86.73717498779297,13,0.0,0.0
2023-07-06 00:00:00+03:00,86.73717208773071,86.73717208773071,84.75460815429688,84.75460815429688,13,0.0,0.0
2023-07-07 00:00:00+03:00,84.25896514545788,87.2328109741211,84.25896514545788,87.2328109741211,33,0.0,0.0
2023-07-10 00:00:00+03:00,87.2328109741211,87.2328109741211,87.2328109741211,87.2328109741211,11,0.0,0.0
2023-07-11 00:00:00+03:00,87.2328109741211,87.2328109741211,87.2328109741211,87.2328109741211,0,0.0,0.0
2023-07-12 00:00:00+03:00,87.2328109741211,87.2328109741211,87.2328109741211,87.2328109741211,0,0.0,0.0
2023-07-13 00:00:00+03:00,84.25896453857422,84.25896453857422,84.25896453857422,84.25896453857422,3,0.0,0.0
2023-07-14 00:00:00+03:00,87.72845458984375,87.72845458984375,87.72845458984375,87.72845458984375,3,0.0,0.0
2023-07-17 00:00:00+03:00,87.72845131369198,87.72845131369198,83.76332357070025,84.25896453857422,143,0.0,0.0
2023-07-18 00:00:00+03:00,83.76332591828846,83.76332591828846,83.26768493652344,83.26768493652344,173,0.0,0.0
2023-07-19 00:00:00+03:00,83.26768493652344,83.26768493652344,83.26768493652344,83.26768493652344,41,0.0,0.0
2023-07-20 00:00:00+03:00,82.77204895019531,82.77204895019531,82.77204895019531,82.77204895019531,1,0.0,0.0
2023-07-21 00:00:00+03:00,84.25896453857422,84.25896453857422,84.25896453857422,84.25896453857422,6,0.0,0.0
2023-07-24 00:00:00+03:00,83.26768493652344,83.26768493652344,82.77204395475842,83.26768493652344,79,0.0,0.0
2023-07-25 00:00:00+03:00,82.77204395475842,83.26768493652344,82.2764029729934,83.26768493652344,139,0.0,0.0
2023-07-26 00:00:00+03:00,84.25896453857422,84.25896453857422,84.25896453857422,84.25896453857422,8,0.0,0.0
2023-07-27 00:00:00+03:00,84.25896954959666,84.25896954959666,81.28512356549325,83.7633285522461,454,0.0,0.0
2023-07-28 00:00:00+03:00,81.78076199122837,83.26768493652344,81.78076199122837,83.26768493652344,8,0.0,0.0
2023-07-31 00:00:00+03:00,81.78076171875,81.78076171875,81.78076171875,81.78076171875,41,0.0,0.0
2023-08-01 00:00:00+03:00,82.27639770507812,82.27639770507812,81.78075675504753,82.27639770507812,142,0.0,0.0
2023-08-02 00:00:00+03:00,82.27639770507812,82.27639770507812,82.27639770507812,82.27639770507812,0,0.0,0.0
2023-08-03 00:00:00+03:00,84.25896977269372,85.25025177001953,84.25896977269372,85.25025177001953,67,0.0,0.0
2023-08-04 00:00:00+03:00,85.25025177001953,85.25025177001953,85.25025177001953,85.25025177001953,12,0.0,0.0
2023-08-07 00:00:00+03:00,83.7633285522461,83.7633285522461,83.7633285522461,83.7633285522461,2,0.0,0.0
2023-08-08 00:00:00+03:00,83.26768493652344,83.26768493652344,83.26768493652344,83.26768493652344,1,0.0,0.0
2023-08-09 00:00:00+03:00,82.77204447779162,86.24153137207031,82.77204447779162,86.24153137207031,45,0.0,0.0
2023-08-10 00:00:00+03:00,81.78076498849052,86.73717498779297,81.78076498849052,86.73717498779297,14,0.0,0.0
2023-08-11 00:00:00+03:00,82.77204895019531,82.77204895019531,82.77204895019531,82.77204895019531,2,0.0,0.0
2023-08-14 00:00:00+03:00,85.60909004671028,85.60909004671028,82.62272644042969,82.62272644042969,52,0.35,0.0
2023-08-15 00:00:00+03:00,85.60909271240234,85.60909271240234,85.60909271240234,85.60909271240234,10,0.0,0.0
2023-08-16 00:00:00+03:00,85.60908835274833,85.60908835274833,83.61817932128906,83.61817932128906,11,0.0,0.0
2023-08-17 00:00:00+03:00,83.61817932128906,83.61817932128906,83.61817932128906,83.61817932128906,0,0.0,0.0
2023-08-18 00:00:00+03:00,83.12045288085938,83.12045288085938,82.62272561809974,83.12045288085938,79,0.0,0.0
2023-08-21 00:00:00+03:00,82.12500341190315,82.12500341190315,80.13409423828125,80.13409423828125,25,0.0,0.0
2023-08-22 00:00:00+03:00,80.13409423828125,80.13409423828125,80.13409423828125,80.13409423828125,0,0.0,0.0
2023-08-23 00:00:00+03:00,84.11590576171875,84.11590576171875,84.11590576171875,84.11590576171875,2,0.0,0.0
2023-08-24 00:00:00+03:00,84.11590576171875,84.11590576171875,84.11590576171875,84.11590576171875,0,0.0,0.0
2023-08-25 00:00:00+03:00,83.12045288085938,83.12045288085938,83.12045288085938,83.12045288085938,1,0.0,0.0
2023-08-28 00:00:00+03:00,83.12045288085938,83.12045288085938,83.12045288085938,83.12045288085938,0,0.0,0.0
2023-08-29 00:00:00+03:00,83.12045370814312,83.12045370814312,81.62727190500283,82.62272644042969,81,0.0,0.0
2023-08-30 00:00:00+03:00,82.62273070530863,82.62273070530863,80.13409423828125,80.13409423828125,175,0.0,0.0
2023-08-31 00:00:00+03:00,80.63182067871094,80.63182067871094,80.13409339057074,80.63182067871094,80,0.0,0.0
2023-09-01 00:00:00+03:00,82.12500168501965,82.12500168501965,81.12954711914062,81.12954711914062,50,0.0,0.0
2023-09-04 00:00:00+03:00,81.12954711914062,81.12954711914062,81.12954711914062,81.12954711914062,0,0.0,0.0
2023-09-05 00:00:00+03:00,81.12954711914062,81.12954711914062,81.12954711914062,81.12954711914062,5,0.0,0.0
2023-09-06 00:00:00+03:00,81.12954711914062,81.12954711914062,81.12954711914062,81.12954711914062,11,0.0,0.0
2023-09-07 00:00:00+03:00,81.1295435941672,81.1295435941672,78.64090728759766,78.64090728759766,377,0.0,0.0
2023-09-08 00:00:00+03:00,78.64091320037842,80.6318223953247,77.64545860290528,79.63636779785156,187,0.0,0.0
2023-09-11 00:00:00+03:00,81.62727440208013,81.62727440208013,81.12954711914062,81.12954711914062,83,0.0,0.0
2023-09-12 00:00:00+03:00,77.64545440673828,77.64545440673828,77.64545440673828,77.64545440673828,45,0.0,0.0
2023-09-13 00:00:00+03:00,81.62727699279786,81.62727699279786,79.63636779785156,79.63636779785156,37,0.0,0.0
2023-09-14 00:00:00+03:00,79.63636779785156,79.63636779785156,79.63636779785156,79.63636779785156,0,0.0,0.0
2023-09-15 00:00:00+03:00,79.13863372802734,79.13863372802734,79.13863372802734,79.13863372802734,126,0.0,0.0
2023-09-18 00:00:00+03:00,79.13863372802734,79.13863372802734,79.13863372802734,79.13863372802734,0,0.0,0.0
2023-09-19 00:00:00+03:00,79.63636181022548,79.63636181022548,78.64090728759766,78.64090728759766,151,0.0,0.0
2023-09-20 00:00:00+03:00,78.64091235806482,80.13409423828125,78.64091235806482,80.13409423828125,4,0.0,0.0
2023-09-21 00:00:00+03:00,80.13409423828125,80.13409423828125,80.13409423828125,80.13409423828125,5,0.0,0.0
2023-09-22 00:00:00+03:00,78.64091320037842,79.63636779785156,78.64091320037842,79.63636779785156,47,0.0,0.0
2023-09-25 00:00:00+03:00,78.64090728759766,78.64090728759766,78.64090728759766,78.64090728759766,14,0.0,0.0
2023-09-26 00:00:00+03:00,78.14318590164184,79.63636779785156,78.14318590164184,79.63636779785156,13,0.0,0.0
2023-09-27 00:00:00+03:00,78.14318084716797,78.14318084716797,78.14318084716797,78.14318084716797,96,0.0,0.0
2023-09-28 00:00:00+03:00,78.14318167857635,78.14318167857635,75.15681804754796,77.64545440673828,154,0.0,0.0
2023-09-29 00:00:00+03:00,76.15227259122409,77.64545440673828,76.15227259122409,77.64545440673828,106,0.0,0.0
2023-10-02 00:00:00+03:00,77.64545781988846,77.64545781988846,75.65454864501953,75.65454864501953,36,0.0,0.0
2023-10-03 00:00:00+03:00,75.65454864501953,75.65454864501953,75.65454864501953,75.65454864501953,74,0.0,0.0
2023-10-04 00:00:00+03:00,75.1568153889974,75.1568153889974,74.65908813476562,74.65908813476562,526,0.0,0.0
2023-10-05 00:00:00+03:00,75.6545437197142,78.64090728759766,74.65908919708639,78.64090728759766,103,0.0,0.0
2023-10-06 00:00:00+03:00,78.64090728759766,78.64090728759766,78.64090728759766,78.64090728759766,0,0.0,0.0
2023-10-09 00:00:00+03:00,78.64090728759766,78.64090728759766,78.64090728759766,78.64090728759766,0,0.0,0.0
2023-10-10 00:00:00+03:00,78.6409070315777,78.6409070315777,73.16590717494887,74.16136169433594,694,0.0,0.0
2023-10-11 00:00:00+03:00,74.65908813476562,74.65908813476562,74.65908813476562,74.65908813476562,39,0.0,0.0
2023-10-12 00:00:00+03:00,76.650003232454,77.14773052617123,75.65454864501953,75.65454864501953,58,0.0,0.0
2023-10-13 00:00:00+03:00,76.6500015258789,76.6500015258789,76.6500015258789,76.6500015258789,1,0.0,0.0
2023-10-16 00:00:00+03:00,77.0,77.0,77.0,77.0,0,0.35,0.0
2023-10-17 00:00:00+03:00,75.0,75.0,74.5,75.0,175,0.0,0.0
2023-10-18 00:00:00+03:00,74.0,75.0,73.0,73.0,118,0.0,0.0
2023-10-19 00:00:00+03:00,72.5,74.0,72.5,73.0,211,0.0,0.0
2023-10-20 00:00:00+03:00,72.0,72.0,72.0,72.0,47,0.0,0.0
2023-10-23 00:00:00+03:00,72.0,73.5,72.0,73.5,278,0.0,0.0
2023-10-24 00:00:00+03:00,72.0,72.0,71.0,72.0,87,0.0,0.0
2023-10-25 00:00:00+03:00,72.0,72.0,72.0,72.0,50,0.0,0.0
2023-10-26 00:00:00+03:00,71.0,71.5,71.0,71.5,10,0.0,0.0
2023-10-27 00:00:00+03:00,71.0,71.0,70.0,70.0,189,0.0,0.0
2023-10-30 00:00:00+02:00,70.0,70.0,70.0,70.0,1,0.0,0.0
2023-10-31 00:00:00+02:00,70.0,70.0,70.0,70.0,110,0.0,0.0
2023-11-01 00:00:00+02:00,70.0,70.0,70.0,70.0,0,0.0,0.0
2023-11-02 00:00:00+02:00,72.0,73.5,72.0,73.5,61,0.0,0.0
2023-11-03 00:00:00+02:00,74.5,74.5,74.0,74.0,269,0.0,0.0
2023-11-06 00:00:00+02:00,74.0,74.0,73.5,74.0,52,0.0,0.0
2023-11-07 00:00:00+02:00,75.0,75.5,75.0,75.5,130,0.0,0.0
2023-11-08 00:00:00+02:00,75.0,76.0,75.0,75.0,19,0.0,0.0
2023-11-09 00:00:00+02:00,76.0,76.0,76.0,76.0,7,0.0,0.0
2023-11-10 00:00:00+02:00,76.0,76.0,76.0,76.0,2,0.0,0.0
