Date,Open,High,Low,Close,Volume,Dividends,Stock Splits
2021-12-09 00:00:00+02:00,6.0,6.879000186920166,5.949999809265137,6.559999942779541,421643,0.0,0.0
2021-12-10 00:00:00+02:00,6.800000190734863,6.800000190734863,6.239999771118164,6.400000095367432,110104,0.0,0.0
2021-12-13 00:00:00+02:00,6.480999946594238,6.5,6.35099983215332,6.389999866485596,75526,0.0,0.0
2021-12-14 00:00:00+02:00,6.499000072479248,6.553999900817871,6.300000190734863,6.369999885559082,56272,0.0,0.0
2021-12-15 00:00:00+02:00,6.498000144958496,6.498000144958496,6.349999904632568,6.349999904632568,14654,0.0,0.0
2021-12-16 00:00:00+02:00,6.36899995803833,6.425000190734863,6.360000133514404,6.392000198364258,25999,0.0,0.0
2021-12-17 00:00:00+02:00,6.401000022888184,6.431000232696533,6.25,6.290999889373779,18466,0.0,0.0
2021-12-20 00:00:00+02:00,6.3979997634887695,6.3979997634887695,6.090000152587891,6.199999809265137,14751,0.0,0.0
2021-12-21 00:00:00+02:00,6.210000038146973,6.348999977111816,6.210000038146973,6.250999927520752,8809,0.0,0.0
2021-12-22 00:00:00+02:00,6.343999862670898,6.343999862670898,6.135000228881836,6.199999809265137,12413,0.0,0.0
2021-12-23 00:00:00+02:00,6.301000118255615,6.301000118255615,6.201000213623047,6.297999858856201,7841,0.0,0.0
2021-12-27 00:00:00+02:00,6.309999942779541,6.428999900817871,6.297999858856201,6.382999897003174,7993,0.0,0.0
2021-12-28 00:00:00+02:00,6.382999897003174,6.400000095367432,6.355000019073486,6.375,9332,0.0,0.0
2021-12-29 00:00:00+02:00,6.499000072479248,6.499000072479248,6.390999794006348,6.401000022888184,3781,0.0,0.0
2021-12-30 00:00:00+02:00,6.5,6.5,6.224999904632568,6.300000190734863,10039,0.0,0.0
2022-01-03 00:00:00+02:00,6.300000190734863,6.300000190734863,6.25,6.300000190734863,23710,0.0,0.0
2022-01-04 00:00:00+02:00,6.300000190734863,6.300000190734863,6.201000213623047,6.2210001945495605,25489,0.0,0.0
2022-01-05 00:00:00+02:00,6.239999771118164,6.298999786376953,6.199999809265137,6.230000019073486,17249,0.0,0.0
2022-01-07 00:00:00+02:00,6.260000228881836,6.298999786376953,6.190000057220459,6.224999904632568,4591,0.0,0.0
2022-01-10 00:00:00+02:00,6.230999946594238,6.230999946594238,6.119999885559082,6.119999885559082,9192,0.0,0.0
2022-01-11 00:00:00+02:00,6.119999885559082,6.198999881744385,6.110000133514404,6.110000133514404,3507,0.0,0.0
2022-01-12 00:00:00+02:00,6.159999847412109,6.159999847412109,6.031000137329102,6.056000232696533,11751,0.0,0.0
2022-01-13 00:00:00+02:00,6.079999923706055,6.079999923706055,6.03000020980835,6.03000020980835,4368,0.0,0.0
2022-01-14 00:00:00+02:00,6.03000020980835,6.03000020980835,5.801000118255615,5.929999828338623,11544,0.0,0.0
2022-01-17 00:00:00+02:00,5.929999828338623,6.0,5.809999942779541,5.820000171661377,41636,0.0,0.0
2022-01-18 00:00:00+02:00,5.829999923706055,5.900000095367432,5.650000095367432,5.670000076293945,83841,0.0,0.0
2022-01-19 00:00:00+02:00,5.809999942779541,5.809999942779541,5.510000228881836,5.650000095367432,3242,0.0,0.0
2022-01-20 00:00:00+02:00,5.739999771118164,5.900000095367432,5.5,5.699999809265137,76747,0.0,0.0
2022-01-21 00:00:00+02:00,5.739999771118164,5.849999904632568,5.5,5.519999980926514,117243,0.0,0.0
2022-01-24 00:00:00+02:00,5.519999980926514,5.519999980926514,5.199999809265137,5.389999866485596,12478,0.0,0.0
2022-01-25 00:00:00+02:00,5.389999866485596,5.789999961853027,5.309999942779541,5.53000020980835,3246,0.0,0.0
2022-01-26 00:00:00+02:00,5.599999904632568,5.800000190734863,5.550000190734863,5.690000057220459,8431,0.0,0.0
2022-01-27 00:00:00+02:00,5.75,5.769999980926514,5.460000038146973,5.769999980926514,1823,0.0,0.0
2022-01-28 00:00:00+02:00,5.769999980926514,5.769999980926514,5.5,5.699999809265137,70878,0.0,0.0
2022-01-31 00:00:00+02:00,5.699999809265137,5.699999809265137,5.460000038146973,5.559999942779541,4272,0.0,0.0
2022-02-01 00:00:00+02:00,5.650000095367432,5.75,5.559999942779541,5.730000019073486,4012,0.0,0.0
2022-02-02 00:00:00+02:00,5.5,5.75,5.5,5.599999904632568,36933,0.0,0.0
2022-02-03 00:00:00+02:00,5.690000057220459,5.690000057220459,5.46999979019165,5.46999979019165,5316,0.0,0.0
2022-02-04 00:00:00+02:00,5.46999979019165,5.53000020980835,5.449999809265137,5.53000020980835,3400,0.0,0.0
2022-02-07 00:00:00+02:00,5.650000095367432,6.0,5.650000095367432,5.699999809265137,673137,0.0,0.0
2022-02-08 00:00:00+02:00,5.75,5.75,5.579999923706055,5.670000076293945,1072,0.0,0.0
2022-02-09 00:00:00+02:00,5.670000076293945,5.679999828338623,5.340000152587891,5.670000076293945,4053,0.0,0.0
2022-02-10 00:00:00+02:00,5.650000095367432,5.739999771118164,5.510000228881836,5.550000190734863,4829,0.0,0.0
2022-02-11 00:00:00+02:00,5.699999809265137,5.699999809265137,5.409999847412109,5.630000114440918,614,0.0,0.0
2022-02-14 00:00:00+02:00,5.550000190734863,5.550000190734863,5.25,5.409999847412109,3580,0.0,0.0
2022-02-15 00:00:00+02:00,5.400000095367432,5.619999885559082,5.400000095367432,5.610000133514404,805,0.0,0.0
2022-02-16 00:00:00+02:00,5.909999847412109,5.989999771118164,5.599999904632568,5.599999904632568,13797,0.0,0.0
2022-02-17 00:00:00+02:00,5.949999809265137,5.949999809265137,5.409999847412109,5.599999904632568,6716,0.0,0.0
2022-02-18 00:00:00+02:00,5.380000114440918,5.5,5.300000190734863,5.489999771118164,4627,0.0,0.0
2022-02-21 00:00:00+02:00,5.5,5.679999828338623,5.269999980926514,5.269999980926514,4225,0.0,0.0
2022-02-22 00:00:00+02:00,5.269999980926514,5.300000190734863,5.019999980926514,5.179999828338623,6495,0.0,0.0
2022-02-23 00:00:00+02:00,5.150000095367432,5.489999771118164,5.150000095367432,5.449999809265137,2409,0.0,0.0
2022-02-24 00:00:00+02:00,5.019999980926514,5.400000095367432,5.0,5.25,11198,0.0,0.0
2022-02-25 00:00:00+02:00,5.349999904632568,5.670000076293945,5.349999904632568,5.440000057220459,5373,0.0,0.0
2022-02-28 00:00:00+02:00,5.449999809265137,5.449999809265137,5.139999866485596,5.349999904632568,2583,0.0,0.0
2022-03-01 00:00:00+02:00,5.349999904632568,5.349999904632568,5.199999809265137,5.199999809265137,2407,0.0,0.0
2022-03-02 00:00:00+02:00,5.210000038146973,5.389999866485596,5.059999942779541,5.119999885559082,3393,0.0,0.0
2022-03-03 00:00:00+02:00,5.119999885559082,5.400000095367432,5.119999885559082,5.300000190734863,2198,0.0,0.0
2022-03-04 00:00:00+02:00,5.400000095367432,5.400000095367432,5.0,5.019999980926514,7029,0.0,0.0
2022-03-07 00:00:00+02:00,5.010000228881836,5.099999904632568,4.505000114440918,4.945000171661377,16956,0.0,0.0
2022-03-08 00:00:00+02:00,4.945000171661377,5.179999828338623,4.945000171661377,5.0,5402,0.0,0.0
2022-03-09 00:00:00+02:00,5.0,5.119999885559082,4.985000133514404,5.010000228881836,3174,0.0,0.0
2022-03-10 00:00:00+02:00,5.099999904632568,5.099999904632568,5.0,5.0,6743,0.0,0.0
2022-03-11 00:00:00+02:00,5.0,5.119999885559082,4.755000114440918,5.0,21158,0.0,0.0
2022-03-14 00:00:00+02:00,5.199999809265137,5.199999809265137,4.900000095367432,4.965000152587891,2410,0.0,0.0
2022-03-15 00:00:00+02:00,5.300000190734863,5.300000190734863,5.0,5.0,3775,0.0,0.0
2022-03-16 00:00:00+02:00,5.199999809265137,5.199999809265137,4.925000190734863,4.994999885559082,5646,0.0,0.0
2022-03-17 00:00:00+02:00,5.0,5.0,4.900000095367432,5.0,11025,0.0,0.0
2022-03-18 00:00:00+02:00,5.0,5.0,4.980000019073486,5.0,5794,0.0,0.0
2022-03-21 00:00:00+02:00,5.0,5.0,4.849999904632568,4.900000095367432,1618,0.0,0.0
2022-03-22 00:00:00+02:00,4.900000095367432,4.900000095367432,4.699999809265137,4.735000133514404,11737,0.0,0.0
2022-03-23 00:00:00+02:00,4.699999809265137,4.789999961853027,4.510000228881836,4.59499979019165,4556,0.0,0.0
2022-03-24 00:00:00+02:00,4.795000076293945,4.795000076293945,4.650000095367432,4.664999961853027,2328,0.0,0.0
2022-03-25 00:00:00+02:00,4.769999980926514,4.800000190734863,4.664999961853027,4.695000171661377,4634,0.0,0.0
2022-03-28 00:00:00+03:00,4.695000171661377,4.695000171661377,4.619999885559082,4.695000171661377,3458,0.0,0.0
2022-03-29 00:00:00+03:00,4.699999809265137,4.699999809265137,4.5,4.65500020980835,5933,0.0,0.0
2022-03-30 00:00:00+03:00,4.744999885559082,4.744999885559082,4.539999961853027,4.539999961853027,6477,0.0,0.0
2022-03-31 00:00:00+03:00,4.659999847412109,4.659999847412109,4.409999847412109,4.559999942779541,4787,0.0,0.0
2022-04-01 00:00:00+03:00,4.559999942779541,4.739999771118164,4.420499801635742,4.689000129699707,4056,0.0,0.0
2022-04-04 00:00:00+03:00,4.699999809265137,4.789999961853027,4.579500198364258,4.673500061035156,4558,0.0,0.0
2022-04-05 00:00:00+03:00,4.673500061035156,6.25,4.673500061035156,5.329999923706055,29511,0.0,0.0
2022-04-06 00:00:00+03:00,5.500999927520752,5.730000019073486,5.25,5.263000011444092,27894,0.0,0.0
2022-04-07 00:00:00+03:00,5.349999904632568,5.360000133514404,5.239999771118164,5.28000020980835,7596,0.0,0.0
2022-04-08 00:00:00+03:00,5.309999942779541,5.389999866485596,5.239999771118164,5.239999771118164,6963,0.0,0.0
2022-04-11 00:00:00+03:00,5.239999771118164,5.25,5.179999828338623,5.179999828338623,2461,0.0,0.0
2022-04-12 00:00:00+03:00,5.199999809265137,5.215000152587891,5.179999828338623,5.199999809265137,2158,0.0,0.0
2022-04-13 00:00:00+03:00,5.190000057220459,5.190000057220459,4.800000190734863,5.00600004196167,9026,0.0,0.0
2022-04-14 00:00:00+03:00,5.010000228881836,5.010000228881836,4.8520002365112305,4.972499847412109,4862,0.0,0.0
2022-04-19 00:00:00+03:00,4.980500221252441,5.010000228881836,4.980500221252441,4.985000133514404,4217,0.0,0.0
2022-04-20 00:00:00+03:00,4.994999885559082,4.994999885559082,4.800000190734863,4.800000190734863,7861,0.0,0.0
2022-04-21 00:00:00+03:00,4.860000133514404,4.861499786376953,4.75,4.7855000495910645,3518,0.0,0.0
2022-04-22 00:00:00+03:00,4.826000213623047,4.934999942779541,4.7804999351501465,4.875500202178955,3918,0.0,0.0
2022-04-25 00:00:00+03:00,4.874499797821045,4.94950008392334,4.706500053405762,4.920000076293945,8154,0.0,0.0
2022-04-26 00:00:00+03:00,4.929999828338623,4.929999828338623,4.900000095367432,4.9095001220703125,4531,0.0,0.0
2022-04-27 00:00:00+03:00,4.920000076293945,4.920000076293945,4.800000190734863,4.89900016784668,2918,0.0,0.0
2022-04-28 00:00:00+03:00,4.801000118255615,4.898499965667725,4.739999771118164,4.81850004196167,7576,0.0,0.0
2022-04-29 00:00:00+03:00,4.827499866485596,4.827499866485596,4.703499794006348,4.800000190734863,1966,0.0,0.0
2022-05-02 00:00:00+03:00,4.828999996185303,4.9019999504089355,4.797500133514404,4.797500133514404,2777,0.0,0.0
2022-05-03 00:00:00+03:00,4.800000190734863,4.898499965667725,4.78000020980835,4.78000020980835,191,0.0,0.0
2022-05-04 00:00:00+03:00,4.800000190734863,4.80049991607666,4.75,4.75,2122,0.0,0.0
2022-05-05 00:00:00+03:00,4.75,4.75,4.699999809265137,4.749499797821045,2502,0.0,0.0
2022-05-06 00:00:00+03:00,4.749499797821045,4.75,4.699999809265137,4.699999809265137,139,0.0,0.0
2022-05-09 00:00:00+03:00,4.699999809265137,4.699999809265137,4.400000095367432,4.579500198364258,3504,0.0,0.0
2022-05-10 00:00:00+03:00,4.579500198364258,4.579500198364258,4.46999979019165,4.480000019073486,672,0.0,0.0
2022-05-11 00:00:00+03:00,4.5,4.5,4.300000190734863,4.400000095367432,1515,0.0,0.0
2022-05-12 00:00:00+03:00,4.449999809265137,4.679500102996826,4.449999809265137,4.501999855041504,8138,0.0,0.0
2022-05-13 00:00:00+03:00,4.699999809265137,4.699999809265137,4.679500102996826,4.679999828338623,3715,0.0,0.0
2022-05-16 00:00:00+03:00,4.699999809265137,4.796500205993652,4.4019999504089355,4.500500202178955,6304,0.0,0.0
2022-05-17 00:00:00+03:00,4.790500164031982,4.790500164031982,4.55049991607666,4.71999979019165,2932,0.0,0.0
2022-05-18 00:00:00+03:00,4.71999979019165,4.768499851226807,4.699999809265137,4.709000110626221,3129,0.0,0.0
2022-05-19 00:00:00+03:00,4.699999809265137,4.769999980926514,4.699999809265137,4.710000038146973,414,0.0,0.0
2022-05-20 00:00:00+03:00,4.75,4.75,4.699999809265137,4.699999809265137,442,0.0,0.0
2022-05-23 00:00:00+03:00,4.690499782562256,4.699999809265137,4.690499782562256,4.69950008392334,514,0.0,0.0
2022-05-24 00:00:00+03:00,4.69950008392334,4.699999809265137,4.696499824523926,4.699999809265137,2300,0.0,0.0
2022-05-25 00:00:00+03:00,4.699999809265137,4.699999809265137,4.639999866485596,4.699999809265137,1598,0.0,0.0
2022-05-27 00:00:00+03:00,4.699999809265137,4.699999809265137,4.650000095367432,4.6529998779296875,4491,0.0,0.0
2022-05-30 00:00:00+03:00,4.678999900817871,4.800000190734863,4.678999900817871,4.760000228881836,4827,0.0,0.0
2022-05-31 00:00:00+03:00,4.700500011444092,4.760000228881836,4.699999809265137,4.739500045776367,9105,0.0,0.0
2022-06-01 00:00:00+03:00,4.729499816894531,4.799499988555908,4.650000095367432,4.699999809265137,1156,0.0,0.0
2022-06-02 00:00:00+03:00,4.699999809265137,4.75,4.646500110626221,4.75,4677,0.0,0.0
2022-06-03 00:00:00+03:00,4.739999771118164,4.75,4.699999809265137,4.699999809265137,9182,0.0,0.0
2022-06-06 00:00:00+03:00,4.699999809265137,4.75,4.699999809265137,4.699999809265137,3389,0.0,0.0
2022-06-07 00:00:00+03:00,4.699999809265137,4.739999771118164,4.699999809265137,4.739999771118164,545,0.0,0.0
2022-06-08 00:00:00+03:00,4.739999771118164,4.739999771118164,4.675000190734863,4.675000190734863,654,0.0,0.0
2022-06-09 00:00:00+03:00,4.710000038146973,4.710000038146973,4.650000095367432,4.704999923706055,7222,0.0,0.0
2022-06-10 00:00:00+03:00,4.699999809265137,4.70550012588501,4.659999847412109,4.699999809265137,1520,0.0,0.0
2022-06-13 00:00:00+03:00,4.699999809265137,4.699999809265137,4.650000095367432,4.699999809265137,1866,0.0,0.0
2022-06-14 00:00:00+03:00,4.679999828338623,4.679999828338623,4.400000095367432,4.679500102996826,3804,0.0,0.0
2022-06-15 00:00:00+03:00,4.689499855041504,4.689499855041504,4.400000095367432,4.400000095367432,4590,0.0,0.0
2022-06-16 00:00:00+03:00,4.400000095367432,4.400000095367432,4.010000228881836,4.200500011444092,4553,0.0,0.0
2022-06-17 00:00:00+03:00,4.21999979019165,4.479499816894531,4.21999979019165,4.400000095367432,1648,0.0,0.0
2022-06-20 00:00:00+03:00,4.453999996185303,4.499000072479248,4.400000095367432,4.400000095367432,1168,0.0,0.0
2022-06-21 00:00:00+03:00,4.579500198364258,4.579500198364258,4.395500183105469,4.395999908447266,1566,0.0,0.0
2022-06-22 00:00:00+03:00,4.250999927520752,4.360000133514404,4.25,4.310500144958496,4895,0.0,0.0
2022-06-23 00:00:00+03:00,4.315000057220459,4.315499782562256,4.25,4.299499988555908,454,0.0,0.0
2022-06-27 00:00:00+03:00,4.298999786376953,4.298999786376953,4.199999809265137,4.199999809265137,1505,0.0,0.0
2022-06-28 00:00:00+03:00,4.200500011444092,4.200500011444092,4.199999809265137,4.200500011444092,106,0.0,0.0
2022-06-29 00:00:00+03:00,4.199999809265137,4.400000095367432,4.199999809265137,4.400000095367432,2295,0.0,0.0
2022-06-30 00:00:00+03:00,4.380000114440918,4.380000114440918,4.199999809265137,4.379000186920166,54862,0.0,0.0
2022-07-01 00:00:00+03:00,4.380000114440918,4.399499893188477,4.179999828338623,4.359000205993652,3278,0.0,0.0
2022-07-04 00:00:00+03:00,4.359000205993652,4.359000205993652,4.170499801635742,4.28000020980835,6428,0.0,0.0
2022-07-05 00:00:00+03:00,4.329999923706055,4.329999923706055,4.159999847412109,4.21999979019165,14712,0.0,0.0
2022-07-06 00:00:00+03:00,4.21999979019165,4.25,4.180500030517578,4.199999809265137,7609,0.0,0.0
2022-07-07 00:00:00+03:00,4.210000038146973,4.210000038146973,4.170000076293945,4.190000057220459,3195,0.0,0.0
2022-07-08 00:00:00+03:00,4.210000038146973,4.210000038146973,4.179999828338623,4.179999828338623,7755,0.0,0.0
2022-07-11 00:00:00+03:00,4.21999979019165,4.21999979019165,4.199999809265137,4.218999862670898,2774,0.0,0.0
2022-07-12 00:00:00+03:00,4.218999862670898,4.218999862670898,4.218999862670898,4.218999862670898,4716,0.0,0.0
2022-07-13 00:00:00+03:00,4.218999862670898,4.229000091552734,4.159999847412109,4.159999847412109,2739,0.0,0.0
2022-07-14 00:00:00+03:00,4.179999828338623,4.179999828338623,4.100500106811523,4.150000095367432,15388,0.0,0.0
2022-07-15 00:00:00+03:00,4.179999828338623,4.179999828338623,4.150000095367432,4.17549991607666,2198,0.0,0.0
2022-07-18 00:00:00+03:00,4.150000095367432,4.178999900817871,4.05049991607666,4.178999900817871,1848,0.0,0.0
2022-07-19 00:00:00+03:00,4.179999828338623,4.179999828338623,4.099999904632568,4.159999847412109,671,0.0,0.0
2022-07-20 00:00:00+03:00,4.099999904632568,4.099999904632568,3.950000047683716,4.0995001792907715,21171,0.0,0.0
2022-07-21 00:00:00+03:00,4.099999904632568,4.210000038146973,4.020500183105469,4.197999954223633,4285,0.0,0.0
2022-07-22 00:00:00+03:00,4.197999954223633,4.19950008392334,3.9110000133514404,4.079999923706055,20103,0.0,0.0
2022-07-25 00:00:00+03:00,4.079999923706055,4.229499816894531,4.0,4.168000221252441,11401,0.0,0.0
2022-07-26 00:00:00+03:00,4.168000221252441,4.168000221252441,3.9709999561309814,3.9709999561309814,920,0.0,0.0
2022-07-27 00:00:00+03:00,3.9809999465942383,4.149499893188477,3.9809999465942383,4.149499893188477,13219,0.0,0.0
2022-07-28 00:00:00+03:00,4.149499893188477,4.159999847412109,3.9835000038146973,4.149499893188477,2461,0.0,0.0
2022-07-29 00:00:00+03:00,4.149499893188477,4.149499893188477,4.040500164031982,4.14900016784668,1944,0.0,0.0
2022-08-01 00:00:00+03:00,4.19950008392334,4.19950008392334,4.0,4.011000156402588,7993,0.0,0.0
2022-08-02 00:00:00+03:00,4.149499893188477,4.149499893188477,3.940000057220459,3.940000057220459,3907,0.0,0.0
2022-08-03 00:00:00+03:00,4.0,4.000500202178955,3.940500020980835,4.0,14579,0.0,0.0
2022-08-04 00:00:00+03:00,4.0,4.1595001220703125,3.9200000762939453,4.149499893188477,1373,0.0,0.0
2022-08-05 00:00:00+03:00,4.144999980926514,4.144999980926514,3.9205000400543213,4.138999938964844,1928,0.0,0.0
2022-08-08 00:00:00+03:00,4.050000190734863,4.150000095367432,4.050000190734863,4.070000171661377,1377,0.0,0.0
2022-08-09 00:00:00+03:00,4.16949987411499,4.16949987411499,4.070499897003174,4.149499893188477,2274,0.0,0.0
2022-08-10 00:00:00+03:00,4.099999904632568,4.149499893188477,4.010000228881836,4.050000190734863,9911,0.0,0.0
2022-08-11 00:00:00+03:00,4.0,4.0,3.9205000400543213,3.9800000190734863,7331,0.0,0.0
2022-08-12 00:00:00+03:00,3.999500036239624,4.099999904632568,3.998500108718872,4.099999904632568,24189,0.0,0.0
2022-08-15 00:00:00+03:00,4.000999927520752,4.149499893188477,3.9700000286102295,4.0,4016,0.0,0.0
2022-08-16 00:00:00+03:00,4.099999904632568,4.099999904632568,4.0,4.010000228881836,20426,0.0,0.0
2022-08-17 00:00:00+03:00,3.9600000381469727,4.049499988555908,3.950500011444092,3.950500011444092,2880,0.0,0.0
2022-08-18 00:00:00+03:00,3.9509999752044678,4.050000190734863,3.9509999752044678,4.050000190734863,1782,0.0,0.0
2022-08-19 00:00:00+03:00,4.034999847412109,4.049499988555908,3.950000047683716,3.9704999923706055,4033,0.0,0.0
2022-08-22 00:00:00+03:00,4.0,4.050000190734863,4.0,4.0,736,0.0,0.0
2022-08-23 00:00:00+03:00,4.049499988555908,4.049499988555908,3.9700000286102295,3.999500036239624,3079,0.0,0.0
2022-08-24 00:00:00+03:00,3.9600000381469727,3.999500036239624,3.950000047683716,3.999500036239624,4643,0.0,0.0
2022-08-25 00:00:00+03:00,3.999500036239624,3.999500036239624,3.950000047683716,3.950000047683716,2946,0.0,0.0
2022-08-26 00:00:00+03:00,3.940500020980835,3.950000047683716,3.9200000762939453,3.9200000762939453,12852,0.0,0.0
2022-08-29 00:00:00+03:00,3.930500030517578,3.944999933242798,3.9000000953674316,3.9000000953674316,6436,0.0,0.0
2022-08-30 00:00:00+03:00,3.9144999980926514,4.0,3.9144999980926514,3.99399995803833,15397,0.0,0.0
2022-08-31 00:00:00+03:00,4.0,4.0,3.890000104904175,3.9695000648498535,9562,0.0,0.0
2022-09-01 00:00:00+03:00,3.890000104904175,3.9700000286102295,3.870500087738037,3.880500078201294,3461,0.0,0.0
2022-09-02 00:00:00+03:00,3.950000047683716,3.950000047683716,3.820499897003174,3.820499897003174,601,0.0,0.0
2022-09-05 00:00:00+03:00,3.80049991607666,3.950000047683716,3.7200000286102295,3.7200000286102295,16503,0.0,0.0
2022-09-06 00:00:00+03:00,3.6500000953674316,3.799999952316284,3.6500000953674316,3.799999952316284,712,0.0,0.0
2022-09-07 00:00:00+03:00,3.700000047683716,3.9035000801086426,3.700000047683716,3.859999895095825,425,0.0,0.0
2022-09-08 00:00:00+03:00,3.9100000858306885,3.94950008392334,3.799999952316284,3.799999952316284,1805,0.0,0.0
2022-09-09 00:00:00+03:00,3.799499988555908,3.9489998817443848,3.799499988555908,3.8984999656677246,768,0.0,0.0
2022-09-12 00:00:00+03:00,3.890000104904175,3.890000104904175,3.75,3.8475000858306885,6617,0.0,0.0
2022-09-13 00:00:00+03:00,3.753000020980835,3.94950008392334,3.75,3.75,5994,0.0,0.0
2022-09-14 00:00:00+03:00,3.7200000286102295,3.929500102996826,3.7200000286102295,3.7709999084472656,14777,0.0,0.0
2022-09-15 00:00:00+03:00,3.799999952316284,3.939500093460083,3.799999952316284,3.8489999771118164,3764,0.0,0.0
2022-09-16 00:00:00+03:00,3.819499969482422,3.939500093460083,3.805000066757202,3.929500102996826,6364,0.0,0.0
2022-09-19 00:00:00+03:00,3.879499912261963,3.9195001125335693,3.7699999809265137,3.7699999809265137,4415,0.0,0.0
2022-09-20 00:00:00+03:00,3.7704999446868896,3.8494999408721924,3.75,3.799999952316284,3157,0.0,0.0
2022-09-21 00:00:00+03:00,3.819999933242798,3.8499999046325684,3.7304999828338623,3.819999933242798,1413,0.0,0.0
2022-09-22 00:00:00+03:00,3.7699999809265137,3.8499999046325684,3.7300000190734863,3.799999952316284,18042,0.0,0.0
2022-09-23 00:00:00+03:00,3.809999942779541,3.8494999408721924,3.687000036239624,3.75,4090,0.0,0.0
2022-09-26 00:00:00+03:00,3.75,3.75,3.6700000762939453,3.700000047683716,1960,0.0,0.0
2022-09-27 00:00:00+03:00,3.799999952316284,3.799999952316284,3.680000066757202,3.680000066757202,9770,0.0,0.0
2022-09-28 00:00:00+03:00,3.680000066757202,3.680500030517578,3.549999952316284,3.5864999294281006,8751,0.0,0.0
2022-09-29 00:00:00+03:00,3.5999999046325684,3.5999999046325684,3.450000047683716,3.450000047683716,15640,0.0,0.0
2022-09-30 00:00:00+03:00,3.5399999618530273,3.5399999618530273,3.4200000762939453,3.5,569,0.0,0.0
2022-10-03 00:00:00+03:00,3.500499963760376,3.500499963760376,3.3299999237060547,3.450000047683716,3852,0.0,0.0
2022-10-04 00:00:00+03:00,3.450000047683716,3.509500026702881,3.3299999237060547,3.3299999237060547,2184,0.0,0.0
2022-10-05 00:00:00+03:00,3.5,3.509500026702881,3.2799999713897705,3.489500045776367,11780,0.0,0.0
2022-10-06 00:00:00+03:00,3.5,3.5,3.180000066757202,3.2899999618530273,12730,0.0,0.0
2022-10-07 00:00:00+03:00,3.3994998931884766,3.3994998931884766,3.180000066757202,3.249000072479248,1264,0.0,0.0
2022-10-10 00:00:00+03:00,3.180000066757202,3.2200000286102295,3.180000066757202,3.200000047683716,3031,0.0,0.0
2022-10-11 00:00:00+03:00,3.4000000953674316,3.4000000953674316,3.0,3.069999933242798,13865,0.0,0.0
2022-10-12 00:00:00+03:00,3.0994999408721924,3.0999999046325684,3.059999942779541,3.0899999141693115,9379,0.0,0.0
2022-10-13 00:00:00+03:00,3.0994999408721924,3.0999999046325684,3.0899999141693115,3.0989999771118164,2668,0.0,0.0
2022-10-14 00:00:00+03:00,3.0999999046325684,3.0999999046325684,2.990000009536743,2.990000009536743,2279,0.0,0.0
2022-10-17 00:00:00+03:00,3.0195000171661377,3.049999952316284,2.880000114440918,2.880000114440918,14621,0.0,0.0
2022-10-18 00:00:00+03:00,2.94950008392334,2.950000047683716,2.700500011444092,2.8994998931884766,5785,0.0,0.0
2022-10-19 00:00:00+03:00,2.989000082015991,2.989000082015991,2.799999952316284,2.9000000953674316,6309,0.0,0.0
2022-10-20 00:00:00+03:00,2.9000000953674316,2.9000000953674316,2.799999952316284,2.799999952316284,2572,0.0,0.0
2022-10-21 00:00:00+03:00,2.8994998931884766,2.8994998931884766,2.799999952316284,2.799999952316284,1159,0.0,0.0
2022-10-24 00:00:00+03:00,2.799999952316284,2.9000000953674316,2.700000047683716,2.9000000953674316,2004,0.0,0.0
2022-10-25 00:00:00+03:00,2.8994998931884766,2.8994998931884766,2.7100000381469727,2.819499969482422,3745,0.0,0.0
2022-10-26 00:00:00+03:00,2.809999942779541,2.809999942779541,2.700000047683716,2.799999952316284,4533,0.0,0.0
2022-10-27 00:00:00+03:00,2.799999952316284,2.819999933242798,2.799999952316284,2.799999952316284,965,0.0,0.0
2022-10-28 00:00:00+03:00,2.8994998931884766,2.8994998931884766,2.700500011444092,2.8299999237060547,2988,0.0,0.0
2022-10-31 00:00:00+02:00,2.8994998931884766,2.9000000953674316,2.8994998931884766,2.9000000953674316,471,0.0,0.0
2022-11-01 00:00:00+02:00,2.8994998931884766,2.9000000953674316,2.799999952316284,2.8499999046325684,3760,0.0,0.0
2022-11-02 00:00:00+02:00,2.8499999046325684,2.9000000953674316,2.799999952316284,2.859999895095825,2314,0.0,0.0
2022-11-03 00:00:00+02:00,2.9000000953674316,2.9000000953674316,2.799999952316284,2.8989999294281006,4117,0.0,0.0
2022-11-04 00:00:00+02:00,2.8994998931884766,2.8994998931884766,2.828000068664551,2.880000114440918,1291,0.0,0.0
2022-11-07 00:00:00+02:00,2.880000114440918,2.880000114440918,2.8399999141693115,2.8399999141693115,796,0.0,0.0
2022-11-08 00:00:00+02:00,2.8420000076293945,2.880000114440918,2.799999952316284,2.869999885559082,5794,0.0,0.0
2022-11-09 00:00:00+02:00,2.755500078201294,2.8499999046325684,2.700000047683716,2.75,18668,0.0,0.0
2022-11-10 00:00:00+02:00,2.740000009536743,2.819499969482422,2.700000047683716,2.7899999618530273,11912,0.0,0.0
2022-11-11 00:00:00+02:00,2.799999952316284,2.880000114440918,2.75,2.859499931335449,11857,0.0,0.0
2022-11-14 00:00:00+02:00,2.859499931335449,2.8894999027252197,2.75,2.869499921798706,2661,0.0,0.0
2022-11-15 00:00:00+02:00,2.869999885559082,2.950000047683716,2.760499954223633,2.950000047683716,52684,0.0,0.0
2022-11-16 00:00:00+02:00,2.950000047683716,2.950000047683716,2.8499999046325684,2.8499999046325684,2625,0.0,0.0
2022-11-17 00:00:00+02:00,2.8304998874664307,2.9800000190734863,2.8304998874664307,2.8499999046325684,2380,0.0,0.0
2022-11-18 00:00:00+02:00,2.8994998931884766,2.9000000953674316,2.8304998874664307,2.8894999027252197,3914,0.0,0.0
2022-11-21 00:00:00+02:00,2.890000104904175,2.890000104904175,2.7799999713897705,2.799999952316284,2357,0.0,0.0
2022-11-22 00:00:00+02:00,2.799999952316284,2.8894999027252197,2.799999952316284,2.8489999771118164,11643,0.0,0.0
2022-11-23 00:00:00+02:00,2.8494999408721924,2.8494999408721924,2.799999952316284,2.8489999771118164,5569,0.0,0.0
2022-11-24 00:00:00+02:00,2.8485000133514404,2.8489999771118164,2.799999952316284,2.805000066757202,5588,0.0,0.0
2022-11-25 00:00:00+02:00,2.8350000381469727,2.990000009536743,2.815000057220459,2.8499999046325684,16746,0.0,0.0
2022-11-28 00:00:00+02:00,2.869999885559082,3.0199999809265137,2.869999885559082,2.9649999141693115,15744,0.0,0.0
2022-11-29 00:00:00+02:00,3.0,3.0,2.869999885559082,2.944999933242798,3791,0.0,0.0
2022-11-30 00:00:00+02:00,2.994999885559082,3.0,2.8499999046325684,2.9000000953674316,13177,0.0,0.0
2022-12-01 00:00:00+02:00,2.994999885559082,3.0,2.9000000953674316,3.0,40519,0.0,0.0
2022-12-02 00:00:00+02:00,2.994999885559082,3.140000104904175,2.9600000381469727,2.984999895095825,22437,0.0,0.0
2022-12-05 00:00:00+02:00,2.9800000190734863,3.0,2.8499999046325684,2.8550000190734863,16712,0.0,0.0
2022-12-07 00:00:00+02:00,2.950000047683716,2.9549999237060547,2.8499999046325684,2.8499999046325684,6779,0.0,0.0
2022-12-08 00:00:00+02:00,2.950000047683716,2.950000047683716,2.799999952316284,2.815000057220459,8634,0.0,0.0
2022-12-09 00:00:00+02:00,2.815000057220459,2.815000057220459,2.7750000953674316,2.809999942779541,4770,0.0,0.0
2022-12-12 00:00:00+02:00,2.809999942779541,2.9000000953674316,2.759999990463257,2.8949999809265137,5203,0.0,0.0
2022-12-13 00:00:00+02:00,2.859999895095825,2.859999895095825,2.799999952316284,2.819999933242798,9837,0.0,0.0
2022-12-14 00:00:00+02:00,2.819999933242798,2.865000009536743,2.805000066757202,2.865000009536743,1589,0.0,0.0
2022-12-15 00:00:00+02:00,2.865000009536743,2.865000009536743,2.75,2.799999952316284,5461,0.0,0.0
2022-12-16 00:00:00+02:00,2.799999952316284,2.815000057220459,2.759999990463257,2.759999990463257,3173,0.0,0.0
2022-12-19 00:00:00+02:00,2.75,2.759999990463257,2.640000104904175,2.7200000286102295,7215,0.0,0.0
2022-12-20 00:00:00+02:00,2.7100000381469727,2.7100000381469727,2.609999895095825,2.694999933242798,1576,0.0,0.0
2022-12-21 00:00:00+02:00,2.609999895095825,2.6649999618530273,2.515000104904175,2.6050000190734863,13406,0.0,0.0
2022-12-22 00:00:00+02:00,2.6050000190734863,2.6700000762939453,2.5999999046325684,2.6700000762939453,6483,0.0,0.0
2022-12-23 00:00:00+02:00,2.6700000762939453,2.7200000286102295,2.5999999046325684,2.5999999046325684,9968,0.0,0.0
2022-12-27 00:00:00+02:00,2.694999933242798,2.694999933242798,2.609999895095825,2.6649999618530273,18049,0.0,0.0
2022-12-28 00:00:00+02:00,2.680000066757202,2.990000009536743,2.680000066757202,2.9800000190734863,78755,0.0,0.0
2022-12-29 00:00:00+02:00,3.0,3.0,2.9000000953674316,2.9649999141693115,33251,0.0,0.0
2022-12-30 00:00:00+02:00,2.994999885559082,3.059999942779541,2.984999895095825,3.049999952316284,42046,0.0,0.0
2023-01-02 00:00:00+02:00,3.0899999141693115,3.0999999046325684,3.0850000381469727,3.0999999046325684,10536,0.0,0.0
2023-01-03 00:00:00+02:00,3.0999999046325684,3.0999999046325684,3.005000114440918,3.0299999713897705,5484,0.0,0.0
2023-01-04 00:00:00+02:00,3.0899999141693115,3.0899999141693115,3.0299999713897705,3.0299999713897705,5067,0.0,0.0
2023-01-05 00:00:00+02:00,3.0950000286102295,3.0950000286102295,3.009999990463257,3.009999990463257,3020,0.0,0.0
2023-01-09 00:00:00+02:00,3.0999999046325684,3.0999999046325684,3.0250000953674316,3.0950000286102295,7327,0.0,0.0
2023-01-10 00:00:00+02:00,3.0999999046325684,3.0999999046325684,3.0950000286102295,3.0999999046325684,2513,0.0,0.0
2023-01-11 00:00:00+02:00,3.0999999046325684,3.0999999046325684,3.0350000858306885,3.065000057220459,10292,0.0,0.0
2023-01-12 00:00:00+02:00,3.0999999046325684,3.0999999046325684,3.0,3.0999999046325684,3588,0.0,0.0
2023-01-13 00:00:00+02:00,3.0999999046325684,3.0999999046325684,3.055000066757202,3.069999933242798,74375,0.0,0.0
2023-01-16 00:00:00+02:00,3.0999999046325684,3.0999999046325684,3.0299999713897705,3.0799999237060547,9119,0.0,0.0
2023-01-17 00:00:00+02:00,3.0999999046325684,3.0999999046325684,3.0299999713897705,3.0850000381469727,1928,0.0,0.0
2023-01-18 00:00:00+02:00,3.0899999141693115,3.0950000286102295,3.059999942779541,3.0950000286102295,314,0.0,0.0
2023-01-19 00:00:00+02:00,3.0950000286102295,3.0950000286102295,3.0,3.0,5998,0.0,0.0
2023-01-20 00:00:00+02:00,3.0399999618530273,3.069999933242798,3.015000104904175,3.015000104904175,2055,0.0,0.0
2023-01-23 00:00:00+02:00,3.069999933242798,3.0999999046325684,3.059999942779541,3.059999942779541,2293,0.0,0.0
2023-01-24 00:00:00+02:00,3.0999999046325684,3.0999999046325684,3.065000057220459,3.065000057220459,2356,0.0,0.0
2023-01-25 00:00:00+02:00,3.0950000286102295,3.0950000286102295,3.0,3.0450000762939453,8185,0.0,0.0
2023-01-26 00:00:00+02:00,3.0450000762939453,3.0999999046325684,3.005000114440918,3.0950000286102295,2991,0.0,0.0
2023-01-27 00:00:00+02:00,3.0999999046325684,3.180000066757202,3.049999952316284,3.049999952316284,8738,0.0,0.0
2023-01-30 00:00:00+02:00,3.049999952316284,3.140000104904175,3.049999952316284,3.0850000381469727,10905,0.0,0.0
2023-01-31 00:00:00+02:00,3.0899999141693115,3.134999990463257,3.0850000381469727,3.0850000381469727,2177,0.0,0.0
2023-02-01 00:00:00+02:00,3.0850000381469727,3.134999990463257,3.069999933242798,3.0950000286102295,1049,0.0,0.0
2023-02-02 00:00:00+02:00,3.140000104904175,3.140000104904175,3.115000009536743,3.115000009536743,1649,0.0,0.0
2023-02-03 00:00:00+02:00,3.115000009536743,3.115000009536743,3.049999952316284,3.049999952316284,2724,0.0,0.0
2023-02-06 00:00:00+02:00,3.049999952316284,3.0799999237060547,3.0199999809265137,3.0299999713897705,5158,0.0,0.0
2023-02-07 00:00:00+02:00,3.009999990463257,3.0999999046325684,2.9700000286102295,2.990000009536743,2951,0.0,0.0
2023-02-08 00:00:00+02:00,3.0899999141693115,3.0899999141693115,3.0,3.075000047683716,8025,0.0,0.0
2023-02-09 00:00:00+02:00,3.0399999618530273,3.0950000286102295,3.0,3.0199999809265137,2578,0.0,0.0
2023-02-10 00:00:00+02:00,3.0350000858306885,3.0999999046325684,2.984999895095825,3.0,13543,0.0,0.0
2023-02-13 00:00:00+02:00,3.049999952316284,3.0999999046325684,3.049999952316284,3.0999999046325684,26041,0.0,0.0
2023-02-14 00:00:00+02:00,3.049999952316284,3.0850000381469727,2.9000000953674316,2.9749999046325684,13651,0.0,0.0
2023-02-15 00:00:00+02:00,3.0,3.0,2.9000000953674316,2.950000047683716,4672,0.0,0.0
2023-02-16 00:00:00+02:00,2.9549999237060547,3.0899999141693115,2.8949999809265137,3.069999933242798,3471,0.0,0.0
2023-02-17 00:00:00+02:00,3.0850000381469727,3.0850000381469727,2.9100000858306885,3.075000047683716,1524,0.0,0.0
2023-02-20 00:00:00+02:00,3.065000057220459,3.0799999237060547,3.009999990463257,3.0450000762939453,2699,0.0,0.0
2023-02-21 00:00:00+02:00,3.049999952316284,3.0850000381469727,2.934999942779541,3.0,5791,0.0,0.0
2023-02-22 00:00:00+02:00,3.069999933242798,3.069999933242798,2.930000066757202,2.944999933242798,3494,0.0,0.0
2023-02-23 00:00:00+02:00,2.9800000190734863,3.0,2.950000047683716,2.950000047683716,947,0.0,0.0
2023-02-24 00:00:00+02:00,3.0250000953674316,3.0250000953674316,2.9600000381469727,2.9600000381469727,1294,0.0,0.0
2023-02-27 00:00:00+02:00,3.075000047683716,3.075000047683716,2.9200000762939453,2.924999952316284,5212,0.0,0.0
2023-02-28 00:00:00+02:00,3.0,3.0,2.9200000762939453,2.9200000762939453,925,0.0,0.0
2023-03-01 00:00:00+02:00,2.930000066757202,2.930000066757202,2.875,2.875,3822,0.0,0.0
2023-03-02 00:00:00+02:00,2.944999933242798,2.944999933242798,2.825000047683716,2.825000047683716,3909,0.0,0.0
2023-03-03 00:00:00+02:00,2.825000047683716,2.8399999141693115,2.799999952316284,2.799999952316284,1477,0.0,0.0
2023-03-06 00:00:00+02:00,2.819999933242798,2.8399999141693115,2.799999952316284,2.809999942779541,3870,0.0,0.0
2023-03-07 00:00:00+02:00,2.809999942779541,2.809999942779541,2.684999942779541,2.700000047683716,9825,0.0,0.0
2023-03-08 00:00:00+02:00,2.680000066757202,2.7950000762939453,2.630000114440918,2.630000114440918,6762,0.0,0.0
2023-03-09 00:00:00+02:00,2.7950000762939453,2.7950000762939453,2.6600000858306885,2.7100000381469727,1401,0.0,0.0
2023-03-10 00:00:00+02:00,2.75,2.75,2.5450000762939453,2.75,13714,0.0,0.0
2023-03-13 00:00:00+02:00,2.740000009536743,2.740000009536743,2.5399999618530273,2.5399999618530273,4558,0.0,0.0
2023-03-14 00:00:00+02:00,2.549999952316284,2.690000057220459,2.549999952316284,2.559999942779541,12499,0.0,0.0
2023-03-15 00:00:00+02:00,2.5999999046325684,2.5999999046325684,2.569999933242798,2.569999933242798,2550,0.0,0.0
2023-03-16 00:00:00+02:00,2.569999933242798,2.755000114440918,2.5350000858306885,2.549999952316284,3026,0.0,0.0
2023-03-17 00:00:00+02:00,2.5999999046325684,2.5999999046325684,2.490000009536743,2.490000009536743,1445,0.0,0.0
2023-03-20 00:00:00+02:00,2.484999895095825,2.490000009536743,2.25,2.369999885559082,1975,0.0,0.0
2023-03-21 00:00:00+02:00,2.375,2.375,2.2249999046325684,2.255000114440918,11613,0.0,0.0
2023-03-22 00:00:00+02:00,2.299999952316284,2.319999933242798,2.2699999809265137,2.2699999809265137,7901,0.0,0.0
2023-03-23 00:00:00+02:00,2.3499999046325684,2.359999895095825,2.2699999809265137,2.3399999141693115,3962,0.0,0.0
2023-03-24 00:00:00+02:00,2.3399999141693115,2.3450000286102295,2.309999942779541,2.325000047683716,5170,0.0,0.0
2023-03-27 00:00:00+03:00,2.319999933242798,2.375,2.309999942779541,2.309999942779541,505,0.0,0.0
2023-03-28 00:00:00+03:00,2.365000009536743,2.365000009536743,2.265000104904175,2.299999952316284,5179,0.0,0.0
2023-03-29 00:00:00+03:00,2.315000057220459,2.5,2.2699999809265137,2.5,35342,0.0,0.0
2023-03-30 00:00:00+03:00,2.549999952316284,2.5850000381469727,2.390000104904175,2.5,23777,0.0,0.0
2023-03-31 00:00:00+03:00,2.5850000381469727,2.7950000762939453,2.569999933242798,2.7899999618530273,16458,0.0,0.0
2023-04-03 00:00:00+03:00,2.880000114440918,3.440000057220459,2.880000114440918,3.140000104904175,34117,0.0,0.0
2023-04-04 00:00:00+03:00,3.1500000953674316,3.200000047683716,2.950000047683716,2.950000047683716,18526,0.0,0.0
2023-04-05 00:00:00+03:00,3.049999952316284,3.1500000953674316,2.9600000381469727,3.109999895095825,18393,0.0,0.0
2023-04-06 00:00:00+03:00,3.009999990463257,3.140000104904175,3.009999990463257,3.109999895095825,9455,0.0,0.0
2023-04-11 00:00:00+03:00,3.109999895095825,3.109999895095825,2.9000000953674316,2.9100000858306885,5381,0.0,0.0
2023-04-12 00:00:00+03:00,2.9100000858306885,2.990000009536743,2.8299999237060547,2.990000009536743,1492,0.0,0.0
2023-04-13 00:00:00+03:00,2.9100000858306885,3.069999933242798,2.9100000858306885,2.9800000190734863,348,0.0,0.0
2023-04-14 00:00:00+03:00,2.990000009536743,2.990000009536743,2.9200000762939453,2.9200000762939453,1341,0.0,0.0
2023-04-17 00:00:00+03:00,2.9800000190734863,3.049999952316284,2.9800000190734863,3.0299999713897705,8937,0.0,0.0
2023-04-18 00:00:00+03:00,3.0299999713897705,3.049999952316284,2.9800000190734863,2.9800000190734863,1976,0.0,0.0
2023-04-19 00:00:00+03:00,2.9100000858306885,3.049999952316284,2.9100000858306885,2.9200000762939453,2990,0.0,0.0
2023-04-20 00:00:00+03:00,2.9100000858306885,2.9600000381469727,2.9000000953674316,2.950000047683716,1733,0.0,0.0
2023-04-21 00:00:00+03:00,2.950000047683716,2.950000047683716,2.819999933242798,2.9000000953674316,2103,0.0,0.0
2023-04-24 00:00:00+03:00,2.9000000953674316,2.9000000953674316,2.799999952316284,2.799999952316284,5059,0.0,0.0
2023-04-25 00:00:00+03:00,2.9700000286102295,2.9700000286102295,2.7200000286102295,2.7699999809265137,5222,0.0,0.0
2023-04-26 00:00:00+03:00,2.8299999237060547,2.950000047683716,2.819999933242798,2.8399999141693115,3429,0.0,0.0
2023-04-27 00:00:00+03:00,2.9000000953674316,2.9000000953674316,2.75,2.759999990463257,2849,0.0,0.0
2023-04-28 00:00:00+03:00,2.880000114440918,2.880000114440918,2.759999990463257,2.799999952316284,651,0.0,0.0
2023-05-02 00:00:00+03:00,2.799999952316284,2.950000047683716,2.740000009536743,2.740000009536743,1677,0.0,0.0
2023-05-03 00:00:00+03:00,2.7300000190734863,2.7300000190734863,2.5899999141693115,2.6500000953674316,2333,0.0,0.0
2023-05-04 00:00:00+03:00,2.619999885559082,2.859999895095825,2.5899999141693115,2.5899999141693115,14575,0.0,0.0
2023-05-05 00:00:00+03:00,2.690000057220459,2.8399999141693115,2.690000057220459,2.700000047683716,6048,0.0,0.0
2023-05-08 00:00:00+03:00,2.7899999618530273,2.799999952316284,2.5999999046325684,2.690000057220459,4356,0.0,0.0
2023-05-09 00:00:00+03:00,2.690000057220459,2.7699999809265137,2.5999999046325684,2.6500000953674316,1439,0.0,0.0
2023-05-10 00:00:00+03:00,2.6500000953674316,2.740000009536743,2.549999952316284,2.5999999046325684,865,0.0,0.0
2023-05-11 00:00:00+03:00,2.690000057220459,2.690000057220459,2.559999942779541,2.5999999046325684,570,0.0,0.0
2023-05-12 00:00:00+03:00,2.700000047683716,2.700000047683716,2.559999942779541,2.559999942779541,812,0.0,0.0
2023-05-15 00:00:00+03:00,2.559999942779541,2.6600000858306885,2.509999990463257,2.6600000858306885,1943,0.0,0.0
2023-05-16 00:00:00+03:00,2.5,2.549999952316284,2.5,2.549999952316284,387,0.0,0.0
2023-05-17 00:00:00+03:00,2.6600000858306885,2.6600000858306885,2.5,2.5,1837,0.0,0.0
2023-05-19 00:00:00+03:00,2.6600000858306885,2.6600000858306885,2.5,2.5999999046325684,872,0.0,0.0
2023-05-22 00:00:00+03:00,2.700000047683716,2.7100000381469727,2.549999952316284,2.630000114440918,22659,0.0,0.0
2023-05-23 00:00:00+03:00,2.700000047683716,2.700000047683716,2.5399999618530273,2.5899999141693115,7530,0.0,0.0
2023-05-24 00:00:00+03:00,2.5299999713897705,2.6500000953674316,2.5,2.6500000953674316,3679,0.0,0.0
2023-05-25 00:00:00+03:00,2.5199999809265137,2.5999999046325684,2.5199999809265137,2.5999999046325684,806,0.0,0.0
2023-05-26 00:00:00+03:00,2.5999999046325684,2.5999999046325684,2.509999990463257,2.5799999237060547,11311,0.0,0.0
2023-05-29 00:00:00+03:00,2.5799999237060547,2.6600000858306885,2.509999990463257,2.640000104904175,519,0.0,0.0
2023-05-30 00:00:00+03:00,2.690000057220459,2.690000057220459,2.5799999237060547,2.5799999237060547,3032,0.0,0.0
2023-05-31 00:00:00+03:00,2.5799999237060547,2.5899999141693115,2.4200000762939453,2.5899999141693115,7856,0.0,0.0
2023-06-01 00:00:00+03:00,2.5899999141693115,2.630000114440918,2.5899999141693115,2.5899999141693115,208,0.0,0.0
2023-06-02 00:00:00+03:00,2.5899999141693115,2.5899999141693115,2.440000057220459,2.569999933242798,4090,0.0,0.0
2023-06-05 00:00:00+03:00,2.569999933242798,2.5799999237060547,2.5,2.5799999237060547,1063,0.0,0.0
2023-06-06 00:00:00+03:00,2.6700000762939453,2.6700000762939453,2.5,2.5999999046325684,1716,0.0,0.0
2023-06-07 00:00:00+03:00,2.6500000953674316,2.6500000953674316,2.4600000381469727,2.549999952316284,1137,0.0,0.0
2023-06-08 00:00:00+03:00,2.5,2.5,2.450000047683716,2.450000047683716,2204,0.0,0.0
2023-06-09 00:00:00+03:00,2.450000047683716,2.5799999237060547,2.450000047683716,2.5399999618530273,541,0.0,0.0
2023-06-12 00:00:00+03:00,2.5299999713897705,2.5299999713897705,2.380000114440918,2.380000114440918,2961,0.0,0.0
2023-06-13 00:00:00+03:00,2.6600000858306885,2.6600000858306885,2.430000066757202,2.490000009536743,70,0.0,0.0
2023-06-14 00:00:00+03:00,2.490000009536743,2.490000009536743,2.4800000190734863,2.4800000190734863,2239,0.0,0.0
2023-06-15 00:00:00+03:00,2.5,2.5399999618530273,2.490000009536743,2.490000009536743,1988,0.0,0.0
2023-06-16 00:00:00+03:00,2.5799999237060547,2.5899999141693115,2.4200000762939453,2.5,17070,0.0,0.0
2023-06-19 00:00:00+03:00,2.549999952316284,2.5999999046325684,2.5,2.5899999141693115,8835,0.0,0.0
2023-06-20 00:00:00+03:00,2.5999999046325684,2.6700000762939453,2.5899999141693115,2.5899999141693115,2089,0.0,0.0
2023-06-21 00:00:00+03:00,2.619999885559082,2.619999885559082,2.559999942779541,2.559999942779541,66,0.0,0.0
2023-06-22 00:00:00+03:00,2.609999895095825,2.609999895095825,2.4600000381469727,2.549999952316284,4173,0.0,0.0
2023-06-26 00:00:00+03:00,2.549999952316284,2.549999952316284,2.430000066757202,2.5,307,0.0,0.0
2023-06-27 00:00:00+03:00,2.5999999046325684,3.190000057220459,2.559999942779541,2.9000000953674316,27822,0.0,0.0
2023-06-28 00:00:00+03:00,3.0199999809265137,3.0299999713897705,2.809999942779541,2.8399999141693115,21418,0.0,0.0
2023-06-29 00:00:00+03:00,2.890000104904175,3.0,2.8399999141693115,2.8399999141693115,8853,0.0,0.0
2023-06-30 00:00:00+03:00,2.8499999046325684,2.9000000953674316,2.799999952316284,2.8299999237060547,5278,0.0,0.0
2023-07-03 00:00:00+03:00,2.950000047683716,2.990000009536743,2.8499999046325684,2.8499999046325684,40680,0.0,0.0
2023-07-04 00:00:00+03:00,2.869999885559082,2.880000114440918,2.690000057220459,2.700000047683716,24072,0.0,0.0
2023-07-05 00:00:00+03:00,2.690000057220459,2.700000047683716,2.6500000953674316,2.6700000762939453,4512,0.0,0.0
2023-07-06 00:00:00+03:00,2.6700000762939453,2.700000047683716,2.630000114440918,2.6500000953674316,6155,0.0,0.0
2023-07-07 00:00:00+03:00,2.700000047683716,2.700000047683716,2.6500000953674316,2.700000047683716,5390,0.0,0.0
2023-07-10 00:00:00+03:00,2.700000047683716,2.700000047683716,2.6500000953674316,2.6500000953674316,6433,0.0,0.0
2023-07-11 00:00:00+03:00,2.6600000858306885,2.700000047683716,2.6500000953674316,2.700000047683716,1156,0.0,0.0
2023-07-12 00:00:00+03:00,2.700000047683716,2.700000047683716,2.5,2.640000104904175,14702,0.0,0.0
2023-07-13 00:00:00+03:00,2.5999999046325684,2.5999999046325684,2.4700000286102295,2.4700000286102295,21794,0.0,0.0
2023-07-14 00:00:00+03:00,2.559999942779541,2.559999942779541,2.4600000381469727,2.5,8754,0.0,0.0
2023-07-17 00:00:00+03:00,2.5,2.5799999237060547,2.4600000381469727,2.5,3263,0.0,0.0
2023-07-18 00:00:00+03:00,2.5,2.549999952316284,2.440000057220459,2.4800000190734863,7032,0.0,0.0
2023-07-19 00:00:00+03:00,2.4800000190734863,2.5799999237060547,2.4800000190734863,2.5,951,0.0,0.0
2023-07-20 00:00:00+03:00,2.5,2.5,2.380000114440918,2.450000047683716,15064,0.0,0.0
2023-07-21 00:00:00+03:00,2.4000000953674316,2.4700000286102295,2.4000000953674316,2.450000047683716,701,0.0,0.0
2023-07-24 00:00:00+03:00,2.4800000190734863,2.4800000190734863,2.440000057220459,2.4800000190734863,1877,0.0,0.0
2023-07-25 00:00:00+03:00,2.4200000762939453,2.4700000286102295,2.4200000762939453,2.4700000286102295,252,0.0,0.0
2023-07-26 00:00:00+03:00,2.4700000286102295,2.4700000286102295,2.430000066757202,2.440000057220459,1850,0.0,0.0
2023-07-27 00:00:00+03:00,2.4200000762939453,2.490000009536743,2.4200000762939453,2.490000009536743,1336,0.0,0.0
2023-07-28 00:00:00+03:00,2.490000009536743,2.490000009536743,2.440000057220459,2.450000047683716,2764,0.0,0.0
2023-07-31 00:00:00+03:00,2.4700000286102295,2.490000009536743,2.440000057220459,2.440000057220459,4285,0.0,0.0
2023-08-01 00:00:00+03:00,2.440000057220459,2.5,2.440000057220459,2.490000009536743,7115,0.0,0.0
2023-08-02 00:00:00+03:00,2.440000057220459,2.490000009536743,2.4000000953674316,2.4000000953674316,6280,0.0,0.0
2023-08-03 00:00:00+03:00,2.4100000858306885,2.4800000190734863,2.4000000953674316,2.4000000953674316,5379,0.0,0.0
2023-08-04 00:00:00+03:00,2.4700000286102295,2.4800000190734863,2.4000000953674316,2.4200000762939453,2834,0.0,0.0
2023-08-07 00:00:00+03:00,2.490000009536743,2.490000009536743,2.4000000953674316,2.4100000858306885,2951,0.0,0.0
2023-08-08 00:00:00+03:00,2.4000000953674316,2.490000009536743,2.3299999237060547,2.3499999046325684,7546,0.0,0.0
2023-08-09 00:00:00+03:00,2.369999885559082,2.4000000953674316,2.2899999618530273,2.359999895095825,7147,0.0,0.0
2023-08-10 00:00:00+03:00,2.390000104904175,2.4000000953674316,2.309999942779541,2.359999895095825,3500,0.0,0.0
2023-08-11 00:00:00+03:00,2.4000000953674316,2.4000000953674316,2.259999990463257,2.299999952316284,3162,0.0,0.0
2023-08-14 00:00:00+03:00,2.390000104904175,2.390000104904175,2.2799999713897705,2.369999885559082,2608,0.0,0.0
2023-08-15 00:00:00+03:00,2.390000104904175,2.390000104904175,2.2699999809265137,2.2899999618530273,4599,0.0,0.0
2023-08-16 00:00:00+03:00,2.2899999618530273,2.390000104904175,2.200000047683716,2.2899999618530273,6857,0.0,0.0
2023-08-17 00:00:00+03:00,2.299999952316284,2.4700000286102295,2.200000047683716,2.390000104904175,3068,0.0,0.0
2023-08-18 00:00:00+03:00,2.390000104904175,2.390000104904175,2.319999933242798,2.369999885559082,2251,0.0,0.0
2023-08-21 00:00:00+03:00,2.369999885559082,2.369999885559082,2.2799999713897705,2.369999885559082,1463,0.0,0.0
2023-08-22 00:00:00+03:00,2.369999885559082,2.369999885559082,2.2200000286102295,2.2799999713897705,1459,0.0,0.0
2023-08-23 00:00:00+03:00,2.299999952316284,2.3399999141693115,2.2899999618530273,2.2899999618530273,2332,0.0,0.0
2023-08-24 00:00:00+03:00,2.2899999618530273,2.3399999141693115,2.240000009536743,2.2699999809265137,2891,0.0,0.0
2023-08-25 00:00:00+03:00,2.2799999713897705,2.319999933242798,2.180000066757202,2.309999942779541,7474,0.0,0.0
2023-08-28 00:00:00+03:00,2.309999942779541,2.309999942779541,2.0,2.190000057220459,17931,0.0,0.0
2023-08-29 00:00:00+03:00,2.259999990463257,2.2699999809265137,2.0999999046325684,2.130000114440918,4505,0.0,0.0
2023-08-30 00:00:00+03:00,2.130000114440918,2.130000114440918,2.0199999809265137,2.0999999046325684,16841,0.0,0.0
2023-08-31 00:00:00+03:00,2.0899999141693115,2.0899999141693115,2.009999990463257,2.049999952316284,5218,0.0,0.0
2023-09-01 00:00:00+03:00,2.0399999618530273,2.049999952316284,1.9249999523162842,1.975000023841858,16082,0.0,0.0
2023-09-04 00:00:00+03:00,1.975000023841858,2.009999990463257,1.9550000429153442,1.965000033378601,5513,0.0,0.0
2023-09-05 00:00:00+03:00,1.965000033378601,1.965000033378601,1.8949999809265137,1.8949999809265137,8823,0.0,0.0
2023-09-06 00:00:00+03:00,1.9299999475479126,1.9850000143051147,1.7300000190734863,1.975000023841858,5337,0.0,0.0
2023-09-07 00:00:00+03:00,1.975000023841858,1.9850000143051147,1.840000033378601,1.8650000095367432,3166,0.0,0.0
2023-09-08 00:00:00+03:00,1.934999942779541,1.9450000524520874,1.8600000143051147,1.8600000143051147,4829,0.0,0.0
2023-09-11 00:00:00+03:00,1.8200000524520874,1.8600000143051147,1.75,1.784999966621399,10309,0.0,0.0
2023-09-12 00:00:00+03:00,1.7799999713897705,1.9900000095367432,1.7400000095367432,1.7549999952316284,21414,0.0,0.0
2023-09-13 00:00:00+03:00,1.7649999856948853,1.7649999856948853,1.565000057220459,1.5700000524520874,38833,0.0,0.0
2023-09-14 00:00:00+03:00,1.559999942779541,1.5700000524520874,1.375,1.3949999809265137,40121,0.0,0.0
2023-09-15 00:00:00+03:00,1.4450000524520874,1.4700000286102295,1.3949999809265137,1.3949999809265137,20383,0.0,0.0
2023-09-18 00:00:00+03:00,1.399999976158142,1.4500000476837158,1.3300000429153442,1.3650000095367432,6167,0.0,0.0
2023-09-19 00:00:00+03:00,1.3650000095367432,1.409999966621399,1.3350000381469727,1.3350000381469727,3197,0.0,0.0
2023-09-20 00:00:00+03:00,1.3350000381469727,1.4700000286102295,1.3350000381469727,1.4149999618530273,12767,0.0,0.0
2023-09-21 00:00:00+03:00,1.5800000429153442,1.5800000429153442,1.3600000143051147,1.440000057220459,5701,0.0,0.0
2023-09-22 00:00:00+03:00,1.4500000476837158,1.5499999523162842,1.3300000429153442,1.3600000143051147,40754,0.0,0.0
2023-09-25 00:00:00+03:00,1.3799999952316284,1.3949999809265137,1.309999942779541,1.3799999952316284,10508,0.0,0.0
2023-09-26 00:00:00+03:00,1.3799999952316284,1.3949999809265137,1.2799999713897705,1.309999942779541,14111,0.0,0.0
2023-09-27 00:00:00+03:00,1.3700000047683716,1.3700000047683716,1.2799999713897705,1.2799999713897705,8570,0.0,0.0
2023-09-28 00:00:00+03:00,1.2799999713897705,1.2799999713897705,1.0,1.1699999570846558,705633,0.0,0.0
2023-09-29 00:00:00+03:00,1.215000033378601,1.274999976158142,1.1200000047683716,1.1200000047683716,17050,0.0,0.0
2023-10-02 00:00:00+03:00,1.1399999856948853,1.2450000047683716,1.0950000286102295,1.0950000286102295,12156,0.0,0.0
2023-10-03 00:00:00+03:00,1.190000057220459,1.190000057220459,1.0199999809265137,1.1200000047683716,6785,0.0,0.0
2023-10-04 00:00:00+03:00,1.1200000047683716,1.1699999570846558,0.9900000095367432,0.9919999837875366,244287,0.0,0.0
2023-10-05 00:00:00+03:00,1.0,1.0399999618530273,0.9940000176429749,1.0149999856948853,10749,0.0,0.0
2023-10-06 00:00:00+03:00,1.0149999856948853,1.1299999952316284,0.9900000095367432,1.0,44492,0.0,0.0
2023-10-09 00:00:00+03:00,0.9980000257492065,1.0149999856948853,0.9900000095367432,1.0,17646,0.0,0.0
2023-10-10 00:00:00+03:00,1.0,1.059999942779541,0.9860000014305115,1.059999942779541,20990,0.0,0.0
2023-10-11 00:00:00+03:00,1.065000057220459,1.1799999475479126,1.059999942779541,1.1050000190734863,22263,0.0,0.0
2023-10-12 00:00:00+03:00,1.1399999856948853,1.1399999856948853,1.0750000476837158,1.0750000476837158,8922,0.0,0.0
2023-10-13 00:00:00+03:00,1.0800000429153442,1.1349999904632568,1.0399999618530273,1.0449999570846558,5922,0.0,0.0
2023-10-16 00:00:00+03:00,1.1150000095367432,1.1150000095367432,1.0499999523162842,1.0549999475479126,12776,0.0,0.0
2023-10-17 00:00:00+03:00,1.090000033378601,1.090000033378601,1.0,1.024999976158142,8888,0.0,0.0
2023-10-18 00:00:00+03:00,1.0499999523162842,1.0950000286102295,0.9900000095367432,1.0499999523162842,8624,0.0,0.0
2023-10-19 00:00:00+03:00,1.0,1.0299999713897705,1.0,1.024999976158142,11145,0.0,0.0
2023-10-20 00:00:00+03:00,1.024999976158142,1.034999966621399,0.9819999933242798,0.9879999756813049,9079,0.0,0.0
2023-10-23 00:00:00+03:00,1.0149999856948853,1.0149999856948853,0.9919999837875366,1.0049999952316284,2971,0.0,0.0
2023-10-24 00:00:00+03:00,1.059999942779541,1.059999942779541,0.9919999837875366,0.9959999918937683,9079,0.0,0.0
2023-10-25 00:00:00+03:00,0.9980000257492065,0.9980000257492065,0.9819999933242798,0.984000027179718,9144,0.0,0.0
2023-10-26 00:00:00+03:00,0.9800000190734863,0.9860000014305115,0.9639999866485596,0.9639999866485596,7878,0.0,0.0
2023-10-27 00:00:00+03:00,0.9620000123977661,1.0950000286102295,0.949999988079071,0.949999988079071,10403,0.0,0.0
2023-10-30 00:00:00+02:00,0.9380000233650208,0.9380000233650208,0.8999999761581421,0.8999999761581421,8363,0.0,0.0
2023-10-31 00:00:00+02:00,0.9359999895095825,0.9599999785423279,0.9160000085830688,0.9480000138282776,8328,0.0,0.0
2023-11-01 00:00:00+02:00,1.024999976158142,1.024999976158142,0.9079999923706055,0.9200000166893005,13178,0.0,0.0
2023-11-02 00:00:00+02:00,0.9200000166893005,0.9919999837875366,0.9200000166893005,0.9819999933242798,11318,0.0,0.0
2023-11-03 00:00:00+02:00,0.9900000095367432,1.024999976158142,0.9620000123977661,0.9660000205039978,25425,0.0,0.0
2023-11-06 00:00:00+02:00,0.9919999837875366,1.0399999618530273,0.9800000190734863,1.0049999952316284,13964,0.0,0.0
2023-11-07 00:00:00+02:00,1.0099999904632568,1.0399999618530273,0.9900000095367432,1.0399999618530273,10322,0.0,0.0
2023-11-08 00:00:00+02:00,1.0199999809265137,1.0199999809265137,0.9559999704360962,0.9819999933242798,6806,0.0,0.0
2023-11-09 00:00:00+02:00,1.0,1.0299999713897705,0.9639999866485596,0.9980000257492065,2342,0.0,0.0
2023-11-10 00:00:00+02:00,1.0299999713897705,1.0499999523162842,1.0299999713897705,1.034999966621399,6971,0.0,0.0
2023-11-13 00:00:00+02:00,1.0499999523162842,1.0499999523162842,0.9779999852180481,1.0049999952316284,6398,0.0,0.0
