Date,Open,High,Low,Close,Volume,Dividends,Stock Splits
2021-09-28 00:00:00+03:00,3.494999885559082,3.5989999771118164,2.6419999599456787,2.940500020980835,147299,0.0,0.0
2021-09-29 00:00:00+03:00,2.940000057220459,2.940000057220459,2.75,2.8499999046325684,65441,0.0,0.0
2021-09-30 00:00:00+03:00,2.8399999141693115,2.8499999046325684,2.75,2.799999952316284,67770,0.0,0.0
2021-10-01 00:00:00+03:00,2.799999952316284,2.9000000953674316,2.759999990463257,2.9000000953674316,46386,0.0,0.0
2021-10-04 00:00:00+03:00,2.950000047683716,2.950000047683716,2.799999952316284,2.8299999237060547,12786,0.0,0.0
2021-10-05 00:00:00+03:00,2.819999933242798,2.869999885559082,2.799999952316284,2.809999942779541,28805,0.0,0.0
2021-10-06 00:00:00+03:00,2.819999933242798,2.819999933242798,2.700000047683716,2.7100000381469727,11688,0.0,0.0
2021-10-07 00:00:00+03:00,2.75,2.75,2.5,2.5,49860,0.0,0.0
2021-10-08 00:00:00+03:00,2.509999990463257,2.5999999046325684,2.5,2.569999933242798,22508,0.0,0.0
2021-10-11 00:00:00+03:00,2.559999942779541,2.559999942779541,2.5,2.549999952316284,15325,0.0,0.0
2021-10-12 00:00:00+03:00,2.630000114440918,2.630000114440918,2.5,2.5,6921,0.0,0.0
2021-10-13 00:00:00+03:00,2.5,2.7699999809265137,2.490000009536743,2.700000047683716,35884,0.0,0.0
2021-10-14 00:00:00+03:00,2.7899999618530273,2.7899999618530273,2.6700000762939453,2.740000009536743,8241,0.0,0.0
2021-10-15 00:00:00+03:00,2.759999990463257,2.759999990463257,2.7100000381469727,2.7100000381469727,6189,0.0,0.0
2021-10-18 00:00:00+03:00,2.75,2.859999895095825,2.75,2.8399999141693115,7576,0.0,0.0
2021-10-19 00:00:00+03:00,2.8399999141693115,2.869999885559082,2.75,2.869999885559082,3697,0.0,0.0
2021-10-20 00:00:00+03:00,2.799999952316284,2.950000047683716,2.7899999618530273,2.7899999618530273,10199,0.0,0.0
2021-10-21 00:00:00+03:00,2.799999952316284,2.950000047683716,2.799999952316284,2.890000104904175,8289,0.0,0.0
2021-10-22 00:00:00+03:00,2.890000104904175,2.890000104904175,2.759999990463257,2.759999990463257,6088,0.0,0.0
2021-10-25 00:00:00+03:00,2.7799999713897705,2.8299999237060547,2.759999990463257,2.7799999713897705,7830,0.0,0.0
2021-10-26 00:00:00+03:00,2.759999990463257,2.759999990463257,2.700000047683716,2.7300000190734863,5493,0.0,0.0
2021-10-27 00:00:00+03:00,2.7300000190734863,2.759999990463257,2.619999885559082,2.690000057220459,8790,0.0,0.0
2021-10-28 00:00:00+03:00,2.690000057220459,2.7300000190734863,2.609999895095825,2.630000114440918,2979,0.0,0.0
2021-10-29 00:00:00+03:00,2.630000114440918,2.7799999713897705,2.630000114440918,2.75,5075,0.0,0.0
2021-11-01 00:00:00+02:00,2.7899999618530273,2.799999952316284,2.700000047683716,2.700000047683716,6395,0.0,0.0
2021-11-02 00:00:00+02:00,2.7100000381469727,2.7100000381469727,2.619999885559082,2.640000104904175,11396,0.0,0.0
2021-11-03 00:00:00+02:00,2.700000047683716,2.700000047683716,2.640000104904175,2.640000104904175,3411,0.0,0.0
2021-11-04 00:00:00+02:00,2.640000104904175,2.680000066757202,2.5799999237060547,2.5799999237060547,7964,0.0,0.0
2021-11-05 00:00:00+02:00,2.6500000953674316,2.75,2.6500000953674316,2.680000066757202,19028,0.0,0.0
2021-11-08 00:00:00+02:00,2.680000066757202,2.690000057220459,2.5799999237060547,2.6649999618530273,3328,0.0,0.0
2021-11-09 00:00:00+02:00,2.6500000953674316,2.740000009536743,2.6500000953674316,2.700000047683716,13768,0.0,0.0
2021-11-10 00:00:00+02:00,2.690000057220459,2.700000047683716,2.6500000953674316,2.700000047683716,13584,0.0,0.0
2021-11-11 00:00:00+02:00,2.7200000286102295,2.7200000286102295,2.6500000953674316,2.6700000762939453,17324,0.0,0.0
2021-11-12 00:00:00+02:00,2.6700000762939453,2.799999952316284,2.6700000762939453,2.75,9484,0.0,0.0
2021-11-15 00:00:00+02:00,2.759999990463257,2.890000104904175,2.759999990463257,2.8499999046325684,15198,0.0,0.0
2021-11-16 00:00:00+02:00,2.819999933242798,2.819999933242798,2.7200000286102295,2.7699999809265137,3700,0.0,0.0
2021-11-17 00:00:00+02:00,2.7699999809265137,2.8399999141693115,2.759999990463257,2.8399999141693115,4741,0.0,0.0
2021-11-18 00:00:00+02:00,2.859999895095825,2.859999895095825,2.809999942779541,2.8499999046325684,2764,0.0,0.0
2021-11-19 00:00:00+02:00,2.8499999046325684,3.069999933242798,2.8499999046325684,2.950000047683716,25651,0.0,0.0
2021-11-22 00:00:00+02:00,2.9600000381469727,2.9800000190734863,2.819999933242798,2.859999895095825,16399,0.0,0.0
2021-11-23 00:00:00+02:00,2.9200000762939453,2.9200000762939453,2.799999952316284,2.8299999237060547,4895,0.0,0.0
2021-11-24 00:00:00+02:00,2.799999952316284,2.890000104904175,2.7699999809265137,2.799999952316284,7160,0.0,0.0
2021-11-25 00:00:00+02:00,2.799999952316284,2.8499999046325684,2.7100000381469727,2.8299999237060547,10253,0.0,0.0
2021-11-26 00:00:00+02:00,2.8499999046325684,2.8499999046325684,2.75,2.75,13614,0.0,0.0
2021-11-29 00:00:00+02:00,2.799999952316284,2.799999952316284,2.5999999046325684,2.690000057220459,12563,0.0,0.0
2021-11-30 00:00:00+02:00,2.6700000762939453,2.7699999809265137,2.6500000953674316,2.7100000381469727,13316,0.0,0.0
2021-12-01 00:00:00+02:00,2.6600000858306885,2.759999990463257,2.6600000858306885,2.700000047683716,10012,0.0,0.0
2021-12-02 00:00:00+02:00,2.690000057220459,2.690000057220459,2.6600000858306885,2.6600000858306885,2490,0.0,0.0
2021-12-03 00:00:00+02:00,2.700000047683716,2.7200000286102295,2.6500000953674316,2.6500000953674316,2881,0.0,0.0
2021-12-07 00:00:00+02:00,2.690000057220459,2.859999895095825,2.690000057220459,2.740000009536743,22424,0.0,0.0
2021-12-08 00:00:00+02:00,2.7200000286102295,2.809999942779541,2.700000047683716,2.700000047683716,6777,0.0,0.0
2021-12-09 00:00:00+02:00,2.7200000286102295,2.7200000286102295,2.6600000858306885,2.6600000858306885,2721,0.0,0.0
2021-12-10 00:00:00+02:00,2.6600000858306885,2.690000057220459,2.5999999046325684,2.5999999046325684,6397,0.0,0.0
2021-12-13 00:00:00+02:00,2.609999895095825,2.6500000953674316,2.5899999141693115,2.6500000953674316,3996,0.0,0.0
2021-12-14 00:00:00+02:00,2.6500000953674316,2.6500000953674316,2.549999952316284,2.6500000953674316,14549,0.0,0.0
2021-12-15 00:00:00+02:00,2.6500000953674316,2.6500000953674316,2.490000009536743,2.6500000953674316,22158,0.0,0.0
2021-12-16 00:00:00+02:00,2.640000104904175,2.690000057220459,2.5899999141693115,2.619999885559082,17854,0.0,0.0
2021-12-17 00:00:00+02:00,2.559999942779541,2.630000114440918,2.549999952316284,2.630000114440918,7322,0.0,0.0
2021-12-20 00:00:00+02:00,2.640000104904175,2.640000104904175,2.5299999713897705,2.5799999237060547,23352,0.0,0.0
2021-12-21 00:00:00+02:00,2.609999895095825,2.609999895095825,2.5199999809265137,2.5899999141693115,23707,0.0,0.0
2021-12-22 00:00:00+02:00,2.5299999713897705,2.690000057220459,2.5299999713897705,2.609999895095825,23155,0.0,0.0
2021-12-23 00:00:00+02:00,2.700000047683716,2.75,2.6500000953674316,2.7200000286102295,6061,0.0,0.0
2021-12-27 00:00:00+02:00,2.7899999618530273,2.869999885559082,2.759999990463257,2.859999895095825,20473,0.0,0.0
2021-12-28 00:00:00+02:00,2.890000104904175,2.9000000953674316,2.819999933242798,2.8499999046325684,9871,0.0,0.0
2021-12-29 00:00:00+02:00,2.809999942779541,2.8399999141693115,2.799999952316284,2.819999933242798,9610,0.0,0.0
2021-12-30 00:00:00+02:00,2.819999933242798,2.8299999237060547,2.6600000858306885,2.700000047683716,21719,0.0,0.0
2022-01-03 00:00:00+02:00,2.8499999046325684,2.940000057220459,2.819999933242798,2.8399999141693115,18727,0.0,0.0
2022-01-04 00:00:00+02:00,2.8299999237060547,2.940000057220459,2.8299999237060547,2.940000057220459,32311,0.0,0.0
2022-01-05 00:00:00+02:00,2.950000047683716,3.069999933242798,2.940000057220459,2.950000047683716,33335,0.0,0.0
2022-01-07 00:00:00+02:00,2.940000057220459,2.940000057220459,2.8299999237060547,2.8399999141693115,6060,0.0,0.0
2022-01-10 00:00:00+02:00,2.9200000762939453,2.9200000762939453,2.8399999141693115,2.890000104904175,11944,0.0,0.0
2022-01-11 00:00:00+02:00,2.890000104904175,2.9000000953674316,2.809999942779541,2.8499999046325684,21088,0.0,0.0
2022-01-12 00:00:00+02:00,2.9100000858306885,2.940000057220459,2.9000000953674316,2.9200000762939453,2173,0.0,0.0
2022-01-13 00:00:00+02:00,2.940000057220459,3.180000066757202,2.930000066757202,3.0,46654,0.0,0.0
2022-01-14 00:00:00+02:00,3.0199999809265137,3.0199999809265137,2.9100000858306885,2.990000009536743,17331,0.0,0.0
2022-01-17 00:00:00+02:00,3.0,3.0,2.930000066757202,3.0,9288,0.0,0.0
2022-01-18 00:00:00+02:00,3.059999942779541,3.0799999237060547,2.9800000190734863,3.069999933242798,11351,0.0,0.0
2022-01-19 00:00:00+02:00,3.0899999141693115,3.0999999046325684,3.0,3.0,7866,0.0,0.0
2022-01-20 00:00:00+02:00,2.950000047683716,3.0399999618530273,2.950000047683716,2.9600000381469727,2885,0.0,0.0
2022-01-21 00:00:00+02:00,2.940000057220459,2.940000057220459,2.700000047683716,2.7899999618530273,23977,0.0,0.0
2022-01-24 00:00:00+02:00,2.7100000381469727,2.7100000381469727,2.630000114440918,2.680000066757202,22195,0.0,0.0
2022-01-25 00:00:00+02:00,2.5999999046325684,2.859999895095825,2.5999999046325684,2.859999895095825,2394,0.0,0.0
2022-01-26 00:00:00+02:00,2.8499999046325684,2.9600000381469727,2.819999933242798,2.880000114440918,4425,0.0,0.0
2022-01-27 00:00:00+02:00,3.049999952316284,3.049999952316284,2.7899999618530273,2.819999933242798,2846,0.0,0.0
2022-01-28 00:00:00+02:00,2.799999952316284,2.8399999141693115,2.75,2.8499999046325684,4605,0.0,0.0
2022-01-31 00:00:00+02:00,2.8499999046325684,2.9600000381469727,2.7200000286102295,2.7200000286102295,3058,0.0,0.0
2022-02-01 00:00:00+02:00,2.7799999713897705,2.8299999237060547,2.7200000286102295,2.7899999618530273,3053,0.0,0.0
2022-02-02 00:00:00+02:00,2.7799999713897705,2.890000104904175,2.7799999713897705,2.819999933242798,3957,0.0,0.0
2022-02-03 00:00:00+02:00,2.7300000190734863,2.799999952316284,2.700000047683716,2.7300000190734863,4130,0.0,0.0
2022-02-04 00:00:00+02:00,2.7300000190734863,2.7300000190734863,2.630000114440918,2.6500000953674316,10576,0.0,0.0
2022-02-07 00:00:00+02:00,2.680000066757202,2.680000066757202,2.640000104904175,2.640000104904175,242,0.0,0.0
2022-02-08 00:00:00+02:00,2.7300000190734863,2.7300000190734863,2.7300000190734863,2.7300000190734863,500,0.0,0.0
2022-02-09 00:00:00+02:00,2.7100000381469727,2.7899999618530273,2.7100000381469727,2.740000009536743,3988,0.0,0.0
2022-02-10 00:00:00+02:00,2.700000047683716,2.7100000381469727,2.640000104904175,2.690000057220459,1144,0.0,0.0
2022-02-11 00:00:00+02:00,2.6500000953674316,2.6500000953674316,2.5999999046325684,2.6500000953674316,2791,0.0,0.0
2022-02-14 00:00:00+02:00,2.5999999046325684,2.5999999046325684,2.5899999141693115,2.5999999046325684,515,0.0,0.0
2022-02-15 00:00:00+02:00,2.5999999046325684,2.6700000762939453,2.5799999237060547,2.5999999046325684,4943,0.0,0.0
2022-02-16 00:00:00+02:00,2.630000114440918,2.6600000858306885,2.5799999237060547,2.5999999046325684,15239,0.0,0.0
2022-02-17 00:00:00+02:00,2.6500000953674316,2.6500000953674316,2.609999895095825,2.640000104904175,3543,0.0,0.0
2022-02-18 00:00:00+02:00,2.640000104904175,2.640000104904175,2.5199999809265137,2.5399999618530273,599,0.0,0.0
2022-02-21 00:00:00+02:00,2.4000000953674316,2.5399999618530273,2.390000104904175,2.5299999713897705,9855,0.0,0.0
2022-02-22 00:00:00+02:00,2.430000066757202,2.5,2.359999895095825,2.4200000762939453,23308,0.0,0.0
2022-02-23 00:00:00+02:00,2.4200000762939453,2.5299999713897705,2.4200000762939453,2.490000009536743,17492,0.0,0.0
2022-02-24 00:00:00+02:00,2.4000000953674316,2.450000047683716,2.309999942779541,2.450000047683716,11324,0.0,0.0
2022-02-25 00:00:00+02:00,2.4600000381469727,2.549999952316284,2.4600000381469727,2.5,20165,0.0,0.0
2022-02-28 00:00:00+02:00,2.5,2.5,2.390000104904175,2.450000047683716,5132,0.0,0.0
2022-03-01 00:00:00+02:00,2.450000047683716,2.4600000381469727,2.4000000953674316,2.4000000953674316,8184,0.0,0.0
2022-03-02 00:00:00+02:00,2.450000047683716,2.450000047683716,2.4000000953674316,2.450000047683716,10739,0.0,0.0
2022-03-03 00:00:00+02:00,2.4000000953674316,2.4600000381469727,2.4000000953674316,2.4000000953674316,11438,0.0,0.0
2022-03-04 00:00:00+02:00,2.430000066757202,2.430000066757202,2.309999942779541,2.319999933242798,5612,0.0,0.0
2022-03-07 00:00:00+02:00,2.3499999046325684,2.3499999046325684,1.9950000047683716,2.0899999141693115,66323,0.0,0.0
2022-03-08 00:00:00+02:00,2.0899999141693115,2.180000066757202,2.0199999809265137,2.0899999141693115,21244,0.0,0.0
2022-03-09 00:00:00+02:00,2.0999999046325684,2.4600000381469727,2.0999999046325684,2.3499999046325684,25877,0.0,0.0
2022-03-10 00:00:00+02:00,2.3399999141693115,2.3399999141693115,2.1700000762939453,2.1700000762939453,9022,0.0,0.0
2022-03-11 00:00:00+02:00,2.2200000286102295,2.2899999618530273,2.1500000953674316,2.190000057220459,17708,0.0,0.0
2022-03-14 00:00:00+02:00,2.2699999809265137,2.2899999618530273,2.190000057220459,2.2200000286102295,17759,0.0,0.0
2022-03-15 00:00:00+02:00,2.200000047683716,2.4100000858306885,2.200000047683716,2.319999933242798,17157,0.0,0.0
2022-03-16 00:00:00+02:00,2.3299999237060547,2.4000000953674316,2.3299999237060547,2.380000114440918,17677,0.0,0.0
2022-03-17 00:00:00+02:00,2.299999952316284,2.299999952316284,2.2899999618530273,2.299999952316284,7622,0.0,0.0
2022-03-18 00:00:00+02:00,2.2899999618530273,2.299999952316284,2.2899999618530273,2.299999952316284,1341,0.0,0.0
2022-03-21 00:00:00+02:00,2.2899999618530273,2.299999952316284,2.2899999618530273,2.2899999618530273,1150,0.0,0.0
2022-03-22 00:00:00+02:00,2.2899999618530273,2.2899999618530273,2.25,2.2899999618530273,533,0.0,0.0
2022-03-23 00:00:00+02:00,2.2899999618530273,2.299999952316284,2.200000047683716,2.259999990463257,8918,0.0,0.0
2022-03-24 00:00:00+02:00,2.2899999618530273,2.309999942779541,2.190000057220459,2.2200000286102295,3945,0.0,0.0
2022-03-25 00:00:00+02:00,2.25,2.3399999141693115,2.25,2.2899999618530273,3540,0.0,0.0
2022-03-28 00:00:00+03:00,2.2899999618530273,2.2899999618530273,2.200000047683716,2.25,9672,0.0,0.0
2022-03-29 00:00:00+03:00,2.2799999713897705,2.2799999713897705,2.2100000381469727,2.2100000381469727,12669,0.0,0.0
2022-03-30 00:00:00+03:00,2.2200000286102295,2.2200000286102295,2.180000066757202,2.2100000381469727,6354,0.0,0.0
2022-03-31 00:00:00+03:00,2.190000057220459,2.2200000286102295,2.190000057220459,2.2200000286102295,3563,0.0,0.0
2022-04-01 00:00:00+03:00,2.2699999809265137,2.2699999809265137,2.1700000762939453,2.2300000190734863,4905,0.0,0.0
2022-04-04 00:00:00+03:00,2.2300000190734863,2.240000009536743,2.200000047683716,2.2200000286102295,3345,0.0,0.0
2022-04-05 00:00:00+03:00,2.190000057220459,2.2200000286102295,2.190000057220459,2.2200000286102295,254,0.0,0.0
2022-04-06 00:00:00+03:00,2.2100000381469727,2.2100000381469727,2.0999999046325684,2.1500000953674316,10243,0.0,0.0
2022-04-07 00:00:00+03:00,2.119999885559082,2.180000066757202,2.059999942779541,2.1500000953674316,17074,0.0,0.0
2022-04-08 00:00:00+03:00,2.140000104904175,2.1500000953674316,2.109999895095825,2.1500000953674316,2902,0.0,0.0
2022-04-11 00:00:00+03:00,2.1500000953674316,2.180000066757202,2.130000114440918,2.1500000953674316,2771,0.0,0.0
2022-04-12 00:00:00+03:00,2.1500000953674316,2.180000066757202,2.0899999141693115,2.109999895095825,4598,0.0,0.0
2022-04-13 00:00:00+03:00,2.1500000953674316,2.2300000190734863,2.0999999046325684,2.109999895095825,16342,0.0,0.0
2022-04-14 00:00:00+03:00,2.130000114440918,2.130000114440918,2.049999952316284,2.069999933242798,3609,0.0,0.0
2022-04-19 00:00:00+03:00,2.0999999046325684,2.0999999046325684,2.0799999237060547,2.0799999237060547,1259,0.0,0.0
2022-04-20 00:00:00+03:00,2.0999999046325684,2.1500000953674316,2.069999933242798,2.1500000953674316,6111,0.0,0.0
2022-04-21 00:00:00+03:00,2.1500000953674316,2.1500000953674316,2.119999885559082,2.119999885559082,2564,0.0,0.0
2022-04-22 00:00:00+03:00,2.0899999141693115,2.0899999141693115,2.0199999809265137,2.049999952316284,4601,0.0,0.0
2022-04-25 00:00:00+03:00,2.0399999618530273,2.240000009536743,2.009999990463257,2.140000104904175,29368,0.0,0.0
2022-04-26 00:00:00+03:00,2.2200000286102295,2.259999990463257,2.0399999618530273,2.109999895095825,6287,0.0,0.0
2022-04-27 00:00:00+03:00,2.049999952316284,2.0899999141693115,2.049999952316284,2.0899999141693115,450,0.0,0.0
2022-04-28 00:00:00+03:00,2.0299999713897705,2.0999999046325684,2.0199999809265137,2.0199999809265137,11133,0.0,0.0
2022-04-29 00:00:00+03:00,2.009999990463257,2.0899999141693115,2.009999990463257,2.059999942779541,6219,0.0,0.0
2022-05-02 00:00:00+03:00,2.059999942779541,2.059999942779541,1.940000057220459,2.0,11637,0.0,0.0
2022-05-03 00:00:00+03:00,2.049999952316284,2.059999942779541,1.975000023841858,2.0,14678,0.0,0.0
2022-05-04 00:00:00+03:00,2.0,2.0,1.940000057220459,1.940000057220459,3451,0.0,0.0
2022-05-05 00:00:00+03:00,1.975000023841858,2.049999952316284,1.9299999475479126,1.975000023841858,11380,0.0,0.0
2022-05-06 00:00:00+03:00,1.934999942779541,1.934999942779541,1.774999976158142,1.840000033378601,22802,0.0,0.0
2022-05-09 00:00:00+03:00,1.8350000381469727,1.850000023841858,1.809999942779541,1.815000057220459,16529,0.0,0.0
2022-05-10 00:00:00+03:00,1.8200000524520874,1.8700000047683716,1.8049999475479126,1.8700000047683716,2460,0.0,0.0
2022-05-11 00:00:00+03:00,1.8200000524520874,1.8849999904632568,1.8200000524520874,1.8250000476837158,3636,0.0,0.0
2022-05-12 00:00:00+03:00,1.8700000047683716,1.909999966621399,1.8600000143051147,1.899999976158142,5425,0.0,0.0
2022-05-13 00:00:00+03:00,1.899999976158142,1.9800000190734863,1.899999976158142,1.899999976158142,2534,0.0,0.0
2022-05-16 00:00:00+03:00,1.9049999713897705,1.9600000381469727,1.8949999809265137,1.8949999809265137,2579,0.0,0.0
2022-05-17 00:00:00+03:00,1.8949999809265137,1.934999942779541,1.8949999809265137,1.9199999570846558,7530,0.0,0.0
2022-05-18 00:00:00+03:00,1.9149999618530273,1.9249999523162842,1.8949999809265137,1.8949999809265137,1961,0.0,0.0
2022-05-19 00:00:00+03:00,1.8949999809265137,1.8949999809265137,1.850000023841858,1.8949999809265137,2605,0.0,0.0
2022-05-20 00:00:00+03:00,1.9149999618530273,1.9149999618530273,1.899999976158142,1.899999976158142,840,0.0,0.0
2022-05-23 00:00:00+03:00,1.934999942779541,1.9700000286102295,1.8700000047683716,1.8700000047683716,1406,0.0,0.0
2022-05-24 00:00:00+03:00,1.8600000143051147,1.9199999570846558,1.8600000143051147,1.8650000095367432,6227,0.0,0.0
2022-05-25 00:00:00+03:00,1.850000023841858,1.850000023841858,1.809999942779541,1.8350000381469727,3218,0.0,0.0
2022-05-27 00:00:00+03:00,1.8700000047683716,1.8849999904632568,1.850000023841858,1.8849999904632568,2496,0.0,0.0
2022-05-30 00:00:00+03:00,1.8849999904632568,1.8849999904632568,1.8049999475479126,1.8200000524520874,2025,0.0,0.0
2022-05-31 00:00:00+03:00,1.8600000143051147,1.899999976158142,1.8600000143051147,1.875,2143,0.0,0.0
2022-06-01 00:00:00+03:00,1.8799999952316284,2.059999942779541,1.850000023841858,2.049999952316284,26480,0.0,0.0
2022-06-02 00:00:00+03:00,2.049999952316284,2.049999952316284,1.8799999952316284,1.909999966621399,21147,0.0,0.0
2022-06-03 00:00:00+03:00,1.8650000095367432,1.9049999713897705,1.8300000429153442,1.875,6694,0.0,0.0
2022-06-06 00:00:00+03:00,1.9249999523162842,1.9700000286102295,1.9049999713897705,1.9049999713897705,10645,0.0,0.0
2022-06-07 00:00:00+03:00,1.9049999713897705,1.909999966621399,1.8250000476837158,1.8250000476837158,9064,0.0,0.0
2022-06-08 00:00:00+03:00,1.909999966621399,1.909999966621399,1.809999942779541,1.8600000143051147,5924,0.0,0.0
2022-06-09 00:00:00+03:00,1.8650000095367432,1.8650000095367432,1.75,1.8200000524520874,10503,0.0,0.0
2022-06-10 00:00:00+03:00,1.809999942779541,1.809999942779541,1.7949999570846558,1.7949999570846558,2125,0.0,0.0
2022-06-13 00:00:00+03:00,1.7699999809265137,1.7999999523162842,1.6549999713897705,1.690000057220459,13466,0.0,0.0
2022-06-14 00:00:00+03:00,1.7400000095367432,1.7699999809265137,1.7050000429153442,1.7050000429153442,2099,0.0,0.0
2022-06-15 00:00:00+03:00,1.75,1.7799999713897705,1.690000057220459,1.715000033378601,3367,0.0,0.0
2022-06-16 00:00:00+03:00,1.7400000095367432,1.7400000095367432,1.659999966621399,1.690000057220459,4081,0.0,0.0
2022-06-17 00:00:00+03:00,1.659999966621399,1.6699999570846558,1.6200000047683716,1.6649999618530273,2195,0.0,0.0
2022-06-20 00:00:00+03:00,1.6649999618530273,1.6649999618530273,1.5399999618530273,1.5449999570846558,15689,0.0,0.0
2022-06-21 00:00:00+03:00,1.5449999570846558,1.8049999475479126,1.5449999570846558,1.600000023841858,14898,0.0,0.0
2022-06-22 00:00:00+03:00,1.6299999952316284,1.6299999952316284,1.5499999523162842,1.600000023841858,12095,0.0,0.0
2022-06-23 00:00:00+03:00,1.6399999856948853,1.6449999809265137,1.5499999523162842,1.5700000524520874,5518,0.0,0.0
2022-06-27 00:00:00+03:00,1.5499999523162842,1.6100000143051147,1.5499999523162842,1.6100000143051147,3617,0.0,0.0
2022-06-28 00:00:00+03:00,1.5950000286102295,1.600000023841858,1.5950000286102295,1.600000023841858,170,0.0,0.0
2022-06-29 00:00:00+03:00,1.5700000524520874,1.5950000286102295,1.559999942779541,1.565000057220459,2929,0.0,0.0
2022-06-30 00:00:00+03:00,1.5499999523162842,1.565000057220459,1.5449999570846558,1.565000057220459,5249,0.0,0.0
2022-07-01 00:00:00+03:00,1.565000057220459,1.565000057220459,1.4249999523162842,1.559999942779541,20315,0.0,0.0
2022-07-04 00:00:00+03:00,1.559999942779541,1.559999942779541,1.5049999952316284,1.5449999570846558,4712,0.0,0.0
2022-07-05 00:00:00+03:00,1.5049999952316284,1.5499999523162842,1.5,1.5,4731,0.0,0.0
2022-07-06 00:00:00+03:00,1.5,1.5,1.4900000095367432,1.4900000095367432,3549,0.0,0.0
2022-07-07 00:00:00+03:00,1.4950000047683716,1.4950000047683716,1.475000023841858,1.4900000095367432,3459,0.0,0.0
2022-07-08 00:00:00+03:00,1.4950000047683716,1.5,1.4900000095367432,1.4950000047683716,8632,0.0,0.0
2022-07-11 00:00:00+03:00,1.5399999618530273,1.9700000286102295,1.5399999618530273,1.8899999856948853,25150,0.0,0.0
2022-07-12 00:00:00+03:00,1.8899999856948853,2.1500000953674316,1.8899999856948853,2.0399999618530273,35183,0.0,0.0
2022-07-13 00:00:00+03:00,2.009999990463257,2.240000009536743,1.9500000476837158,2.1600000858306885,15101,0.0,0.0
2022-07-14 00:00:00+03:00,2.2200000286102295,2.3499999046325684,2.130000114440918,2.140000104904175,23506,0.0,0.0
2022-07-15 00:00:00+03:00,2.119999885559082,2.200000047683716,2.0199999809265137,2.0199999809265137,12401,0.0,0.0
2022-07-18 00:00:00+03:00,2.130000114440918,2.130000114440918,1.8650000095367432,1.9800000190734863,15351,0.0,0.0
2022-07-19 00:00:00+03:00,1.9800000190734863,1.9850000143051147,1.8949999809265137,1.9450000524520874,9576,0.0,0.0
2022-07-20 00:00:00+03:00,2.0199999809265137,2.0399999618530273,1.975000023841858,2.0,2979,0.0,0.0
2022-07-21 00:00:00+03:00,1.9950000047683716,2.009999990463257,1.9299999475479126,2.0,3850,0.0,0.0
2022-07-22 00:00:00+03:00,2.0,2.0,1.899999976158142,1.965000033378601,5621,0.0,0.0
2022-07-25 00:00:00+03:00,1.965000033378601,1.975000023841858,1.909999966621399,1.9550000429153442,1307,0.0,0.0
2022-07-26 00:00:00+03:00,2.0,2.0,1.9900000095367432,1.9900000095367432,24,0.0,0.0
2022-07-27 00:00:00+03:00,1.9850000143051147,1.9900000095367432,1.9600000381469727,1.9900000095367432,3632,0.0,0.0
2022-07-28 00:00:00+03:00,2.0299999713897705,2.0299999713897705,1.8899999856948853,1.9249999523162842,9929,0.0,0.0
2022-07-29 00:00:00+03:00,1.8899999856948853,1.8899999856948853,1.75,1.8200000524520874,13428,0.0,0.0
2022-08-01 00:00:00+03:00,1.8200000524520874,1.909999966621399,1.8200000524520874,1.909999966621399,1503,0.0,0.0
2022-08-02 00:00:00+03:00,1.9500000476837158,2.0899999141693115,1.840000033378601,1.899999976158142,15471,0.0,0.0
2022-08-03 00:00:00+03:00,1.975000023841858,1.975000023841858,1.8600000143051147,1.8899999856948853,1732,0.0,0.0
2022-08-04 00:00:00+03:00,1.9299999475479126,1.965000033378601,1.8899999856948853,1.9149999618530273,2717,0.0,0.0
2022-08-05 00:00:00+03:00,1.899999976158142,1.9600000381469727,1.8899999856948853,1.8899999856948853,4715,0.0,0.0
2022-08-08 00:00:00+03:00,1.8899999856948853,1.9550000429153442,1.8899999856948853,1.8899999856948853,4444,0.0,0.0
2022-08-09 00:00:00+03:00,1.9049999713897705,1.975000023841858,1.9049999713897705,1.9149999618530273,1245,0.0,0.0
2022-08-10 00:00:00+03:00,1.9049999713897705,1.965000033378601,1.75,1.815000057220459,16788,0.0,0.0
2022-08-11 00:00:00+03:00,1.8350000381469727,1.965000033378601,1.7450000047683716,1.8799999952316284,20008,0.0,0.0
2022-08-12 00:00:00+03:00,1.9900000095367432,2.049999952316284,1.9450000524520874,2.0,41548,0.0,0.0
2022-08-15 00:00:00+03:00,1.9900000095367432,1.9900000095367432,1.8799999952316284,1.9249999523162842,10979,0.0,0.0
2022-08-16 00:00:00+03:00,1.9199999570846558,2.049999952316284,1.899999976158142,1.9950000047683716,20585,0.0,0.0
2022-08-17 00:00:00+03:00,2.0299999713897705,2.0299999713897705,1.8650000095367432,1.965000033378601,8195,0.0,0.0
2022-08-18 00:00:00+03:00,1.965000033378601,1.965000033378601,1.899999976158142,1.9299999475479126,32112,0.0,0.0
2022-08-19 00:00:00+03:00,1.9450000524520874,1.9450000524520874,1.899999976158142,1.899999976158142,15965,0.0,0.0
2022-08-22 00:00:00+03:00,1.899999976158142,1.899999976158142,1.8300000429153442,1.899999976158142,3604,0.0,0.0
2022-08-23 00:00:00+03:00,1.899999976158142,1.9600000381469727,1.8350000381469727,1.8350000381469727,15951,0.0,0.0
2022-08-24 00:00:00+03:00,1.840000033378601,1.899999976158142,1.840000033378601,1.8450000286102295,5620,0.0,0.0
2022-08-25 00:00:00+03:00,1.8450000286102295,2.0999999046325684,1.8450000286102295,1.934999942779541,18407,0.0,0.0
2022-08-26 00:00:00+03:00,1.9450000524520874,1.9450000524520874,1.8849999904632568,1.8849999904632568,3084,0.0,0.0
2022-08-29 00:00:00+03:00,1.8049999475479126,1.8600000143051147,1.75,1.8600000143051147,7223,0.0,0.0
2022-08-30 00:00:00+03:00,1.850000023841858,1.850000023841858,1.7949999570846558,1.7949999570846558,2164,0.0,0.0
2022-08-31 00:00:00+03:00,1.815000057220459,1.9800000190734863,1.7949999570846558,1.8600000143051147,10618,0.0,0.0
2022-09-01 00:00:00+03:00,1.8600000143051147,1.8600000143051147,1.725000023841858,1.7599999904632568,15061,0.0,0.0
2022-09-02 00:00:00+03:00,1.7899999618530273,1.7999999523162842,1.7549999952316284,1.7999999523162842,672,0.0,0.0
2022-09-05 00:00:00+03:00,1.7999999523162842,1.7999999523162842,1.7300000190734863,1.7300000190734863,1844,0.0,0.0
2022-09-06 00:00:00+03:00,1.784999966621399,1.784999966621399,1.7050000429153442,1.7050000429153442,953,0.0,0.0
2022-09-07 00:00:00+03:00,1.7350000143051147,1.7999999523162842,1.690000057220459,1.7350000143051147,4140,0.0,0.0
2022-09-08 00:00:00+03:00,1.7050000429153442,1.8799999952316284,1.7000000476837158,1.8250000476837158,10754,0.0,0.0
2022-09-09 00:00:00+03:00,1.9199999570846558,2.0999999046325684,1.8200000524520874,2.0399999618530273,42213,0.0,0.0
2022-09-12 00:00:00+03:00,2.0399999618530273,2.049999952316284,1.9800000190734863,1.9800000190734863,16933,0.0,0.0
2022-09-13 00:00:00+03:00,1.9500000476837158,2.0799999237060547,1.9450000524520874,1.9450000524520874,12029,0.0,0.0
2022-09-14 00:00:00+03:00,1.9850000143051147,1.9850000143051147,1.8200000524520874,1.8849999904632568,11166,0.0,0.0
2022-09-15 00:00:00+03:00,1.8849999904632568,1.975000023841858,1.875,1.9600000381469727,5397,0.0,0.0
2022-09-16 00:00:00+03:00,2.0199999809265137,2.0199999809265137,1.899999976158142,1.899999976158142,6443,0.0,0.0
2022-09-19 00:00:00+03:00,1.9149999618530273,1.9800000190734863,1.899999976158142,1.9299999475479126,4151,0.0,0.0
2022-09-20 00:00:00+03:00,1.9800000190734863,1.9800000190734863,1.8350000381469727,1.8650000095367432,3633,0.0,0.0
2022-09-21 00:00:00+03:00,1.8949999809265137,1.8949999809265137,1.7899999618530273,1.7899999618530273,2324,0.0,0.0
2022-09-22 00:00:00+03:00,1.809999942779541,1.909999966621399,1.809999942779541,1.8600000143051147,3406,0.0,0.0
2022-09-23 00:00:00+03:00,1.8650000095367432,1.8650000095367432,1.590000033378601,1.7649999856948853,20202,0.0,0.0
2022-09-26 00:00:00+03:00,1.815000057220459,1.8200000524520874,1.6549999713897705,1.7100000381469727,7624,0.0,0.0
2022-09-27 00:00:00+03:00,1.7000000476837158,1.7649999856948853,1.649999976158142,1.690000057220459,6464,0.0,0.0
2022-09-28 00:00:00+03:00,1.6200000047683716,1.7000000476837158,1.6200000047683716,1.7000000476837158,110,0.0,0.0
2022-09-29 00:00:00+03:00,1.5950000286102295,1.774999976158142,1.5299999713897705,1.6299999952316284,19854,0.0,0.0
2022-09-30 00:00:00+03:00,1.6299999952316284,1.7400000095367432,1.6299999952316284,1.7100000381469727,5854,0.0,0.0
2022-10-03 00:00:00+03:00,1.75,1.8799999952316284,1.7100000381469727,1.8799999952316284,4385,0.0,0.0
2022-10-04 00:00:00+03:00,1.9450000524520874,1.9450000524520874,1.7200000286102295,1.75,5467,0.0,0.0
2022-10-05 00:00:00+03:00,1.75,1.784999966621399,1.725000023841858,1.784999966621399,1967,0.0,0.0
2022-10-06 00:00:00+03:00,1.784999966621399,1.8300000429153442,1.7300000190734863,1.7300000190734863,7874,0.0,0.0
2022-10-07 00:00:00+03:00,1.7300000190734863,1.7300000190734863,1.725000023841858,1.725000023841858,1031,0.0,0.0
2022-10-10 00:00:00+03:00,1.725000023841858,1.725000023841858,1.7000000476837158,1.725000023841858,794,0.0,0.0
2022-10-11 00:00:00+03:00,1.725000023841858,1.725000023841858,1.7200000286102295,1.725000023841858,1320,0.0,0.0
2022-10-12 00:00:00+03:00,1.725000023841858,1.7300000190734863,1.690000057220459,1.725000023841858,2250,0.0,0.0
2022-10-13 00:00:00+03:00,1.6649999618530273,1.7000000476837158,1.6649999618530273,1.7000000476837158,1072,0.0,0.0
2022-10-14 00:00:00+03:00,1.7000000476837158,1.725000023841858,1.399999976158142,1.399999976158142,13380,0.0,0.0
2022-10-17 00:00:00+03:00,1.4900000095367432,1.600000023841858,1.4500000476837158,1.5149999856948853,29424,0.0,0.0
2022-10-18 00:00:00+03:00,1.5149999856948853,1.5149999856948853,1.465000033378601,1.465000033378601,5283,0.0,0.0
2022-10-19 00:00:00+03:00,1.5149999856948853,1.5199999809265137,1.4800000190734863,1.5,3116,0.0,0.0
2022-10-20 00:00:00+03:00,1.5149999856948853,1.559999942779541,1.5049999952316284,1.5199999809265137,11842,0.0,0.0
2022-10-21 00:00:00+03:00,1.5149999856948853,1.5750000476837158,1.4500000476837158,1.4500000476837158,6138,0.0,0.0
2022-10-24 00:00:00+03:00,1.4199999570846558,1.5,1.4199999570846558,1.475000023841858,8895,0.0,0.0
2022-10-25 00:00:00+03:00,1.475000023841858,1.475000023841858,1.4500000476837158,1.4500000476837158,2653,0.0,0.0
2022-10-26 00:00:00+03:00,1.475000023841858,1.475000023841858,1.4700000286102295,1.4700000286102295,2553,0.0,0.0
2022-10-27 00:00:00+03:00,1.4700000286102295,1.5199999809265137,1.440000057220459,1.465000033378601,11080,0.0,0.0
2022-10-28 00:00:00+03:00,1.4700000286102295,1.5549999475479126,1.4700000286102295,1.4800000190734863,2430,0.0,0.0
2022-10-31 00:00:00+02:00,1.5299999713897705,1.5850000381469727,1.4850000143051147,1.4950000047683716,6178,0.0,0.0
2022-11-01 00:00:00+02:00,1.5049999952316284,1.5299999713897705,1.4500000476837158,1.4900000095367432,5087,0.0,0.0
2022-11-02 00:00:00+02:00,1.4700000286102295,1.5549999475479126,1.4700000286102295,1.4950000047683716,5406,0.0,0.0
2022-11-03 00:00:00+02:00,1.5199999809265137,1.5199999809265137,1.3849999904632568,1.434999942779541,28850,0.0,0.0
2022-11-04 00:00:00+02:00,1.4700000286102295,1.6299999952316284,1.434999942779541,1.6299999952316284,19849,0.0,0.0
2022-11-07 00:00:00+02:00,1.6050000190734863,1.6799999475479126,1.5399999618530273,1.5800000429153442,8970,0.0,0.0
2022-11-08 00:00:00+02:00,1.649999976158142,1.8250000476837158,1.5850000381469727,1.6050000190734863,11979,0.0,0.0
2022-11-09 00:00:00+02:00,1.559999942779541,1.6449999809265137,1.524999976158142,1.5800000429153442,6518,0.0,0.0
2022-11-10 00:00:00+02:00,1.5399999618530273,1.600000023841858,1.4900000095367432,1.600000023841858,14504,0.0,0.0
2022-11-11 00:00:00+02:00,1.6749999523162842,1.7000000476837158,1.5700000524520874,1.5750000476837158,9074,0.0,0.0
2022-11-14 00:00:00+02:00,1.684999942779541,1.684999942779541,1.4249999523162842,1.4950000047683716,15083,0.0,0.0
2022-11-15 00:00:00+02:00,1.4900000095367432,1.565000057220459,1.4450000524520874,1.5449999570846558,8161,0.0,0.0
2022-11-16 00:00:00+02:00,1.5299999713897705,1.5950000286102295,1.5299999713897705,1.5449999570846558,2060,0.0,0.0
2022-11-17 00:00:00+02:00,1.559999942779541,1.5700000524520874,1.5399999618530273,1.5399999618530273,2916,0.0,0.0
2022-11-18 00:00:00+02:00,1.5199999809265137,1.5449999570846558,1.5099999904632568,1.5149999856948853,5969,0.0,0.0
2022-11-21 00:00:00+02:00,1.5149999856948853,1.5149999856948853,1.5149999856948853,1.5149999856948853,0,0.0,0.0
2022-11-22 00:00:00+02:00,1.5,1.5,1.4600000381469727,1.475000023841858,4880,0.0,0.0
2022-11-23 00:00:00+02:00,1.5199999809265137,1.5549999475479126,1.4950000047683716,1.5049999952316284,4346,0.0,0.0
2022-11-24 00:00:00+02:00,1.5049999952316284,1.565000057220459,1.5049999952316284,1.534999966621399,9462,0.0,0.0
2022-11-25 00:00:00+02:00,1.559999942779541,1.590000033378601,1.5,1.5199999809265137,3783,0.0,0.0
2022-11-28 00:00:00+02:00,1.5,1.5499999523162842,1.5,1.5099999904632568,1180,0.0,0.0
2022-11-29 00:00:00+02:00,1.5199999809265137,1.5199999809265137,1.4800000190734863,1.5099999904632568,7404,0.0,0.0
2022-11-30 00:00:00+02:00,1.5,1.5049999952316284,1.4199999570846558,1.4199999570846558,12551,0.0,0.0
2022-12-01 00:00:00+02:00,1.4700000286102295,1.4700000286102295,1.434999942779541,1.434999942779541,5837,0.0,0.0
2022-12-02 00:00:00+02:00,1.4850000143051147,1.5700000524520874,1.440000057220459,1.5700000524520874,4206,0.0,0.0
2022-12-05 00:00:00+02:00,1.600000023841858,1.600000023841858,1.465000033378601,1.465000033378601,11166,0.0,0.0
2022-12-07 00:00:00+02:00,1.475000023841858,1.565000057220459,1.475000023841858,1.5149999856948853,13477,0.0,0.0
2022-12-08 00:00:00+02:00,1.5199999809265137,1.5199999809265137,1.4950000047683716,1.5099999904632568,11169,0.0,0.0
2022-12-09 00:00:00+02:00,1.5099999904632568,1.559999942779541,1.5099999904632568,1.5449999570846558,9105,0.0,0.0
2022-12-12 00:00:00+02:00,1.565000057220459,1.5850000381469727,1.5,1.534999966621399,23821,0.0,0.0
2022-12-13 00:00:00+02:00,1.5700000524520874,1.590000033378601,1.534999966621399,1.5750000476837158,18853,0.0,0.0
2022-12-14 00:00:00+02:00,1.5800000429153442,1.5800000429153442,1.5149999856948853,1.559999942779541,6451,0.0,0.0
2022-12-15 00:00:00+02:00,1.559999942779541,1.559999942779541,1.5299999713897705,1.5499999523162842,1895,0.0,0.0
2022-12-16 00:00:00+02:00,1.5499999523162842,1.5549999475479126,1.5299999713897705,1.534999966621399,2415,0.0,0.0
2022-12-19 00:00:00+02:00,1.534999966621399,1.559999942779541,1.475000023841858,1.475000023841858,8812,0.0,0.0
2022-12-20 00:00:00+02:00,1.5,1.5,1.3949999809265137,1.4450000524520874,25053,0.0,0.0
2022-12-21 00:00:00+02:00,1.434999942779541,1.440000057220459,1.375,1.4049999713897705,45096,0.0,0.0
2022-12-22 00:00:00+02:00,1.4049999713897705,1.4249999523162842,1.3700000047683716,1.4249999523162842,5730,0.0,0.0
2022-12-23 00:00:00+02:00,1.5,1.5,1.3300000429153442,1.3550000190734863,14952,0.0,0.0
2022-12-27 00:00:00+02:00,1.4800000190734863,1.4800000190734863,1.3250000476837158,1.340000033378601,15810,0.0,0.0
2022-12-28 00:00:00+02:00,1.340000033378601,1.375,1.2999999523162842,1.3200000524520874,20709,0.0,0.0
2022-12-29 00:00:00+02:00,1.340000033378601,1.350000023841858,1.2450000047683716,1.3200000524520874,37003,0.0,0.0
2022-12-30 00:00:00+02:00,1.315000057220459,1.4249999523162842,1.309999942779541,1.4049999713897705,13685,0.0,0.0
2023-01-02 00:00:00+02:00,1.399999976158142,1.4450000524520874,1.350000023841858,1.4049999713897705,3808,0.0,0.0
2023-01-03 00:00:00+02:00,1.434999942779541,1.5,1.399999976158142,1.399999976158142,8803,0.0,0.0
2023-01-04 00:00:00+02:00,1.4550000429153442,2.0899999141693115,1.4550000429153442,1.8250000476837158,90728,0.0,0.0
2023-01-05 00:00:00+02:00,1.8550000190734863,2.259999990463257,1.8550000190734863,2.109999895095825,114187,0.0,0.0
2023-01-09 00:00:00+02:00,2.190000057220459,2.200000047683716,2.119999885559082,2.1500000953674316,49027,0.0,0.0
2023-01-10 00:00:00+02:00,2.1500000953674316,2.1500000953674316,1.875,1.9049999713897705,27128,0.0,0.0
2023-01-11 00:00:00+02:00,1.8300000429153442,1.8949999809265137,1.8250000476837158,1.8350000381469727,21147,0.0,0.0
2023-01-12 00:00:00+02:00,1.899999976158142,2.0999999046325684,1.899999976158142,2.0999999046325684,25534,0.0,0.0
2023-01-13 00:00:00+02:00,2.049999952316284,2.0999999046325684,1.9500000476837158,2.059999942779541,27964,0.0,0.0
2023-01-16 00:00:00+02:00,2.0,2.0899999141693115,1.9299999475479126,2.0899999141693115,31254,0.0,0.0
2023-01-17 00:00:00+02:00,2.049999952316284,2.0899999141693115,2.0,2.049999952316284,9058,0.0,0.0
2023-01-18 00:00:00+02:00,2.069999933242798,2.299999952316284,2.009999990463257,2.1500000953674316,40997,0.0,0.0
2023-01-19 00:00:00+02:00,2.1500000953674316,2.180000066757202,2.0999999046325684,2.1500000953674316,24446,0.0,0.0
2023-01-20 00:00:00+02:00,2.190000057220459,2.190000057220459,2.0999999046325684,2.1500000953674316,17693,0.0,0.0
2023-01-23 00:00:00+02:00,2.140000104904175,2.140000104904175,2.0299999713897705,2.0799999237060547,14168,0.0,0.0
2023-01-24 00:00:00+02:00,2.140000104904175,2.190000057220459,2.119999885559082,2.140000104904175,17143,0.0,0.0
2023-01-25 00:00:00+02:00,2.140000104904175,2.180000066757202,2.109999895095825,2.119999885559082,9475,0.0,0.0
2023-01-26 00:00:00+02:00,2.180000066757202,2.180000066757202,2.119999885559082,2.1600000858306885,3103,0.0,0.0
2023-01-27 00:00:00+02:00,2.1600000858306885,2.200000047683716,2.130000114440918,2.200000047683716,17692,0.0,0.0
2023-01-30 00:00:00+02:00,2.190000057220459,2.2200000286102295,2.1500000953674316,2.180000066757202,12555,0.0,0.0
2023-01-31 00:00:00+02:00,2.190000057220459,2.200000047683716,2.1500000953674316,2.1500000953674316,5965,0.0,0.0
2023-02-01 00:00:00+02:00,2.180000066757202,2.240000009536743,2.1500000953674316,2.2300000190734863,33450,0.0,0.0
2023-02-02 00:00:00+02:00,2.240000009536743,2.240000009536743,2.1600000858306885,2.2300000190734863,19586,0.0,0.0
2023-02-03 00:00:00+02:00,2.2300000190734863,2.450000047683716,2.200000047683716,2.3399999141693115,27654,0.0,0.0
2023-02-06 00:00:00+02:00,2.2899999618530273,2.390000104904175,2.2899999618530273,2.319999933242798,26650,0.0,0.0
2023-02-07 00:00:00+02:00,2.2899999618530273,2.3499999046325684,2.200000047683716,2.3299999237060547,33132,0.0,0.0
2023-02-08 00:00:00+02:00,2.25,2.3499999046325684,2.2200000286102295,2.319999933242798,14566,0.0,0.0
2023-02-09 00:00:00+02:00,2.319999933242798,2.3499999046325684,2.299999952316284,2.319999933242798,8228,0.0,0.0
2023-02-10 00:00:00+02:00,2.3499999046325684,2.3499999046325684,2.319999933242798,2.3499999046325684,8743,0.0,0.0
2023-02-13 00:00:00+02:00,2.3499999046325684,2.4600000381469727,2.3299999237060547,2.390000104904175,98575,0.0,0.0
2023-02-14 00:00:00+02:00,2.440000057220459,2.619999885559082,2.4000000953674316,2.609999895095825,75455,0.0,0.0
2023-02-15 00:00:00+02:00,2.5999999046325684,2.9800000190734863,2.5999999046325684,2.940000057220459,155517,0.0,0.0
2023-02-16 00:00:00+02:00,2.930000066757202,3.3399999141693115,2.9000000953674316,3.1500000953674316,155760,0.0,0.0
2023-02-17 00:00:00+02:00,3.190000057220459,3.4000000953674316,2.9000000953674316,3.0399999618530273,99056,0.0,0.0
2023-02-20 00:00:00+02:00,3.0399999618530273,3.0399999618530273,2.5,2.799999952316284,95743,0.0,0.0
2023-02-21 00:00:00+02:00,2.799999952316284,2.809999942779541,2.4000000953674316,2.630000114440918,62532,0.0,0.0
2023-02-22 00:00:00+02:00,2.640000104904175,2.75,2.450000047683716,2.5299999713897705,45878,0.0,0.0
2023-02-23 00:00:00+02:00,2.5199999809265137,2.5299999713897705,2.4000000953674316,2.5199999809265137,16049,0.0,0.0
2023-02-24 00:00:00+02:00,2.5,2.5299999713897705,2.369999885559082,2.490000009536743,15802,0.0,0.0
2023-02-27 00:00:00+02:00,2.4800000190734863,2.5299999713897705,2.2699999809265137,2.309999942779541,13522,0.0,0.0
2023-02-28 00:00:00+02:00,2.3399999141693115,2.3399999141693115,2.200000047683716,2.299999952316284,29379,0.0,0.0
2023-03-01 00:00:00+02:00,2.299999952316284,2.299999952316284,2.109999895095825,2.1700000762939453,34070,0.0,0.0
2023-03-02 00:00:00+02:00,2.140000104904175,2.2899999618530273,2.140000104904175,2.25,24863,0.0,0.0
2023-03-03 00:00:00+02:00,2.25,2.2899999618530273,2.190000057220459,2.2200000286102295,19843,0.0,0.0
2023-03-06 00:00:00+02:00,2.2300000190734863,2.3499999046325684,2.2200000286102295,2.3499999046325684,26317,0.0,0.0
2023-03-07 00:00:00+02:00,2.3499999046325684,2.799999952316284,2.319999933242798,2.4600000381469727,52290,0.0,0.0
2023-03-08 00:00:00+02:00,2.4800000190734863,2.4800000190734863,2.369999885559082,2.4800000190734863,23920,0.0,0.0
2023-03-09 00:00:00+02:00,2.4800000190734863,2.490000009536743,2.3499999046325684,2.4200000762939453,18890,0.0,0.0
2023-03-10 00:00:00+02:00,2.380000114440918,2.390000104904175,2.259999990463257,2.3399999141693115,13628,0.0,0.0
2023-03-13 00:00:00+02:00,2.309999942779541,2.4200000762939453,2.2200000286102295,2.359999895095825,28642,0.0,0.0
2023-03-14 00:00:00+02:00,2.3499999046325684,2.380000114440918,2.259999990463257,2.369999885559082,20601,0.0,0.0
2023-03-15 00:00:00+02:00,2.369999885559082,2.369999885559082,2.25,2.3499999046325684,19383,0.0,0.0
2023-03-16 00:00:00+02:00,2.3299999237060547,2.4000000953674316,2.3299999237060547,2.4000000953674316,12893,0.0,0.0
2023-03-17 00:00:00+02:00,2.3499999046325684,2.4700000286102295,2.3299999237060547,2.3499999046325684,27729,0.0,0.0
2023-03-20 00:00:00+02:00,2.3399999141693115,2.3499999046325684,2.25,2.3399999141693115,16181,0.0,0.0
2023-03-21 00:00:00+02:00,2.3399999141693115,2.390000104904175,2.3299999237060547,2.359999895095825,31782,0.0,0.0
2023-03-22 00:00:00+02:00,2.380000114440918,2.549999952316284,2.380000114440918,2.430000066757202,54202,0.0,0.0
2023-03-23 00:00:00+02:00,2.5,2.5,2.4000000953674316,2.4600000381469727,14784,0.0,0.0
2023-03-24 00:00:00+02:00,2.490000009536743,2.490000009536743,2.3399999141693115,2.4000000953674316,6253,0.0,0.0
2023-03-27 00:00:00+03:00,2.4000000953674316,2.5,2.3399999141693115,2.450000047683716,10872,0.0,0.0
2023-03-28 00:00:00+03:00,2.5199999809265137,2.8299999237060547,2.4800000190734863,2.630000114440918,17666,0.0,0.0
2023-03-29 00:00:00+03:00,2.680000066757202,2.7699999809265137,2.630000114440918,2.740000009536743,26755,0.0,0.0
2023-03-30 00:00:00+03:00,3.4100000858306885,3.75,3.2100000381469727,3.259999990463257,361103,0.0,0.0
2023-03-31 00:00:00+03:00,3.200000047683716,3.200000047683716,2.9000000953674316,2.940000057220459,122078,0.0,0.0
2023-04-03 00:00:00+03:00,2.9000000953674316,2.930000066757202,2.7300000190734863,2.759999990463257,84829,0.0,0.0
2023-04-04 00:00:00+03:00,2.7799999713897705,2.950000047683716,2.759999990463257,2.859999895095825,49671,0.0,0.0
2023-04-05 00:00:00+03:00,2.9000000953674316,2.9800000190734863,2.9000000953674316,2.940000057220459,36698,0.0,0.0
2023-04-06 00:00:00+03:00,2.9600000381469727,3.0,2.890000104904175,2.940000057220459,37321,0.0,0.0
2023-04-11 00:00:00+03:00,3.0,3.0,2.819999933242798,2.890000104904175,16940,0.0,0.0
2023-04-12 00:00:00+03:00,2.9700000286102295,2.9700000286102295,2.809999942779541,2.880000114440918,21444,0.0,0.0
2023-04-13 00:00:00+03:00,2.8299999237060547,2.8499999046325684,2.7200000286102295,2.809999942779541,17590,0.0,0.0
2023-04-14 00:00:00+03:00,2.799999952316284,2.799999952316284,2.740000009536743,2.7799999713897705,18611,0.0,0.0
2023-04-17 00:00:00+03:00,2.7699999809265137,2.7799999713897705,2.700000047683716,2.75,13211,0.0,0.0
2023-04-18 00:00:00+03:00,2.75,2.7899999618530273,2.700000047683716,2.7699999809265137,22071,0.0,0.0
2023-04-19 00:00:00+03:00,2.700000047683716,2.759999990463257,2.6500000953674316,2.700000047683716,24046,0.0,0.0
2023-04-20 00:00:00+03:00,2.690000057220459,2.740000009536743,2.619999885559082,2.6600000858306885,21373,0.0,0.0
2023-04-21 00:00:00+03:00,2.6600000858306885,2.6600000858306885,2.4800000190734863,2.619999885559082,45796,0.0,0.0
2023-04-24 00:00:00+03:00,2.549999952316284,2.75,2.2200000286102295,2.240000009536743,110860,0.0,0.0
2023-04-25 00:00:00+03:00,2.1500000953674316,2.4600000381469727,2.1500000953674316,2.390000104904175,25854,0.0,0.0
2023-04-26 00:00:00+03:00,2.4100000858306885,2.5,2.3399999141693115,2.390000104904175,12335,0.0,0.0
2023-04-27 00:00:00+03:00,2.4200000762939453,2.4600000381469727,2.380000114440918,2.450000047683716,9423,0.0,0.0
2023-04-28 00:00:00+03:00,2.440000057220459,2.5,2.25,2.25,57781,0.0,0.0
2023-05-02 00:00:00+03:00,2.380000114440918,2.5899999141693115,2.3299999237060547,2.359999895095825,28150,0.0,0.0
2023-05-03 00:00:00+03:00,2.359999895095825,2.4800000190734863,2.299999952316284,2.319999933242798,22002,0.0,0.0
2023-05-04 00:00:00+03:00,2.4100000858306885,2.4100000858306885,2.299999952316284,2.359999895095825,34771,0.0,0.0
2023-05-05 00:00:00+03:00,2.359999895095825,2.359999895095825,2.25,2.309999942779541,21939,0.0,0.0
2023-05-08 00:00:00+03:00,2.2899999618530273,2.309999942779541,2.200000047683716,2.2200000286102295,22830,0.0,0.0
2023-05-09 00:00:00+03:00,2.2200000286102295,2.2799999713897705,2.2200000286102295,2.2200000286102295,20050,0.0,0.0
2023-05-10 00:00:00+03:00,2.2200000286102295,2.2300000190734863,2.190000057220459,2.200000047683716,13161,0.0,0.0
2023-05-11 00:00:00+03:00,2.200000047683716,2.2799999713897705,2.200000047683716,2.240000009536743,7357,0.0,0.0
2023-05-12 00:00:00+03:00,2.240000009536743,2.309999942779541,2.1500000953674316,2.180000066757202,23489,0.0,0.0
2023-05-15 00:00:00+03:00,2.190000057220459,2.2699999809265137,2.190000057220459,2.25,6387,0.0,0.0
2023-05-16 00:00:00+03:00,2.2899999618530273,2.619999885559082,2.2899999618530273,2.4800000190734863,62979,0.0,0.0
2023-05-17 00:00:00+03:00,2.450000047683716,2.490000009536743,2.359999895095825,2.4200000762939453,8533,0.0,0.0
2023-05-19 00:00:00+03:00,2.4800000190734863,2.490000009536743,2.359999895095825,2.4000000953674316,24435,0.0,0.0
2023-05-22 00:00:00+03:00,2.4000000953674316,2.450000047683716,2.390000104904175,2.440000057220459,5819,0.0,0.0
2023-05-23 00:00:00+03:00,2.430000066757202,2.430000066757202,2.380000114440918,2.4200000762939453,6794,0.0,0.0
2023-05-24 00:00:00+03:00,2.4200000762939453,2.4200000762939453,2.359999895095825,2.369999885559082,5237,0.0,0.0
2023-05-25 00:00:00+03:00,2.369999885559082,2.4000000953674316,2.299999952316284,2.359999895095825,6347,0.0,0.0
2023-05-26 00:00:00+03:00,2.3299999237060547,2.4000000953674316,2.3299999237060547,2.3499999046325684,19929,0.0,0.0
2023-05-29 00:00:00+03:00,2.3499999046325684,2.5,2.3499999046325684,2.450000047683716,23456,0.0,0.0
2023-05-30 00:00:00+03:00,2.450000047683716,2.450000047683716,2.4100000858306885,2.450000047683716,30051,0.0,0.0
2023-05-31 00:00:00+03:00,2.4000000953674316,2.430000066757202,2.359999895095825,2.4000000953674316,20010,0.0,0.0
2023-06-01 00:00:00+03:00,2.4000000953674316,2.430000066757202,2.369999885559082,2.4100000858306885,10594,0.0,0.0
2023-06-02 00:00:00+03:00,2.440000057220459,2.450000047683716,2.359999895095825,2.430000066757202,15190,0.0,0.0
2023-06-05 00:00:00+03:00,2.430000066757202,2.490000009536743,2.369999885559082,2.4000000953674316,19091,0.0,0.0
2023-06-06 00:00:00+03:00,2.4000000953674316,2.440000057220459,2.3399999141693115,2.4100000858306885,14269,0.0,0.0
2023-06-07 00:00:00+03:00,2.390000104904175,2.4200000762939453,2.359999895095825,2.4200000762939453,2927,0.0,0.0
2023-06-08 00:00:00+03:00,2.4000000953674316,2.4000000953674316,2.3499999046325684,2.4000000953674316,87421,0.0,0.0
2023-06-09 00:00:00+03:00,2.380000114440918,2.4000000953674316,2.3499999046325684,2.380000114440918,6129,0.0,0.0
2023-06-12 00:00:00+03:00,2.380000114440918,2.440000057220459,2.3399999141693115,2.4000000953674316,16246,0.0,0.0
2023-06-13 00:00:00+03:00,2.4200000762939453,2.440000057220459,2.359999895095825,2.440000057220459,14709,0.0,0.0
2023-06-14 00:00:00+03:00,2.440000057220459,2.4700000286102295,2.4200000762939453,2.450000047683716,18050,0.0,0.0
2023-06-15 00:00:00+03:00,2.4700000286102295,2.490000009536743,2.440000057220459,2.490000009536743,4422,0.0,0.0
2023-06-16 00:00:00+03:00,2.490000009536743,2.5199999809265137,2.450000047683716,2.5,6037,0.0,0.0
2023-06-19 00:00:00+03:00,2.5,2.640000104904175,2.4100000858306885,2.569999933242798,27016,0.0,0.0
2023-06-20 00:00:00+03:00,2.559999942779541,2.559999942779541,2.4800000190734863,2.5199999809265137,46133,0.0,0.0
2023-06-21 00:00:00+03:00,2.5,2.630000114440918,2.4700000286102295,2.5,17506,0.0,0.0
2023-06-22 00:00:00+03:00,2.5,2.5799999237060547,2.5,2.5,14546,0.0,0.0
2023-06-26 00:00:00+03:00,2.490000009536743,2.490000009536743,2.359999895095825,2.4200000762939453,17235,0.0,0.0
2023-06-27 00:00:00+03:00,2.4200000762939453,2.430000066757202,2.4200000762939453,2.430000066757202,923,0.0,0.0
2023-06-28 00:00:00+03:00,2.450000047683716,2.4600000381469727,2.430000066757202,2.430000066757202,2847,0.0,0.0
2023-06-29 00:00:00+03:00,2.430000066757202,2.509999990463257,2.369999885559082,2.5,4118,0.0,0.0
2023-06-30 00:00:00+03:00,2.490000009536743,2.5,2.4800000190734863,2.490000009536743,3670,0.0,0.0
2023-07-03 00:00:00+03:00,2.4800000190734863,2.5899999141693115,2.369999885559082,2.5199999809265137,10688,0.0,0.0
2023-07-04 00:00:00+03:00,2.5,2.5,2.4000000953674316,2.4200000762939453,28439,0.0,0.0
2023-07-05 00:00:00+03:00,2.4200000762939453,2.4600000381469727,2.369999885559082,2.4000000953674316,8567,0.0,0.0
2023-07-06 00:00:00+03:00,2.4100000858306885,2.450000047683716,2.390000104904175,2.440000057220459,5466,0.0,0.0
2023-07-07 00:00:00+03:00,2.430000066757202,2.440000057220459,2.369999885559082,2.4100000858306885,4680,0.0,0.0
2023-07-10 00:00:00+03:00,2.369999885559082,2.440000057220459,2.359999895095825,2.4000000953674316,5609,0.0,0.0
2023-07-11 00:00:00+03:00,2.4000000953674316,2.4800000190734863,2.359999895095825,2.4000000953674316,36587,0.0,0.0
2023-07-12 00:00:00+03:00,2.4000000953674316,2.4600000381469727,2.359999895095825,2.4600000381469727,15660,0.0,0.0
2023-07-13 00:00:00+03:00,2.4700000286102295,2.509999990463257,2.380000114440918,2.4200000762939453,3513,0.0,0.0
2023-07-14 00:00:00+03:00,2.5,2.5,2.309999942779541,2.380000114440918,13800,0.0,0.0
2023-07-17 00:00:00+03:00,2.380000114440918,2.380000114440918,2.25,2.369999885559082,9346,0.0,0.0
2023-07-18 00:00:00+03:00,2.369999885559082,2.4100000858306885,2.3299999237060547,2.390000104904175,5430,0.0,0.0
2023-07-19 00:00:00+03:00,2.3299999237060547,2.369999885559082,2.319999933242798,2.359999895095825,6248,0.0,0.0
2023-07-20 00:00:00+03:00,2.359999895095825,2.6500000953674316,2.309999942779541,2.640000104904175,53384,0.0,0.0
2023-07-21 00:00:00+03:00,2.549999952316284,2.549999952316284,2.4000000953674316,2.4700000286102295,19951,0.0,0.0
2023-07-24 00:00:00+03:00,2.4600000381469727,2.5999999046325684,2.4600000381469727,2.549999952316284,11404,0.0,0.0
2023-07-25 00:00:00+03:00,2.5299999713897705,2.549999952316284,2.5199999809265137,2.549999952316284,7320,0.0,0.0
2023-07-26 00:00:00+03:00,2.549999952316284,2.569999933242798,2.440000057220459,2.509999990463257,11838,0.0,0.0
2023-07-27 00:00:00+03:00,2.549999952316284,2.5799999237060547,2.4700000286102295,2.509999990463257,11047,0.0,0.0
2023-07-28 00:00:00+03:00,2.4800000190734863,2.549999952316284,2.440000057220459,2.4600000381469727,5426,0.0,0.0
2023-07-31 00:00:00+03:00,2.509999990463257,2.5199999809265137,2.440000057220459,2.490000009536743,1570,0.0,0.0
2023-08-01 00:00:00+03:00,2.450000047683716,2.609999895095825,2.450000047683716,2.609999895095825,9941,0.0,0.0
2023-08-02 00:00:00+03:00,2.619999885559082,2.619999885559082,2.5,2.5399999618530273,7365,0.0,0.0
2023-08-03 00:00:00+03:00,2.5799999237060547,2.5899999141693115,2.5,2.5299999713897705,4463,0.0,0.0
2023-08-04 00:00:00+03:00,2.5199999809265137,2.5899999141693115,2.5,2.549999952316284,5652,0.0,0.0
2023-08-07 00:00:00+03:00,2.549999952316284,2.5899999141693115,2.450000047683716,2.569999933242798,12805,0.0,0.0
2023-08-08 00:00:00+03:00,2.549999952316284,2.6600000858306885,2.5,2.549999952316284,17019,0.0,0.0
2023-08-09 00:00:00+03:00,2.549999952316284,2.549999952316284,2.4700000286102295,2.4800000190734863,6152,0.0,0.0
2023-08-10 00:00:00+03:00,2.4800000190734863,2.549999952316284,2.4100000858306885,2.4700000286102295,21476,0.0,0.0
2023-08-11 00:00:00+03:00,2.630000114440918,2.630000114440918,2.4600000381469727,2.5,53686,0.0,0.0
2023-08-14 00:00:00+03:00,2.490000009536743,2.569999933242798,2.380000114440918,2.569999933242798,20434,0.0,0.0
2023-08-15 00:00:00+03:00,2.5299999713897705,2.609999895095825,2.4700000286102295,2.5399999618530273,7027,0.0,0.0
2023-08-16 00:00:00+03:00,2.5399999618530273,2.6500000953674316,2.5,2.5899999141693115,24513,0.0,0.0
2023-08-17 00:00:00+03:00,2.609999895095825,2.619999885559082,2.5299999713897705,2.5399999618530273,12227,0.0,0.0
2023-08-18 00:00:00+03:00,2.509999990463257,2.5799999237060547,2.4600000381469727,2.4700000286102295,7210,0.0,0.0
2023-08-21 00:00:00+03:00,2.4600000381469727,2.509999990463257,2.440000057220459,2.450000047683716,17756,0.0,0.0
2023-08-22 00:00:00+03:00,2.490000009536743,2.490000009536743,2.319999933242798,2.4600000381469727,11641,0.0,0.0
2023-08-23 00:00:00+03:00,2.4700000286102295,2.4700000286102295,2.369999885559082,2.440000057220459,4378,0.0,0.0
2023-08-24 00:00:00+03:00,2.430000066757202,2.450000047683716,2.4000000953674316,2.440000057220459,4704,0.0,0.0
2023-08-25 00:00:00+03:00,2.440000057220459,2.490000009536743,2.440000057220459,2.490000009536743,3963,0.0,0.0
2023-08-28 00:00:00+03:00,2.450000047683716,2.450000047683716,2.369999885559082,2.430000066757202,20240,0.0,0.0
2023-08-29 00:00:00+03:00,2.380000114440918,2.440000057220459,2.369999885559082,2.4000000953674316,7926,0.0,0.0
2023-08-30 00:00:00+03:00,2.390000104904175,2.4000000953674316,2.3499999046325684,2.380000114440918,5257,0.0,0.0
2023-08-31 00:00:00+03:00,2.4000000953674316,2.440000057220459,2.369999885559082,2.440000057220459,14195,0.0,0.0
2023-09-01 00:00:00+03:00,2.440000057220459,2.569999933242798,2.440000057220459,2.5399999618530273,29594,0.0,0.0
2023-09-04 00:00:00+03:00,2.509999990463257,2.6500000953674316,2.509999990463257,2.5999999046325684,33324,0.0,0.0
2023-09-05 00:00:00+03:00,2.5899999141693115,2.6600000858306885,2.5799999237060547,2.630000114440918,26258,0.0,0.0
2023-09-06 00:00:00+03:00,2.5999999046325684,2.7100000381469727,2.569999933242798,2.5899999141693115,59490,0.0,0.0
2023-09-07 00:00:00+03:00,2.5899999141693115,2.690000057220459,2.5799999237060547,2.630000114440918,12324,0.0,0.0
2023-09-08 00:00:00+03:00,2.6500000953674316,2.6500000953674316,2.559999942779541,2.6500000953674316,2627,0.0,0.0
2023-09-11 00:00:00+03:00,2.6500000953674316,2.700000047683716,2.380000114440918,2.5199999809265137,33955,0.0,0.0
2023-09-12 00:00:00+03:00,2.8499999046325684,2.880000114440918,2.5999999046325684,2.680000066757202,128118,0.0,0.0
2023-09-13 00:00:00+03:00,2.6600000858306885,2.740000009536743,2.5799999237060547,2.5899999141693115,26077,0.0,0.0
2023-09-14 00:00:00+03:00,2.5999999046325684,2.759999990463257,2.559999942779541,2.75,8120,0.0,0.0
2023-09-15 00:00:00+03:00,2.75,2.7799999713897705,2.640000104904175,2.700000047683716,27184,0.0,0.0
2023-09-18 00:00:00+03:00,2.75,2.7899999618530273,2.680000066757202,2.680000066757202,23534,0.0,0.0
2023-09-19 00:00:00+03:00,2.680000066757202,2.690000057220459,2.569999933242798,2.690000057220459,16816,0.0,0.0
2023-09-20 00:00:00+03:00,2.690000057220459,2.700000047683716,2.569999933242798,2.5999999046325684,17308,0.0,0.0
2023-09-21 00:00:00+03:00,2.5999999046325684,2.6500000953674316,2.549999952316284,2.5799999237060547,13044,0.0,0.0
2023-09-22 00:00:00+03:00,2.5999999046325684,2.640000104904175,2.5899999141693115,2.640000104904175,3377,0.0,0.0
2023-09-25 00:00:00+03:00,2.640000104904175,2.75,2.5999999046325684,2.700000047683716,14503,0.0,0.0
2023-09-26 00:00:00+03:00,2.700000047683716,2.759999990463257,2.630000114440918,2.700000047683716,25769,0.0,0.0
2023-09-27 00:00:00+03:00,2.700000047683716,2.700000047683716,2.6500000953674316,2.680000066757202,2933,0.0,0.0
2023-09-28 00:00:00+03:00,2.700000047683716,2.700000047683716,2.6500000953674316,2.700000047683716,10074,0.0,0.0
2023-09-29 00:00:00+03:00,2.700000047683716,2.700000047683716,2.6500000953674316,2.690000057220459,10341,0.0,0.0
2023-10-02 00:00:00+03:00,2.690000057220459,2.740000009536743,2.6500000953674316,2.690000057220459,6402,0.0,0.0
2023-10-03 00:00:00+03:00,2.690000057220459,2.700000047683716,2.4800000190734863,2.5399999618530273,18246,0.0,0.0
2023-10-04 00:00:00+03:00,2.5299999713897705,2.6600000858306885,2.4600000381469727,2.609999895095825,9858,0.0,0.0
2023-10-05 00:00:00+03:00,2.609999895095825,2.640000104904175,2.509999990463257,2.509999990463257,8826,0.0,0.0
2023-10-06 00:00:00+03:00,2.5299999713897705,2.569999933242798,2.490000009536743,2.490000009536743,8944,0.0,0.0
2023-10-09 00:00:00+03:00,2.5,2.5299999713897705,2.4200000762939453,2.4600000381469727,9130,0.0,0.0
2023-10-10 00:00:00+03:00,2.5199999809265137,2.5299999713897705,2.4600000381469727,2.490000009536743,10105,0.0,0.0
2023-10-11 00:00:00+03:00,2.490000009536743,2.5199999809265137,2.4600000381469727,2.5199999809265137,5454,0.0,0.0
2023-10-12 00:00:00+03:00,2.549999952316284,2.549999952316284,2.5,2.5399999618530273,4500,0.0,0.0
2023-10-13 00:00:00+03:00,2.5,2.680000066757202,2.430000066757202,2.5999999046325684,12346,0.0,0.0
2023-10-16 00:00:00+03:00,2.619999885559082,2.690000057220459,2.549999952316284,2.6500000953674316,15553,0.0,0.0
2023-10-17 00:00:00+03:00,2.740000009536743,2.740000009536743,2.5899999141693115,2.5899999141693115,17042,0.0,0.0
2023-10-18 00:00:00+03:00,2.5999999046325684,2.5999999046325684,2.5,2.569999933242798,21959,0.0,0.0
2023-10-19 00:00:00+03:00,2.569999933242798,2.569999933242798,2.4000000953674316,2.450000047683716,26801,0.0,0.0
2023-10-20 00:00:00+03:00,2.450000047683716,2.4700000286102295,2.359999895095825,2.4100000858306885,18722,0.0,0.0
2023-10-23 00:00:00+03:00,2.4600000381469727,2.4600000381469727,2.3299999237060547,2.3299999237060547,11404,0.0,0.0
2023-10-24 00:00:00+03:00,2.4000000953674316,2.4000000953674316,2.3499999046325684,2.3499999046325684,4026,0.0,0.0
2023-10-25 00:00:00+03:00,2.4000000953674316,2.450000047683716,2.299999952316284,2.369999885559082,6684,0.0,0.0
2023-10-26 00:00:00+03:00,2.299999952316284,2.3299999237060547,2.200000047683716,2.2799999713897705,10824,0.0,0.0
2023-10-27 00:00:00+03:00,2.319999933242798,2.369999885559082,2.2799999713897705,2.3499999046325684,7402,0.0,0.0
2023-10-30 00:00:00+02:00,2.3499999046325684,2.569999933242798,2.299999952316284,2.5,21209,0.0,0.0
2023-10-31 00:00:00+02:00,2.5199999809265137,2.5199999809265137,2.4000000953674316,2.4800000190734863,5459,0.0,0.0
2023-11-01 00:00:00+02:00,2.4800000190734863,2.5799999237060547,2.4000000953674316,2.4600000381469727,9909,0.0,0.0
2023-11-02 00:00:00+02:00,2.4600000381469727,2.4800000190734863,2.359999895095825,2.390000104904175,26142,0.0,0.0
2023-11-03 00:00:00+02:00,2.4000000953674316,2.549999952316284,2.3299999237060547,2.440000057220459,20601,0.0,0.0
2023-11-06 00:00:00+02:00,2.4000000953674316,2.430000066757202,2.3399999141693115,2.390000104904175,8014,0.0,0.0
2023-11-07 00:00:00+02:00,2.4200000762939453,2.4200000762939453,2.2799999713897705,2.3399999141693115,16367,0.0,0.0
2023-11-08 00:00:00+02:00,2.3299999237060547,2.3299999237060547,2.2699999809265137,2.319999933242798,4734,0.0,0.0
2023-11-09 00:00:00+02:00,2.299999952316284,2.299999952316284,2.200000047683716,2.2699999809265137,13250,0.0,0.0
2023-11-10 00:00:00+02:00,2.2699999809265137,2.3499999046325684,2.2699999809265137,2.319999933242798,6063,0.0,0.0
2023-11-13 00:00:00+02:00,2.319999933242798,2.359999895095825,2.299999952316284,2.3399999141693115,2211,0.0,0.0
