Date,Open,High,Low,Close,Volume,Dividends,Stock Splits
2021-11-24 00:00:00+02:00,5.949999809265137,6.199999809265137,5.699999809265137,6.059999942779541,1609306,0.0,0.0
2021-11-25 00:00:00+02:00,6.091000080108643,6.448999881744385,5.888000011444092,6.400000095367432,421923,0.0,0.0
2021-11-26 00:00:00+02:00,6.300000190734863,6.300000190734863,5.900000095367432,6.267000198364258,110292,0.0,0.0
2021-11-29 00:00:00+02:00,6.320000171661377,6.480000019073486,6.0,6.119999885559082,112727,0.0,0.0
2021-11-30 00:00:00+02:00,6.28000020980835,6.28000020980835,6.059999942779541,6.179999828338623,19366,0.0,0.0
2021-12-01 00:00:00+02:00,6.199999809265137,6.300000190734863,6.079999923706055,6.28000020980835,37029,0.0,0.0
2021-12-02 00:00:00+02:00,6.28000020980835,6.300000190734863,6.199999809265137,6.21999979019165,44818,0.0,0.0
2021-12-03 00:00:00+02:00,6.239999771118164,6.340000152587891,6.239999771118164,6.300000190734863,45960,0.0,0.0
2021-12-07 00:00:00+02:00,6.300000190734863,6.440000057220459,6.300000190734863,6.300000190734863,23645,0.0,0.0
2021-12-08 00:00:00+02:00,6.300000190734863,6.320000171661377,6.059999942779541,6.199999809265137,39716,0.0,0.0
2021-12-09 00:00:00+02:00,6.300000190734863,6.320000171661377,6.059999942779541,6.21999979019165,56111,0.0,0.0
2021-12-10 00:00:00+02:00,6.21999979019165,6.400000095367432,6.199999809265137,6.300000190734863,42351,0.0,0.0
2021-12-13 00:00:00+02:00,6.360000133514404,6.420000076293945,6.21999979019165,6.300000190734863,18454,0.0,0.0
2021-12-14 00:00:00+02:00,6.300000190734863,6.300000190734863,6.199999809265137,6.199999809265137,101796,0.0,0.0
2021-12-15 00:00:00+02:00,6.400000095367432,6.480000019073486,6.300000190734863,6.360000133514404,21500,0.0,0.0
2021-12-16 00:00:00+02:00,6.360000133514404,6.619999885559082,6.360000133514404,6.619999885559082,12878,0.0,0.0
2021-12-17 00:00:00+02:00,6.639999866485596,6.699999809265137,6.400000095367432,6.579999923706055,6404,0.0,0.0
2021-12-20 00:00:00+02:00,6.579999923706055,6.639999866485596,6.480000019073486,6.5,2786,0.0,0.0
2021-12-21 00:00:00+02:00,6.5,6.699999809265137,6.420000076293945,6.699999809265137,83426,0.0,0.0
2021-12-22 00:00:00+02:00,6.739999771118164,7.0,6.71999979019165,7.0,3151,0.0,0.0
2021-12-23 00:00:00+02:00,7.079999923706055,7.699999809265137,7.039999961853027,7.21999979019165,46464,0.0,0.0
2021-12-27 00:00:00+02:00,7.239999771118164,7.260000228881836,6.900000095367432,7.139999866485596,10068,0.0,0.0
2021-12-28 00:00:00+02:00,7.139999866485596,7.179999828338623,7.039999961853027,7.159999847412109,5546,0.0,0.0
2021-12-29 00:00:00+02:00,7.159999847412109,7.28000020980835,6.599999904632568,7.28000020980835,11982,0.0,0.0
2021-12-30 00:00:00+02:00,7.300000190734863,7.5,7.019999980926514,7.260000228881836,5206,0.0,0.0
2022-01-03 00:00:00+02:00,7.28000020980835,7.28000020980835,7.019999980926514,7.199999809265137,4686,0.0,0.0
2022-01-04 00:00:00+02:00,7.199999809265137,7.329999923706055,7.059999942779541,7.079999923706055,209341,0.0,0.0
2022-01-05 00:00:00+02:00,7.130000114440918,7.25,7.090000152587891,7.119999885559082,12384,0.0,0.0
2022-01-07 00:00:00+02:00,7.119999885559082,7.150000095367432,7.0,7.010000228881836,3141,0.0,0.0
2022-01-10 00:00:00+02:00,7.159999847412109,7.170000076293945,6.760000228881836,6.760000228881836,6302,0.0,0.0
2022-01-11 00:00:00+02:00,6.699999809265137,7.179999828338623,6.349999904632568,6.699999809265137,118291,0.0,0.0
2022-01-12 00:00:00+02:00,6.599999904632568,7.050000190734863,6.599999904632568,6.820000171661377,33020,0.0,0.0
2022-01-13 00:00:00+02:00,6.829999923706055,7.0,6.829999923706055,6.849999904632568,5950,0.0,0.0
2022-01-14 00:00:00+02:00,7.130000114440918,7.130000114440918,6.639999866485596,6.769999980926514,10248,0.0,0.0
2022-01-17 00:00:00+02:00,6.789999961853027,7.159999847412109,6.769999980926514,7.110000133514404,10456,0.0,0.0
2022-01-18 00:00:00+02:00,7.710000038146973,7.760000228881836,7.309999942779541,7.650000095367432,71129,0.0,0.0
2022-01-19 00:00:00+02:00,7.699999809265137,8.0,7.699999809265137,7.900000095367432,18181,0.0,0.0
2022-01-20 00:00:00+02:00,8.489999771118164,8.489999771118164,8.149999618530273,8.199999809265137,14638,0.0,0.0
2022-01-21 00:00:00+02:00,8.210000038146973,8.210000038146973,7.630000114440918,7.71999979019165,20212,0.0,0.0
2022-01-24 00:00:00+02:00,7.730000019073486,8.180000305175781,7.400000095367432,7.5,42851,0.0,0.0
2022-01-25 00:00:00+02:00,7.800000190734863,8.289999961853027,7.5,7.699999809265137,63238,0.0,0.0
2022-01-26 00:00:00+02:00,7.699999809265137,8.149999618530273,7.699999809265137,7.760000228881836,5623,0.0,0.0
2022-01-27 00:00:00+02:00,7.760000228881836,8.149999618530273,7.760000228881836,7.989999771118164,8041,0.0,0.0
2022-01-28 00:00:00+02:00,7.920000076293945,7.920000076293945,7.5,7.5,19559,0.0,0.0
2022-01-31 00:00:00+02:00,7.670000076293945,8.149999618530273,7.599999904632568,7.699999809265137,10555,0.0,0.0
2022-02-01 00:00:00+02:00,8.0,8.0,7.75,7.75,5312,0.0,0.0
2022-02-02 00:00:00+02:00,7.760000228881836,7.820000171661377,7.510000228881836,7.699999809265137,13625,0.0,0.0
2022-02-03 00:00:00+02:00,7.699999809265137,7.800000190734863,7.510000228881836,7.800000190734863,11179,0.0,0.0
2022-02-04 00:00:00+02:00,7.800000190734863,7.800000190734863,7.650000095367432,7.650000095367432,2938,0.0,0.0
2022-02-07 00:00:00+02:00,7.650000095367432,7.75,7.5,7.559999942779541,1300,0.0,0.0
2022-02-08 00:00:00+02:00,7.559999942779541,7.75,7.179999828338623,7.349999904632568,10288,0.0,0.0
2022-02-09 00:00:00+02:00,7.360000133514404,7.679999828338623,7.360000133514404,7.679999828338623,10961,0.0,0.0
2022-02-10 00:00:00+02:00,7.550000190734863,7.809999942779541,7.550000190734863,7.550000190734863,4395,0.0,0.0
2022-02-11 00:00:00+02:00,7.550000190734863,7.710000038146973,7.550000190734863,7.550000190734863,7624,0.0,0.0
2022-02-14 00:00:00+02:00,7.550000190734863,7.599999904632568,7.190000057220459,7.21999979019165,7163,0.0,0.0
2022-02-15 00:00:00+02:00,7.199999809265137,7.760000228881836,7.199999809265137,7.340000152587891,1658,0.0,0.0
2022-02-16 00:00:00+02:00,7.28000020980835,7.789999961853027,7.150000095367432,7.150000095367432,15957,0.0,0.0
2022-02-17 00:00:00+02:00,7.159999847412109,7.5,7.159999847412109,7.179999828338623,2423,0.0,0.0
2022-02-18 00:00:00+02:00,7.199999809265137,7.510000228881836,7.150000095367432,7.150000095367432,2382,0.0,0.0
2022-02-21 00:00:00+02:00,7.150000095367432,7.21999979019165,6.800000190734863,6.840000152587891,9471,0.0,0.0
2022-02-22 00:00:00+02:00,6.900000095367432,6.900000095367432,6.300000190734863,6.449999809265137,40204,0.0,0.0
2022-02-23 00:00:00+02:00,6.420000076293945,7.210000038146973,6.420000076293945,6.949999809265137,25162,0.0,0.0
2022-02-24 00:00:00+02:00,6.489999771118164,6.920000076293945,6.110000133514404,6.570000171661377,12794,0.0,0.0
2022-02-25 00:00:00+02:00,7.449999809265137,7.480000019073486,6.78000020980835,6.880000114440918,5054,0.0,0.0
2022-02-28 00:00:00+02:00,6.860000133514404,6.96999979019165,6.579999923706055,6.789999961853027,2352,0.0,0.0
2022-03-01 00:00:00+02:00,6.820000171661377,7.139999866485596,6.650000095367432,6.650000095367432,9907,0.0,0.0
2022-03-02 00:00:00+02:00,6.510000228881836,7.260000228881836,6.5,6.650000095367432,16852,0.0,0.0
2022-03-03 00:00:00+02:00,6.659999847412109,7.159999847412109,6.239999771118164,6.659999847412109,10984,0.0,0.0
2022-03-04 00:00:00+02:00,6.789999961853027,6.789999961853027,6.289999961853027,6.289999961853027,3205,0.0,0.0
2022-03-07 00:00:00+02:00,6.28000020980835,6.28000020980835,5.710000038146973,5.829999923706055,23240,0.0,0.0
2022-03-08 00:00:00+02:00,5.820000171661377,5.900000095367432,5.699999809265137,5.760000228881836,24041,0.0,0.0
2022-03-09 00:00:00+02:00,5.769999980926514,6.380000114440918,5.670000076293945,5.960000038146973,97184,0.0,0.0
2022-03-10 00:00:00+02:00,6.110000133514404,6.25,6.0,6.0,27971,0.0,0.0
2022-03-11 00:00:00+02:00,6.010000228881836,6.199999809265137,6.010000228881836,6.170000076293945,12390,0.0,0.0
2022-03-14 00:00:00+02:00,6.199999809265137,6.489999771118164,6.199999809265137,6.460000038146973,10514,0.0,0.0
2022-03-15 00:00:00+02:00,6.5,6.690000057220459,6.320000171661377,6.349999904632568,9896,0.0,0.0
2022-03-16 00:00:00+02:00,6.480000019073486,6.630000114440918,6.420000076293945,6.510000228881836,2461,0.0,0.0
2022-03-17 00:00:00+02:00,6.639999866485596,6.639999866485596,6.440000057220459,6.440000057220459,3303,0.0,0.0
2022-03-18 00:00:00+02:00,6.420000076293945,6.599999904632568,6.409999847412109,6.46999979019165,3044,0.0,0.0
2022-03-21 00:00:00+02:00,6.46999979019165,6.78000020980835,6.400000095367432,6.519999980926514,3889,0.0,0.0
2022-03-22 00:00:00+02:00,7.0,7.0,6.610000133514404,6.650000095367432,5222,0.0,0.0
2022-03-23 00:00:00+02:00,6.650000095367432,6.659999847412109,6.420000076293945,6.659999847412109,2263,0.0,0.0
2022-03-24 00:00:00+02:00,6.599999904632568,6.599999904632568,6.349999904632568,6.400000095367432,5013,0.0,0.0
2022-03-25 00:00:00+02:00,6.449999809265137,6.449999809265137,6.210000038146973,6.230000019073486,3038,0.0,0.0
2022-03-28 00:00:00+03:00,6.300000190734863,6.300000190734863,6.019999980926514,6.050000190734863,2166,0.0,0.0
2022-03-29 00:00:00+03:00,6.019999980926514,6.170000076293945,6.019999980926514,6.170000076293945,10975,0.0,0.0
2022-03-30 00:00:00+03:00,6.170000076293945,6.400000095367432,6.130000114440918,6.400000095367432,9344,0.0,0.0
2022-03-31 00:00:00+03:00,6.489999771118164,6.489999771118164,6.170000076293945,6.170000076293945,571,0.0,0.0
2022-04-01 00:00:00+03:00,6.139999866485596,6.340000152587891,6.050000190734863,6.269999980926514,46164,0.0,0.0
2022-04-04 00:00:00+03:00,6.329999923706055,6.480000019073486,6.110000133514404,6.239999771118164,7082,0.0,0.0
2022-04-05 00:00:00+03:00,6.230000019073486,6.300000190734863,6.179999828338623,6.289999961853027,9241,0.0,0.0
2022-04-06 00:00:00+03:00,6.170000076293945,6.289999961853027,6.010000228881836,6.019999980926514,24242,0.0,0.0
2022-04-07 00:00:00+03:00,6.409999847412109,6.409999847412109,5.860000133514404,6.099999904632568,12848,0.0,0.0
2022-04-08 00:00:00+03:00,6.139999866485596,6.190000057220459,5.860000133514404,6.0,3364,0.0,0.0
2022-04-11 00:00:00+03:00,6.0,6.380000114440918,5.769999980926514,5.820000171661377,8477,0.0,0.0
2022-04-12 00:00:00+03:00,5.820000171661377,7.050000190734863,5.820000171661377,6.349999904632568,216709,0.0,0.0
2022-04-13 00:00:00+03:00,6.5,6.5,6.019999980926514,6.170000076293945,5704,0.0,0.0
2022-04-14 00:00:00+03:00,6.239999771118164,6.239999771118164,5.949999809265137,6.139999866485596,10288,0.0,0.0
2022-04-19 00:00:00+03:00,6.039999961853027,6.119999885559082,6.0,6.039999961853027,5025,0.0,0.0
2022-04-20 00:00:00+03:00,6.059999942779541,6.139999866485596,5.900000095367432,6.019999980926514,8556,0.0,0.0
2022-04-21 00:00:00+03:00,6.059999942779541,6.139999866485596,6.0,6.079999923706055,9020,0.0,0.0
2022-04-22 00:00:00+03:00,6.079999923706055,6.090000152587891,5.909999847412109,5.989999771118164,14293,0.0,0.0
2022-04-25 00:00:00+03:00,5.949999809265137,5.949999809265137,5.699999809265137,5.699999809265137,8661,0.0,0.0
2022-04-26 00:00:00+03:00,5.679999828338623,5.949999809265137,5.360000133514404,5.619999885559082,10500,0.0,0.0
2022-04-27 00:00:00+03:00,5.400000095367432,5.5,5.139999866485596,5.340000152587891,29387,0.0,0.0
2022-04-28 00:00:00+03:00,5.360000133514404,5.570000171661377,5.300000190734863,5.400000095367432,30592,0.0,0.0
2022-04-29 00:00:00+03:00,5.53000020980835,5.559999942779541,5.269999980926514,5.269999980926514,6917,0.0,0.0
2022-05-02 00:00:00+03:00,5.559999942779541,5.559999942779541,5.130000114440918,5.300000190734863,6147,0.0,0.0
2022-05-03 00:00:00+03:00,5.309999942779541,5.309999942779541,5.130000114440918,5.130000114440918,5593,0.0,0.0
2022-05-04 00:00:00+03:00,5.199999809265137,5.199999809265137,4.989999771118164,5.010000228881836,20163,0.0,0.0
2022-05-05 00:00:00+03:00,5.079999923706055,5.139999866485596,4.909999847412109,5.090000152587891,7336,0.0,0.0
2022-05-06 00:00:00+03:00,4.900000095367432,5.190000057220459,4.769999980926514,4.889999866485596,3880,0.0,0.0
2022-05-09 00:00:00+03:00,4.889999866485596,4.889999866485596,4.704999923706055,4.78000020980835,3353,0.0,0.0
2022-05-10 00:00:00+03:00,4.78000020980835,4.885000228881836,4.40500020980835,4.775000095367432,10995,0.0,0.0
2022-05-11 00:00:00+03:00,4.650000095367432,4.985000133514404,4.635000228881836,4.945000171661377,31476,0.0,0.0
2022-05-12 00:00:00+03:00,4.949999809265137,5.409999847412109,4.949999809265137,5.230000019073486,30296,0.0,0.0
2022-05-13 00:00:00+03:00,5.289999961853027,5.300000190734863,5.230000019073486,5.230000019073486,121849,0.0,0.0
2022-05-16 00:00:00+03:00,5.230000019073486,5.25,5.050000190734863,5.110000133514404,15045,0.0,0.0
2022-05-17 00:00:00+03:00,5.110000133514404,5.199999809265137,4.989999771118164,5.099999904632568,75520,0.0,0.0
2022-05-18 00:00:00+03:00,5.070000171661377,5.269999980926514,4.980000019073486,5.079999923706055,28146,0.0,0.0
2022-05-19 00:00:00+03:00,4.914999961853027,5.0,4.75,4.994999885559082,14981,0.0,0.0
2022-05-20 00:00:00+03:00,4.985000133514404,4.994999885559082,4.860000133514404,4.900000095367432,11453,0.0,0.0
2022-05-23 00:00:00+03:00,4.809999942779541,5.050000190734863,4.534999847412109,4.679999828338623,9185,0.0,0.0
2022-05-24 00:00:00+03:00,4.695000171661377,4.695000171661377,4.550000190734863,4.590000152587891,14317,0.0,0.0
2022-05-25 00:00:00+03:00,4.59499979019165,4.599999904632568,4.380000114440918,4.380000114440918,6856,0.0,0.0
2022-05-27 00:00:00+03:00,4.369999885559082,4.380000114440918,4.204999923706055,4.309999942779541,21080,0.0,0.0
2022-05-30 00:00:00+03:00,4.199999809265137,4.574999809265137,4.199999809265137,4.300000190734863,3775,0.0,0.0
2022-05-31 00:00:00+03:00,4.304999828338623,4.610000133514404,4.304999828338623,4.445000171661377,61196,0.0,0.0
2022-06-01 00:00:00+03:00,4.400000095367432,4.400000095367432,4.235000133514404,4.300000190734863,12010,0.0,0.0
2022-06-02 00:00:00+03:00,4.340000152587891,4.375,4.28000020980835,4.335000038146973,11244,0.0,0.0
2022-06-03 00:00:00+03:00,4.389999866485596,4.389999866485596,4.255000114440918,4.269999980926514,10953,0.0,0.0
2022-06-06 00:00:00+03:00,4.28000020980835,4.309999942779541,4.199999809265137,4.260000228881836,12345,0.0,0.0
2022-06-07 00:00:00+03:00,4.295000076293945,4.295000076293945,4.019999980926514,4.125,28783,0.0,0.0
2022-06-08 00:00:00+03:00,4.175000190734863,4.190000057220459,4.110000133514404,4.190000057220459,9344,0.0,0.0
2022-06-09 00:00:00+03:00,4.119999885559082,4.190000057220459,4.119999885559082,4.164999961853027,7122,0.0,0.0
2022-06-10 00:00:00+03:00,4.139999866485596,4.139999866485596,4.025000095367432,4.03000020980835,17286,0.0,0.0
2022-06-13 00:00:00+03:00,4.03000020980835,4.03000020980835,3.799999952316284,3.8499999046325684,12107,0.0,0.0
2022-06-14 00:00:00+03:00,3.8949999809265137,4.199999809265137,3.819999933242798,3.819999933242798,11001,0.0,0.0
2022-06-15 00:00:00+03:00,3.890000104904175,3.994999885559082,3.819999933242798,3.825000047683716,3413,0.0,0.0
2022-06-16 00:00:00+03:00,3.805000066757202,3.8499999046325684,3.680000066757202,3.690000057220459,8861,0.0,0.0
2022-06-17 00:00:00+03:00,3.690000057220459,3.7950000762939453,3.5999999046325684,3.734999895095825,9806,0.0,0.0
2022-06-20 00:00:00+03:00,3.7049999237060547,3.7850000858306885,3.700000047683716,3.7149999141693115,2976,0.0,0.0
2022-06-21 00:00:00+03:00,3.7100000381469727,3.7950000762939453,3.619999885559082,3.7950000762939453,17427,0.0,0.0
2022-06-22 00:00:00+03:00,3.6700000762939453,3.680000066757202,3.575000047683716,3.5999999046325684,13582,0.0,0.0
2022-06-23 00:00:00+03:00,3.5950000286102295,3.5950000286102295,3.440000057220459,3.5,19026,0.0,0.0
2022-06-27 00:00:00+03:00,3.444999933242798,3.5199999809265137,3.424999952316284,3.484999895095825,11645,0.0,0.0
2022-06-28 00:00:00+03:00,3.490000009536743,3.630000114440918,3.4800000190734863,3.484999895095825,16330,0.0,0.0
2022-06-29 00:00:00+03:00,3.494999885559082,3.5199999809265137,3.4000000953674316,3.4749999046325684,5910,0.0,0.0
2022-06-30 00:00:00+03:00,3.4000000953674316,3.4000000953674316,3.200000047683716,3.244999885559082,43313,0.0,0.0
2022-07-01 00:00:00+03:00,3.2100000381469727,3.309999942779541,3.180000066757202,3.2100000381469727,46950,0.0,0.0
2022-07-04 00:00:00+03:00,3.244999885559082,3.244999885559082,3.1600000858306885,3.190000057220459,16838,0.0,0.0
2022-07-05 00:00:00+03:00,3.2300000190734863,3.2699999809265137,3.0850000381469727,3.0850000381469727,88007,0.0,0.0
2022-07-06 00:00:00+03:00,3.0999999046325684,3.2249999046325684,3.0950000286102295,3.2049999237060547,33840,0.0,0.0
2022-07-07 00:00:00+03:00,2.799999952316284,2.950000047683716,2.755000114440918,2.950000047683716,129142,0.0,0.0
2022-07-08 00:00:00+03:00,2.9100000858306885,2.9649999141693115,2.819999933242798,2.880000114440918,41318,0.0,0.0
2022-07-11 00:00:00+03:00,2.875,2.875,2.7300000190734863,2.7300000190734863,15772,0.0,0.0
2022-07-12 00:00:00+03:00,2.7249999046325684,2.7699999809265137,2.615000009536743,2.7699999809265137,47565,0.0,0.0
2022-07-13 00:00:00+03:00,2.630000114440918,2.8399999141693115,2.630000114440918,2.6500000953674316,15514,0.0,0.0
2022-07-14 00:00:00+03:00,2.8450000286102295,2.869999885559082,2.674999952316284,2.744999885559082,18407,0.0,0.0
2022-07-15 00:00:00+03:00,2.799999952316284,2.799999952316284,2.6500000953674316,2.7049999237060547,12520,0.0,0.0
2022-07-18 00:00:00+03:00,2.7049999237060547,2.809999942779541,2.7049999237060547,2.7950000762939453,8615,0.0,0.0
2022-07-19 00:00:00+03:00,3.0999999046325684,3.0999999046325684,2.7300000190734863,2.740000009536743,3967,0.0,0.0
2022-07-20 00:00:00+03:00,2.799999952316284,2.819999933242798,2.7149999141693115,2.759999990463257,14446,0.0,0.0
2022-07-21 00:00:00+03:00,2.75,2.994999885559082,2.6549999713897705,2.7200000286102295,15111,0.0,0.0
2022-07-22 00:00:00+03:00,2.7249999046325684,2.799999952316284,2.7249999046325684,2.7799999713897705,4700,0.0,0.0
2022-07-25 00:00:00+03:00,2.865000009536743,2.865000009536743,2.700000047683716,2.7049999237060547,13064,0.0,0.0
2022-07-26 00:00:00+03:00,2.7100000381469727,2.734999895095825,2.494999885559082,2.6700000762939453,69027,0.0,0.0
2022-07-27 00:00:00+03:00,2.674999952316284,2.7049999237060547,2.640000104904175,2.674999952316284,6521,0.0,0.0
2022-07-28 00:00:00+03:00,2.7049999237060547,2.7049999237060547,2.640000104904175,2.6649999618530273,12619,0.0,0.0
2022-07-29 00:00:00+03:00,2.6649999618530273,2.759999990463257,2.6649999618530273,2.700000047683716,53948,0.0,0.0
2022-08-01 00:00:00+03:00,2.700000047683716,2.700000047683716,2.5899999141693115,2.630000114440918,19096,0.0,0.0
2022-08-02 00:00:00+03:00,2.630000114440918,2.700000047683716,2.630000114440918,2.6500000953674316,7443,0.0,0.0
2022-08-03 00:00:00+03:00,2.694999933242798,2.700000047683716,2.6500000953674316,2.6500000953674316,23411,0.0,0.0
2022-08-04 00:00:00+03:00,2.684999942779541,2.690000057220459,2.6600000858306885,2.6600000858306885,31332,0.0,0.0
2022-08-05 00:00:00+03:00,2.700000047683716,2.7950000762939453,2.6500000953674316,2.7950000762939453,5063,0.0,0.0
2022-08-08 00:00:00+03:00,2.7950000762939453,2.7950000762939453,2.6449999809265137,2.6449999809265137,12745,0.0,0.0
2022-08-09 00:00:00+03:00,2.6449999809265137,2.694999933242798,2.5899999141693115,2.690000057220459,10940,0.0,0.0
2022-08-10 00:00:00+03:00,2.684999942779541,2.700000047683716,2.609999895095825,2.630000114440918,3982,0.0,0.0
2022-08-11 00:00:00+03:00,2.7149999141693115,2.7149999141693115,2.569999933242798,2.640000104904175,10811,0.0,0.0
2022-08-12 00:00:00+03:00,2.625,2.6449999809265137,2.5950000286102295,2.6449999809265137,10849,0.0,0.0
2022-08-15 00:00:00+03:00,2.6449999809265137,2.6500000953674316,2.5950000286102295,2.630000114440918,7845,0.0,0.0
2022-08-16 00:00:00+03:00,2.640000104904175,2.680000066757202,2.5950000286102295,2.5950000286102295,9364,0.0,0.0
2022-08-17 00:00:00+03:00,2.5950000286102295,2.6500000953674316,2.5950000286102295,2.5950000286102295,2319,0.0,0.0
2022-08-18 00:00:00+03:00,2.5950000286102295,2.5950000286102295,2.4749999046325684,2.5199999809265137,40223,0.0,0.0
2022-08-19 00:00:00+03:00,2.484999895095825,2.484999895095825,2.305000066757202,2.4100000858306885,16020,0.0,0.0
2022-08-22 00:00:00+03:00,2.4000000953674316,2.4000000953674316,2.3350000381469727,2.4000000953674316,5690,0.0,0.0
2022-08-23 00:00:00+03:00,2.3949999809265137,2.4600000381469727,2.380000114440918,2.430000066757202,4607,0.0,0.0
2022-08-24 00:00:00+03:00,2.430000066757202,2.440000057220459,2.4000000953674316,2.4149999618530273,5257,0.0,0.0
2022-08-25 00:00:00+03:00,2.390000104904175,2.450000047683716,2.299999952316284,2.3499999046325684,14643,0.0,0.0
2022-08-26 00:00:00+03:00,2.3499999046325684,2.375,2.25,2.299999952316284,17190,0.0,0.0
2022-08-29 00:00:00+03:00,2.3299999237060547,2.3450000286102295,2.25,2.255000114440918,10284,0.0,0.0
2022-08-30 00:00:00+03:00,2.255000114440918,2.299999952316284,2.255000114440918,2.2899999618530273,8275,0.0,0.0
2022-08-31 00:00:00+03:00,2.3350000381469727,2.3350000381469727,2.200000047683716,2.25,9973,0.0,0.0
2022-09-01 00:00:00+03:00,2.2899999618530273,2.299999952316284,2.0999999046325684,2.299999952316284,16348,0.0,0.0
2022-09-02 00:00:00+03:00,2.2750000953674316,2.315000057220459,2.184999942779541,2.2149999141693115,11268,0.0,0.0
2022-09-05 00:00:00+03:00,2.25,2.25,2.0399999618530273,2.184999942779541,5020,0.0,0.0
2022-09-06 00:00:00+03:00,2.2300000190734863,2.2300000190734863,2.1050000190734863,2.1600000858306885,2281,0.0,0.0
2022-09-07 00:00:00+03:00,2.2249999046325684,2.2300000190734863,2.0999999046325684,2.0999999046325684,4009,0.0,0.0
2022-09-08 00:00:00+03:00,2.2300000190734863,2.2300000190734863,2.0899999141693115,2.1449999809265137,4577,0.0,0.0
2022-09-09 00:00:00+03:00,2.234999895095825,2.3949999809265137,2.194999933242798,2.255000114440918,8405,0.0,0.0
2022-09-12 00:00:00+03:00,2.244999885559082,2.315000057220459,2.200000047683716,2.2249999046325684,13040,0.0,0.0
2022-09-13 00:00:00+03:00,2.2200000286102295,2.2200000286102295,2.180000066757202,2.180000066757202,1859,0.0,0.0
2022-09-14 00:00:00+03:00,2.2300000190734863,2.2300000190734863,2.125,2.2300000190734863,3858,0.0,0.0
2022-09-15 00:00:00+03:00,2.2300000190734863,2.390000104904175,2.1500000953674316,2.1500000953674316,3919,0.0,0.0
2022-09-16 00:00:00+03:00,2.1500000953674316,2.25,1.996000051498413,2.0299999713897705,31588,0.0,0.0
2022-09-19 00:00:00+03:00,2.0999999046325684,2.0999999046325684,1.9500000476837158,1.9500000476837158,11571,0.0,0.0
2022-09-20 00:00:00+03:00,2.1449999809265137,2.1449999809265137,1.9500000476837158,2.0,25076,0.0,0.0
2022-09-21 00:00:00+03:00,2.0299999713897705,2.0350000858306885,1.9500000476837158,1.99399995803833,43548,0.0,0.0
2022-09-22 00:00:00+03:00,1.9800000190734863,1.9800000190734863,1.9500000476837158,1.9600000381469727,2751,0.0,0.0
2022-09-23 00:00:00+03:00,1.940000057220459,1.9620000123977661,1.8799999952316284,1.9279999732971191,8621,0.0,0.0
2022-09-26 00:00:00+03:00,1.850000023841858,2.325000047683716,1.850000023841858,1.9019999504089355,13607,0.0,0.0
2022-09-27 00:00:00+03:00,1.899999976158142,1.9500000476837158,1.899999976158142,1.9220000505447388,9011,0.0,0.0
2022-09-28 00:00:00+03:00,1.9739999771118164,1.9739999771118164,1.8700000047683716,1.9160000085830688,2072,0.0,0.0
2022-09-29 00:00:00+03:00,1.899999976158142,1.906000018119812,1.7120000123977661,1.7999999523162842,34112,0.0,0.0
2022-09-30 00:00:00+03:00,1.9220000505447388,1.9220000505447388,1.7599999904632568,1.7899999618530273,5494,0.0,0.0
2022-10-03 00:00:00+03:00,1.7920000553131104,1.8739999532699585,1.7899999618530273,1.7899999618530273,8142,0.0,0.0
2022-10-04 00:00:00+03:00,1.8020000457763672,1.996000051498413,1.8020000457763672,1.909999966621399,17842,0.0,0.0
2022-10-05 00:00:00+03:00,1.9520000219345093,1.9600000381469727,1.7999999523162842,1.7999999523162842,17766,0.0,0.0
2022-10-06 00:00:00+03:00,1.8420000076293945,1.8980000019073486,1.7940000295639038,1.8980000019073486,10693,0.0,0.0
2022-10-07 00:00:00+03:00,1.8980000019073486,1.899999976158142,1.8020000457763672,1.899999976158142,286404,0.0,0.0
2022-10-10 00:00:00+03:00,1.899999976158142,1.899999976158142,1.850000023841858,1.899999976158142,2934,0.0,0.0
2022-10-11 00:00:00+03:00,1.8899999856948853,1.899999976158142,1.850000023841858,1.8880000114440918,186629,0.0,0.0
2022-10-12 00:00:00+03:00,1.8899999856948853,1.899999976158142,1.850000023841858,1.850000023841858,4339,0.0,0.0
2022-10-13 00:00:00+03:00,1.899999976158142,1.899999976158142,1.7999999523162842,1.7999999523162842,5151,0.0,0.0
2022-10-14 00:00:00+03:00,1.9199999570846558,1.9479999542236328,1.871999979019165,1.8799999952316284,13288,0.0,0.0
2022-10-17 00:00:00+03:00,1.899999976158142,1.899999976158142,1.8799999952316284,1.899999976158142,15895,0.0,0.0
2022-10-18 00:00:00+03:00,1.899999976158142,1.9700000286102295,1.850000023841858,1.899999976158142,154156,0.0,0.0
2022-10-19 00:00:00+03:00,1.899999976158142,1.899999976158142,1.8899999856948853,1.8899999856948853,1437,0.0,0.0
2022-10-20 00:00:00+03:00,1.850000023841858,1.8880000114440918,1.850000023841858,1.850000023841858,185,0.0,0.0
2022-10-21 00:00:00+03:00,1.8880000114440918,1.8880000114440918,1.8240000009536743,1.8480000495910645,1702,0.0,0.0
2022-10-24 00:00:00+03:00,1.8480000495910645,1.9500000476837158,1.8480000495910645,1.9500000476837158,15403,0.0,0.0
2022-10-25 00:00:00+03:00,1.809999942779541,1.9500000476837158,1.809999942779541,1.9500000476837158,23497,0.0,0.0
2022-10-26 00:00:00+03:00,1.9500000476837158,1.996000051498413,1.8980000019073486,1.899999976158142,1992,0.0,0.0
2022-10-27 00:00:00+03:00,1.899999976158142,1.899999976158142,1.8619999885559082,1.899999976158142,7783,0.0,0.0
2022-10-28 00:00:00+03:00,1.899999976158142,1.899999976158142,1.850000023841858,1.899999976158142,3446,0.0,0.0
2022-10-31 00:00:00+02:00,1.899999976158142,2.0,1.899999976158142,1.9500000476837158,5490,0.0,0.0
2022-11-01 00:00:00+02:00,1.9299999475479126,1.9500000476837158,1.8259999752044678,1.899999976158142,26026,0.0,0.0
2022-11-02 00:00:00+02:00,1.8980000019073486,1.944000005722046,1.8600000143051147,1.944000005722046,8990,0.0,0.0
2022-11-03 00:00:00+02:00,1.937999963760376,1.9420000314712524,1.8320000171661377,1.8600000143051147,16251,0.0,0.0
2022-11-04 00:00:00+02:00,1.8600000143051147,1.9500000476837158,1.8600000143051147,1.9500000476837158,26546,0.0,0.0
2022-11-07 00:00:00+02:00,1.9500000476837158,1.9500000476837158,1.8819999694824219,1.9220000505447388,55402,0.0,0.0
2022-11-08 00:00:00+02:00,1.9259999990463257,2.0950000286102295,1.9259999990463257,1.9839999675750732,50288,0.0,0.0
2022-11-09 00:00:00+02:00,1.9880000352859497,2.0999999046325684,1.9800000190734863,2.0250000953674316,98386,0.0,0.0
2022-11-10 00:00:00+02:00,2.0299999713897705,2.0299999713897705,1.9420000314712524,1.9500000476837158,158630,0.0,0.0
2022-11-11 00:00:00+02:00,2.0450000762939453,2.190000057220459,1.9900000095367432,2.005000114440918,321159,0.0,0.0
2022-11-14 00:00:00+02:00,2.005000114440918,2.049999952316284,1.9819999933242798,2.009999990463257,181052,0.0,0.0
2022-11-15 00:00:00+02:00,1.99399995803833,2.109999895095825,1.9819999933242798,2.1050000190734863,1603701,0.0,0.0
2022-11-16 00:00:00+02:00,2.119999885559082,2.140000104904175,2.0399999618530273,2.065000057220459,446957,0.0,0.0
2022-11-17 00:00:00+02:00,2.0850000381469727,2.174999952316284,2.065000057220459,2.1500000953674316,255608,0.0,0.0
2022-11-18 00:00:00+02:00,2.190000057220459,2.3350000381469727,2.1700000762939453,2.25,259817,0.0,0.0
2022-11-21 00:00:00+02:00,2.255000114440918,2.2750000953674316,2.1600000858306885,2.180000066757202,90339,0.0,0.0
2022-11-22 00:00:00+02:00,2.180000066757202,2.180000066757202,2.0399999618530273,2.0450000762939453,276775,0.0,0.0
2022-11-23 00:00:00+02:00,2.055000066757202,2.0899999141693115,2.0350000858306885,2.049999952316284,263706,0.0,0.0
2022-11-24 00:00:00+02:00,2.049999952316284,2.0950000286102295,2.0350000858306885,2.0899999141693115,660152,0.0,0.0
2022-11-25 00:00:00+02:00,2.0899999141693115,2.109999895095825,2.0450000762939453,2.049999952316284,429109,0.0,0.0
2022-11-28 00:00:00+02:00,2.049999952316284,2.059999942779541,2.009999990463257,2.0350000858306885,217065,0.0,0.0
2022-11-29 00:00:00+02:00,2.0399999618530273,2.065000057220459,2.0199999809265137,2.0399999618530273,145693,0.0,0.0
2022-11-30 00:00:00+02:00,2.0450000762939453,2.0450000762939453,1.9559999704360962,2.015000104904175,411973,0.0,0.0
2022-12-01 00:00:00+02:00,2.059999942779541,2.0899999141693115,2.0250000953674316,2.059999942779541,148677,0.0,0.0
2022-12-02 00:00:00+02:00,2.0950000286102295,2.1600000858306885,2.0799999237060547,2.130000114440918,152801,0.0,0.0
2022-12-05 00:00:00+02:00,2.134999990463257,2.190000057220459,2.134999990463257,2.1500000953674316,148109,0.0,0.0
2022-12-07 00:00:00+02:00,2.1500000953674316,2.1500000953674316,2.0850000381469727,2.115000009536743,36957,0.0,0.0
2022-12-08 00:00:00+02:00,2.130000114440918,2.174999952316284,2.1050000190734863,2.115000009536743,47207,0.0,0.0
2022-12-09 00:00:00+02:00,2.130000114440918,2.1500000953674316,2.109999895095825,2.1449999809265137,28611,0.0,0.0
2022-12-12 00:00:00+02:00,2.134999990463257,2.1649999618530273,2.0999999046325684,2.125,28434,0.0,0.0
2022-12-13 00:00:00+02:00,2.109999895095825,2.180000066757202,2.109999895095825,2.134999990463257,194531,0.0,0.0
2022-12-14 00:00:00+02:00,2.140000104904175,2.1549999713897705,2.0999999046325684,2.130000114440918,40527,0.0,0.0
2022-12-15 00:00:00+02:00,2.130000114440918,2.134999990463257,2.0799999237060547,2.0799999237060547,269080,0.0,0.0
2022-12-16 00:00:00+02:00,2.0950000286102295,2.0950000286102295,2.0399999618530273,2.069999933242798,38659,0.0,0.0
2022-12-19 00:00:00+02:00,2.069999933242798,2.0899999141693115,2.0,2.0850000381469727,121176,0.0,0.0
2022-12-20 00:00:00+02:00,2.075000047683716,2.075000047683716,2.0250000953674316,2.049999952316284,26066,0.0,0.0
2022-12-21 00:00:00+02:00,2.049999952316284,2.065000057220459,2.0299999713897705,2.055000066757202,36548,0.0,0.0
2022-12-22 00:00:00+02:00,2.0299999713897705,2.0899999141693115,2.0299999713897705,2.0350000858306885,37412,0.0,0.0
2022-12-23 00:00:00+02:00,2.0299999713897705,2.1449999809265137,2.0299999713897705,2.0799999237060547,32967,0.0,0.0
2022-12-27 00:00:00+02:00,2.0799999237060547,2.0999999046325684,2.0399999618530273,2.0850000381469727,73348,0.0,0.0
2022-12-28 00:00:00+02:00,2.0299999713897705,2.0999999046325684,2.0299999713897705,2.0799999237060547,44941,0.0,0.0
2022-12-29 00:00:00+02:00,2.0850000381469727,2.0999999046325684,2.049999952316284,2.0999999046325684,47534,0.0,0.0
2022-12-30 00:00:00+02:00,2.0999999046325684,2.1600000858306885,2.069999933242798,2.140000104904175,103570,0.0,0.0
2023-01-02 00:00:00+02:00,2.140000104904175,2.1700000762939453,2.119999885559082,2.119999885559082,32141,0.0,0.0
2023-01-03 00:00:00+02:00,2.140000104904175,2.1500000953674316,2.0799999237060547,2.0850000381469727,48583,0.0,0.0
2023-01-04 00:00:00+02:00,2.0899999141693115,2.109999895095825,2.069999933242798,2.0899999141693115,61105,0.0,0.0
2023-01-05 00:00:00+02:00,2.0899999141693115,2.0899999141693115,2.049999952316284,2.075000047683716,81080,0.0,0.0
2023-01-09 00:00:00+02:00,2.0799999237060547,2.130000114440918,2.0799999237060547,2.109999895095825,75774,0.0,0.0
2023-01-10 00:00:00+02:00,2.109999895095825,2.119999885559082,2.0899999141693115,2.1050000190734863,44805,0.0,0.0
2023-01-11 00:00:00+02:00,2.109999895095825,2.130000114440918,2.0899999141693115,2.119999885559082,54348,0.0,0.0
2023-01-12 00:00:00+02:00,2.119999885559082,2.1600000858306885,2.0999999046325684,2.1600000858306885,67871,0.0,0.0
2023-01-13 00:00:00+02:00,2.1600000858306885,2.2100000381469727,2.1600000858306885,2.190000057220459,56984,0.0,0.0
2023-01-16 00:00:00+02:00,2.190000057220459,2.2100000381469727,2.1549999713897705,2.1700000762939453,193345,0.0,0.0
2023-01-17 00:00:00+02:00,2.1649999618530273,2.1700000762939453,2.0999999046325684,2.109999895095825,169264,0.0,0.0
2023-01-18 00:00:00+02:00,1.8819999694824219,1.944000005722046,1.7760000228881836,1.7760000228881836,793544,0.0,0.0
2023-01-19 00:00:00+02:00,1.7999999523162842,1.8619999885559082,1.7940000295639038,1.8459999561309814,301421,0.0,0.0
2023-01-20 00:00:00+02:00,1.8459999561309814,1.8539999723434448,1.8079999685287476,1.8140000104904175,67434,0.0,0.0
2023-01-23 00:00:00+02:00,1.8140000104904175,1.8380000591278076,1.809999942779541,1.809999942779541,23784,0.0,0.0
2023-01-24 00:00:00+02:00,1.8140000104904175,1.8240000009536743,1.7960000038146973,1.815999984741211,27875,0.0,0.0
2023-01-25 00:00:00+02:00,1.8179999589920044,1.8179999589920044,1.7899999618530273,1.7899999618530273,40166,0.0,0.0
2023-01-26 00:00:00+02:00,1.815999984741211,1.815999984741211,1.7860000133514404,1.7999999523162842,29328,0.0,0.0
2023-01-27 00:00:00+02:00,1.7999999523162842,1.8200000524520874,1.784000039100647,1.8020000457763672,64076,0.0,0.0
2023-01-30 00:00:00+02:00,1.8200000524520874,1.8200000524520874,1.7860000133514404,1.7960000038146973,17579,0.0,0.0
2023-01-31 00:00:00+02:00,1.7979999780654907,1.809999942779541,1.777999997138977,1.777999997138977,23967,0.0,0.0
2023-02-01 00:00:00+02:00,1.7899999618530273,1.8079999685287476,1.7860000133514404,1.7860000133514404,33575,0.0,0.0
2023-02-02 00:00:00+02:00,1.8079999685287476,1.8480000495910645,1.7920000553131104,1.8020000457763672,138931,0.0,0.0
2023-02-03 00:00:00+02:00,1.8040000200271606,1.815999984741211,1.7899999618530273,1.812000036239624,53936,0.0,0.0
2023-02-06 00:00:00+02:00,1.812000036239624,1.8259999752044678,1.7999999523162842,1.7999999523162842,52347,0.0,0.0
2023-02-07 00:00:00+02:00,1.7999999523162842,1.8179999589920044,1.7960000038146973,1.7979999780654907,37901,0.0,0.0
2023-02-08 00:00:00+02:00,1.809999942779541,1.8240000009536743,1.7979999780654907,1.7999999523162842,20128,0.0,0.0
2023-02-09 00:00:00+02:00,1.7999999523162842,1.8240000009536743,1.7920000553131104,1.8020000457763672,27338,0.0,0.0
2023-02-10 00:00:00+02:00,1.809999942779541,1.8200000524520874,1.7999999523162842,1.8040000200271606,12559,0.0,0.0
2023-02-13 00:00:00+02:00,1.8200000524520874,1.8279999494552612,1.8140000104904175,1.8279999494552612,25139,0.0,0.0
2023-02-14 00:00:00+02:00,1.8339999914169312,1.840000033378601,1.7979999780654907,1.8020000457763672,69015,0.0,0.0
2023-02-15 00:00:00+02:00,1.8279999494552612,1.8279999494552612,1.7960000038146973,1.8020000457763672,94068,0.0,0.0
2023-02-16 00:00:00+02:00,1.8020000457763672,1.8020000457763672,1.7940000295639038,1.8020000457763672,29858,0.0,0.0
2023-02-17 00:00:00+02:00,1.8020000457763672,1.815999984741211,1.7920000553131104,1.8140000104904175,41533,0.0,0.0
2023-02-20 00:00:00+02:00,1.8179999589920044,1.8179999589920044,1.7960000038146973,1.7999999523162842,42829,0.0,0.0
2023-02-21 00:00:00+02:00,1.809999942779541,1.812000036239624,1.7979999780654907,1.7999999523162842,23583,0.0,0.0
2023-02-22 00:00:00+02:00,1.8179999589920044,1.8179999589920044,1.7940000295639038,1.7999999523162842,20715,0.0,0.0
2023-02-23 00:00:00+02:00,1.809999942779541,1.809999942779541,1.7960000038146973,1.8079999685287476,4057,0.0,0.0
2023-02-24 00:00:00+02:00,1.8020000457763672,1.8240000009536743,1.781999945640564,1.8240000009536743,32421,0.0,0.0
2023-02-27 00:00:00+02:00,1.8279999494552612,1.899999976158142,1.809999942779541,1.809999942779541,137755,0.0,0.0
2023-02-28 00:00:00+02:00,1.8220000267028809,1.8600000143051147,1.8220000267028809,1.8600000143051147,45689,0.0,0.0
2023-03-01 00:00:00+02:00,1.8600000143051147,1.878000020980835,1.7999999523162842,1.8200000524520874,61386,0.0,0.0
2023-03-02 00:00:00+02:00,1.7799999713897705,1.8799999952316284,1.7619999647140503,1.8220000267028809,155557,0.0,0.0
2023-03-03 00:00:00+02:00,1.8819999694824219,1.972000002861023,1.840000033378601,1.972000002861023,81016,0.0,0.0
2023-03-06 00:00:00+02:00,1.9800000190734863,1.9800000190734863,1.9160000085830688,1.9479999542236328,62171,0.0,0.0
2023-03-07 00:00:00+02:00,1.940000057220459,1.9880000352859497,1.9299999475479126,1.9800000190734863,52876,0.0,0.0
2023-03-08 00:00:00+02:00,1.9700000286102295,1.9900000095367432,1.9500000476837158,1.9520000219345093,24443,0.0,0.0
2023-03-09 00:00:00+02:00,1.9539999961853027,1.9780000448226929,1.9299999475479126,1.940000057220459,23163,0.0,0.0
2023-03-10 00:00:00+02:00,1.9320000410079956,1.9320000410079956,1.8660000562667847,1.8980000019073486,57633,0.0,0.0
2023-03-13 00:00:00+02:00,1.899999976158142,1.968000054359436,1.7699999809265137,1.7999999523162842,154703,0.0,0.0
2023-03-14 00:00:00+02:00,1.8960000276565552,1.8960000276565552,1.7979999780654907,1.8279999494552612,32126,0.0,0.0
2023-03-15 00:00:00+02:00,1.8179999589920044,1.906000018119812,1.7239999771118164,1.75,116683,0.0,0.0
2023-03-16 00:00:00+02:00,1.753999948501587,1.7960000038146973,1.6979999542236328,1.7259999513626099,145053,0.0,0.0
2023-03-17 00:00:00+02:00,1.7660000324249268,1.7660000324249268,1.7259999513626099,1.7380000352859497,26377,0.0,0.0
2023-03-20 00:00:00+02:00,1.7400000095367432,1.75,1.659999966621399,1.7300000190734863,47932,0.0,0.0
2023-03-21 00:00:00+02:00,1.75,1.75,1.7059999704360962,1.74399995803833,20828,0.0,0.0
2023-03-22 00:00:00+02:00,1.75,1.75,1.6920000314712524,1.7000000476837158,117975,0.0,0.0
2023-03-23 00:00:00+02:00,1.7000000476837158,1.7000000476837158,1.649999976158142,1.6740000247955322,53001,0.0,0.0
2023-03-24 00:00:00+02:00,1.6759999990463257,1.7000000476837158,1.6720000505447388,1.6799999475479126,19317,0.0,0.0
2023-03-27 00:00:00+03:00,1.6740000247955322,1.7000000476837158,1.6720000505447388,1.687999963760376,14220,0.0,0.0
2023-03-28 00:00:00+03:00,1.690000057220459,1.7000000476837158,1.649999976158142,1.684000015258789,26960,0.0,0.0
2023-03-29 00:00:00+03:00,1.684000015258789,1.6959999799728394,1.6799999475479126,1.6799999475479126,6788,0.0,0.0
2023-03-30 00:00:00+03:00,1.7000000476837158,1.7280000448226929,1.684000015258789,1.690000057220459,61163,0.0,0.0
2023-03-31 00:00:00+03:00,1.690000057220459,1.7200000286102295,1.690000057220459,1.7039999961853027,82874,0.0,0.0
2023-04-03 00:00:00+03:00,1.7200000286102295,1.7300000190734863,1.6799999475479126,1.7000000476837158,103006,0.0,0.0
2023-04-04 00:00:00+03:00,1.7000000476837158,1.7949999570846558,1.6950000524520874,1.7549999952316284,165353,0.0,0.0
2023-04-05 00:00:00+03:00,1.6150000095367432,1.684999942779541,1.5800000429153442,1.659999966621399,137683,0.0,0.0
2023-04-06 00:00:00+03:00,1.690000057220459,1.7400000095367432,1.6649999618530273,1.7100000381469727,37712,0.0,0.0
2023-04-11 00:00:00+03:00,1.7050000429153442,1.7100000381469727,1.690000057220459,1.7100000381469727,26994,0.0,0.0
2023-04-12 00:00:00+03:00,1.7100000381469727,1.7100000381469727,1.6649999618530273,1.7000000476837158,22363,0.0,0.0
2023-04-13 00:00:00+03:00,1.7000000476837158,1.7599999904632568,1.7000000476837158,1.715000033378601,19775,0.0,0.0
2023-04-14 00:00:00+03:00,1.715000033378601,1.7350000143051147,1.715000033378601,1.7350000143051147,15899,0.0,0.0
2023-04-17 00:00:00+03:00,1.7400000095367432,1.7649999856948853,1.6799999475479126,1.725000023841858,11399,0.0,0.0
2023-04-18 00:00:00+03:00,1.75,1.75,1.6950000524520874,1.7400000095367432,27554,0.0,0.0
2023-04-19 00:00:00+03:00,1.7350000143051147,1.75,1.6799999475479126,1.7000000476837158,29349,0.0,0.0
2023-04-20 00:00:00+03:00,1.7050000429153442,1.7300000190734863,1.684999942779541,1.7100000381469727,26086,0.0,0.0
2023-04-21 00:00:00+03:00,1.7100000381469727,1.7300000190734863,1.684999942779541,1.7300000190734863,36409,0.0,0.0
2023-04-24 00:00:00+03:00,1.7300000190734863,1.7300000190734863,1.690000057220459,1.690000057220459,16189,0.0,0.0
2023-04-25 00:00:00+03:00,1.690000057220459,1.690000057220459,1.6699999570846558,1.690000057220459,11849,0.0,0.0
2023-04-26 00:00:00+03:00,1.6799999475479126,1.715000033378601,1.6749999523162842,1.7000000476837158,12073,0.0,0.0
2023-04-27 00:00:00+03:00,1.7000000476837158,1.715000033378601,1.659999966621399,1.6950000524520874,33029,0.0,0.0
2023-04-28 00:00:00+03:00,1.715000033378601,1.715000033378601,1.6649999618530273,1.6950000524520874,17130,0.0,0.0
2023-05-02 00:00:00+03:00,1.7200000286102295,1.7300000190734863,1.6799999475479126,1.7300000190734863,20887,0.0,0.0
2023-05-03 00:00:00+03:00,1.7300000190734863,1.7300000190734863,1.7000000476837158,1.7200000286102295,11274,0.0,0.0
2023-05-04 00:00:00+03:00,1.7400000095367432,1.7400000095367432,1.7050000429153442,1.7300000190734863,14496,0.0,0.0
2023-05-05 00:00:00+03:00,1.7350000143051147,1.75,1.7100000381469727,1.7350000143051147,23018,0.0,0.0
2023-05-08 00:00:00+03:00,1.815000057220459,1.815000057220459,1.7549999952316284,1.7899999618530273,31009,0.0,0.0
2023-05-09 00:00:00+03:00,1.7899999618530273,1.7899999618530273,1.725000023841858,1.7599999904632568,12541,0.0,0.0
2023-05-10 00:00:00+03:00,1.7400000095367432,1.8200000524520874,1.7400000095367432,1.7999999523162842,19065,0.0,0.0
2023-05-11 00:00:00+03:00,1.809999942779541,1.809999942779541,1.7599999904632568,1.7899999618530273,9820,0.0,0.0
2023-05-12 00:00:00+03:00,1.7899999618530273,1.8049999475479126,1.7599999904632568,1.784999966621399,18536,0.0,0.0
2023-05-15 00:00:00+03:00,1.7649999856948853,1.815000057220459,1.7599999904632568,1.784999966621399,10238,0.0,0.0
2023-05-16 00:00:00+03:00,1.7699999809265137,1.8300000429153442,1.7649999856948853,1.7649999856948853,5289,0.0,0.0
2023-05-17 00:00:00+03:00,1.6749999523162842,1.6749999523162842,1.4950000047683716,1.4950000047683716,399436,0.0,0.0
2023-05-19 00:00:00+03:00,1.399999976158142,1.399999976158142,1.2400000095367432,1.2549999952316284,714097,0.0,0.0
2023-05-22 00:00:00+03:00,1.2549999952316284,1.2699999809265137,1.1699999570846558,1.1699999570846558,335212,0.0,0.0
2023-05-23 00:00:00+03:00,1.1649999618530273,1.2000000476837158,1.159999966621399,1.1749999523162842,212324,0.0,0.0
2023-05-24 00:00:00+03:00,1.1749999523162842,1.2000000476837158,1.100000023841858,1.1299999952316284,347354,0.0,0.0
2023-05-25 00:00:00+03:00,1.1299999952316284,1.1449999809265137,1.0850000381469727,1.100000023841858,170140,0.0,0.0
2023-05-26 00:00:00+03:00,1.100000023841858,1.1150000095367432,1.0499999523162842,1.059999942779541,171966,0.0,0.0
2023-05-29 00:00:00+03:00,1.0850000381469727,1.0850000381469727,1.0499999523162842,1.065000057220459,79650,0.0,0.0
2023-05-30 00:00:00+03:00,1.0449999570846558,1.1100000143051147,1.0449999570846558,1.0800000429153442,81146,0.0,0.0
2023-05-31 00:00:00+03:00,1.0800000429153442,1.1200000047683716,1.0549999475479126,1.0700000524520874,30969,0.0,0.0
2023-06-01 00:00:00+03:00,1.0800000429153442,1.1200000047683716,1.0750000476837158,1.0800000429153442,73572,0.0,0.0
2023-06-02 00:00:00+03:00,1.090000033378601,1.1349999904632568,1.090000033378601,1.1150000095367432,75028,0.0,0.0
2023-06-05 00:00:00+03:00,1.1299999952316284,1.1749999523162842,1.1299999952316284,1.1449999809265137,76284,0.0,0.0
2023-06-06 00:00:00+03:00,1.1449999809265137,1.1699999570846558,1.1100000143051147,1.1349999904632568,33184,0.0,0.0
2023-06-07 00:00:00+03:00,1.1399999856948853,1.1399999856948853,1.1100000143051147,1.125,24892,0.0,0.0
2023-06-08 00:00:00+03:00,1.125,1.149999976158142,1.1100000143051147,1.1349999904632568,41482,0.0,0.0
2023-06-09 00:00:00+03:00,1.1649999618530273,1.1649999618530273,1.1399999856948853,1.149999976158142,12839,0.0,0.0
2023-06-12 00:00:00+03:00,1.149999976158142,1.1699999570846558,1.125,1.1449999809265137,45706,0.0,0.0
2023-06-13 00:00:00+03:00,1.1299999952316284,1.1649999618530273,1.1299999952316284,1.149999976158142,21248,0.0,0.0
2023-06-14 00:00:00+03:00,1.1549999713897705,1.1649999618530273,1.1299999952316284,1.1349999904632568,17530,0.0,0.0
2023-06-15 00:00:00+03:00,1.1549999713897705,1.1549999713897705,1.1150000095367432,1.1299999952316284,29851,0.0,0.0
2023-06-16 00:00:00+03:00,1.1299999952316284,1.1449999809265137,1.1150000095367432,1.1299999952316284,7012,0.0,0.0
2023-06-19 00:00:00+03:00,1.1150000095367432,1.1449999809265137,1.100000023841858,1.1299999952316284,20788,0.0,0.0
2023-06-20 00:00:00+03:00,1.1349999904632568,1.1549999713897705,1.0700000524520874,1.1050000190734863,30694,0.0,0.0
2023-06-21 00:00:00+03:00,1.1050000190734863,1.1100000143051147,1.0750000476837158,1.1050000190734863,26940,0.0,0.0
2023-06-22 00:00:00+03:00,1.0850000381469727,1.1050000190734863,1.065000057220459,1.100000023841858,21772,0.0,0.0
2023-06-26 00:00:00+03:00,1.100000023841858,1.100000023841858,1.0399999618530273,1.0800000429153442,43683,0.0,0.0
2023-06-27 00:00:00+03:00,1.0399999618530273,1.0499999523162842,1.0299999713897705,1.0399999618530273,20725,0.0,0.0
2023-06-28 00:00:00+03:00,1.0499999523162842,1.0700000524520874,1.0299999713897705,1.065000057220459,22186,0.0,0.0
2023-06-29 00:00:00+03:00,1.0700000524520874,1.0700000524520874,1.0,1.024999976158142,94091,0.0,0.0
2023-06-30 00:00:00+03:00,1.0099999904632568,1.0149999856948853,0.984000027179718,0.9959999918937683,69261,0.0,0.0
2023-07-03 00:00:00+03:00,0.9959999918937683,1.0099999904632568,0.9860000014305115,1.0,37594,0.0,0.0
2023-07-04 00:00:00+03:00,1.0149999856948853,1.0149999856948853,0.9900000095367432,0.9980000257492065,13242,0.0,0.0
2023-07-05 00:00:00+03:00,0.9980000257492065,1.0199999809265137,0.9980000257492065,1.0,29541,0.0,0.0
2023-07-06 00:00:00+03:00,1.1699999570846558,1.284999966621399,1.1399999856948853,1.2549999952316284,436274,0.0,0.0
2023-07-07 00:00:00+03:00,1.3049999475479126,1.340000033378601,1.2599999904632568,1.309999942779541,118689,0.0,0.0
2023-07-10 00:00:00+03:00,1.3350000381469727,1.3350000381469727,1.2000000476837158,1.225000023841858,117720,0.0,0.0
2023-07-11 00:00:00+03:00,1.2400000095367432,1.2649999856948853,1.215000033378601,1.225000023841858,125149,0.0,0.0
2023-07-12 00:00:00+03:00,1.2350000143051147,1.2949999570846558,1.2000000476837158,1.2000000476837158,89993,0.0,0.0
2023-07-13 00:00:00+03:00,1.2000000476837158,1.2200000286102295,1.1399999856948853,1.1699999570846558,283223,0.0,0.0
2023-07-14 00:00:00+03:00,1.1699999570846558,1.1799999475479126,1.149999976158142,1.149999976158142,21500,0.0,0.0
2023-07-17 00:00:00+03:00,1.149999976158142,1.159999966621399,1.1150000095367432,1.125,17635,0.0,0.0
2023-07-18 00:00:00+03:00,1.125,1.1549999713897705,1.1100000143051147,1.1349999904632568,53948,0.0,0.0
2023-07-19 00:00:00+03:00,1.1349999904632568,1.1649999618530273,1.1349999904632568,1.1449999809265137,24080,0.0,0.0
2023-07-20 00:00:00+03:00,1.1749999523162842,1.190000057220459,1.1299999952316284,1.1399999856948853,37585,0.0,0.0
2023-07-21 00:00:00+03:00,1.159999966621399,1.184999942779541,1.159999966621399,1.1749999523162842,28366,0.0,0.0
2023-07-24 00:00:00+03:00,1.184999942779541,1.2050000429153442,1.1649999618530273,1.190000057220459,19306,0.0,0.0
2023-07-25 00:00:00+03:00,1.2000000476837158,1.2300000190734863,1.184999942779541,1.2300000190734863,27141,0.0,0.0
2023-07-26 00:00:00+03:00,1.2300000190734863,1.2300000190734863,1.1799999475479126,1.2050000429153442,7330,0.0,0.0
2023-07-27 00:00:00+03:00,1.184999942779541,1.2050000429153442,1.1699999570846558,1.184999942779541,15176,0.0,0.0
2023-07-28 00:00:00+03:00,1.1749999523162842,1.2200000286102295,1.1699999570846558,1.2100000381469727,22011,0.0,0.0
2023-07-31 00:00:00+03:00,1.2100000381469727,1.2100000381469727,1.1799999475479126,1.190000057220459,17372,0.0,0.0
2023-08-01 00:00:00+03:00,1.2100000381469727,1.2100000381469727,1.1649999618530273,1.1799999475479126,33474,0.0,0.0
2023-08-02 00:00:00+03:00,1.1799999475479126,1.2649999856948853,1.159999966621399,1.159999966621399,30994,0.0,0.0
2023-08-03 00:00:00+03:00,1.1699999570846558,1.2050000429153442,1.1549999713897705,1.1749999523162842,41626,0.0,0.0
2023-08-04 00:00:00+03:00,1.1749999523162842,1.190000057220459,1.159999966621399,1.190000057220459,9664,0.0,0.0
2023-08-07 00:00:00+03:00,1.2000000476837158,1.2050000429153442,1.1749999523162842,1.2050000429153442,20704,0.0,0.0
2023-08-08 00:00:00+03:00,1.2050000429153442,1.2050000429153442,1.1699999570846558,1.1799999475479126,4076,0.0,0.0
2023-08-09 00:00:00+03:00,1.1749999523162842,1.2200000286102295,1.1699999570846558,1.2000000476837158,33504,0.0,0.0
2023-08-10 00:00:00+03:00,1.2200000286102295,1.2200000286102295,1.2000000476837158,1.2000000476837158,29742,0.0,0.0
2023-08-11 00:00:00+03:00,1.2050000429153442,1.215000033378601,1.1799999475479126,1.1799999475479126,24205,0.0,0.0
2023-08-14 00:00:00+03:00,1.215000033378601,1.215000033378601,1.1549999713897705,1.1799999475479126,35129,0.0,0.0
2023-08-15 00:00:00+03:00,1.1799999475479126,1.184999942779541,1.1399999856948853,1.149999976158142,21242,0.0,0.0
2023-08-16 00:00:00+03:00,1.149999976158142,1.1749999523162842,1.1200000047683716,1.1299999952316284,13309,0.0,0.0
2023-08-17 00:00:00+03:00,1.125,1.149999976158142,1.090000033378601,1.1399999856948853,77951,0.0,0.0
2023-08-18 00:00:00+03:00,1.1100000143051147,1.1100000143051147,1.0499999523162842,1.0850000381469727,73271,0.0,0.0
2023-08-21 00:00:00+03:00,1.090000033378601,1.100000023841858,1.059999942779541,1.0800000429153442,59952,0.0,0.0
2023-08-22 00:00:00+03:00,1.0800000429153442,1.0950000286102295,1.0449999570846558,1.0950000286102295,31407,0.0,0.0
2023-08-23 00:00:00+03:00,1.0700000524520874,1.0950000286102295,1.059999942779541,1.0750000476837158,68264,0.0,0.0
2023-08-24 00:00:00+03:00,1.065000057220459,1.0750000476837158,1.0449999570846558,1.0449999570846558,24129,0.0,0.0
2023-08-25 00:00:00+03:00,1.0449999570846558,1.065000057220459,1.0449999570846558,1.0499999523162842,8498,0.0,0.0
2023-08-28 00:00:00+03:00,1.065000057220459,1.0800000429153442,1.065000057220459,1.0700000524520874,123449,0.0,0.0
2023-08-29 00:00:00+03:00,1.059999942779541,1.0850000381469727,1.0499999523162842,1.0700000524520874,24203,0.0,0.0
2023-08-30 00:00:00+03:00,1.0700000524520874,1.090000033378601,1.0099999904632568,1.0299999713897705,118025,0.0,0.0
2023-08-31 00:00:00+03:00,1.0299999713897705,1.0299999713897705,1.0199999809265137,1.0299999713897705,7163,0.0,0.0
2023-09-01 00:00:00+03:00,1.0299999713897705,1.0299999713897705,1.0099999904632568,1.0149999856948853,29422,0.0,0.0
2023-09-04 00:00:00+03:00,1.0149999856948853,1.0499999523162842,1.0099999904632568,1.0299999713897705,41329,0.0,0.0
2023-09-05 00:00:00+03:00,1.0299999713897705,1.0299999713897705,1.0099999904632568,1.0299999713897705,16084,0.0,0.0
2023-09-06 00:00:00+03:00,1.059999942779541,1.059999942779541,0.9980000257492065,1.0299999713897705,37279,0.0,0.0
2023-09-07 00:00:00+03:00,1.0099999904632568,1.0299999713897705,1.0,1.0099999904632568,13070,0.0,0.0
2023-09-08 00:00:00+03:00,1.0149999856948853,1.0299999713897705,1.0099999904632568,1.0299999713897705,12521,0.0,0.0
2023-09-11 00:00:00+03:00,1.0299999713897705,1.0299999713897705,1.0099999904632568,1.0299999713897705,25472,0.0,0.0
2023-09-12 00:00:00+03:00,1.0299999713897705,1.0299999713897705,1.0049999952316284,1.0199999809265137,15507,0.0,0.0
2023-09-13 00:00:00+03:00,1.0049999952316284,1.0199999809265137,1.0,1.0049999952316284,18013,0.0,0.0
2023-09-14 00:00:00+03:00,1.0199999809265137,1.0199999809265137,0.984000027179718,1.0,16571,0.0,0.0
2023-09-15 00:00:00+03:00,1.0099999904632568,1.0199999809265137,1.0099999904632568,1.0099999904632568,4370,0.0,0.0
2023-09-18 00:00:00+03:00,1.0199999809265137,1.0199999809265137,0.9900000095367432,0.9900000095367432,22123,0.0,0.0
2023-09-19 00:00:00+03:00,1.0,1.0099999904632568,0.984000027179718,1.0099999904632568,8496,0.0,0.0
2023-09-20 00:00:00+03:00,0.8519999980926514,0.8859999775886536,0.8220000267028809,0.8360000252723694,569905,0.0,0.0
2023-09-21 00:00:00+03:00,0.75,0.7900000214576721,0.7260000109672546,0.7440000176429749,470326,0.0,0.0
2023-09-22 00:00:00+03:00,0.722000002861023,0.7599999904632568,0.722000002861023,0.7400000095367432,107921,0.0,0.0
2023-09-25 00:00:00+03:00,0.7400000095367432,0.7599999904632568,0.7179999947547913,0.7599999904632568,39744,0.0,0.0
2023-09-26 00:00:00+03:00,0.7599999904632568,0.7820000052452087,0.7319999933242798,0.7559999823570251,67096,0.0,0.0
2023-09-27 00:00:00+03:00,0.7559999823570251,0.7820000052452087,0.7360000014305115,0.7540000081062317,11649,0.0,0.0
2023-09-28 00:00:00+03:00,0.7540000081062317,0.7540000081062317,0.7200000286102295,0.7540000081062317,11579,0.0,0.0
2023-09-29 00:00:00+03:00,0.7440000176429749,0.800000011920929,0.7440000176429749,0.7480000257492065,208425,0.0,0.0
2023-10-02 00:00:00+03:00,0.7519999742507935,0.765999972820282,0.7039999961853027,0.75,144127,0.0,0.0
2023-10-03 00:00:00+03:00,0.75,0.75,0.6600000262260437,0.6779999732971191,86443,0.0,0.0
2023-10-04 00:00:00+03:00,0.6880000233650208,0.6980000138282776,0.6340000033378601,0.6620000004768372,257713,0.0,0.0
2023-10-05 00:00:00+03:00,0.6620000004768372,0.6620000004768372,0.6200000047683716,0.6499999761581421,104300,0.0,0.0
2023-10-06 00:00:00+03:00,0.6499999761581421,0.7139999866485596,0.6259999871253967,0.6880000233650208,80216,0.0,0.0
2023-10-09 00:00:00+03:00,0.5220000147819519,0.5820000171661377,0.47999998927116394,0.4819999933242798,268565,0.0,0.0
2023-10-10 00:00:00+03:00,0.47999998927116394,0.49900001287460327,0.4729999899864197,0.47999998927116394,101980,0.0,0.0
2023-10-11 00:00:00+03:00,0.460999995470047,0.5400000214576721,0.460999995470047,0.49300000071525574,97249,0.0,0.0
2023-10-12 00:00:00+03:00,0.4909999966621399,0.4909999966621399,0.4440000057220459,0.4650000035762787,419463,0.0,0.0
2023-10-13 00:00:00+03:00,0.45100000500679016,0.4779999852180481,0.4309999942779541,0.4309999942779541,245153,0.0,0.0
2023-10-16 00:00:00+03:00,0.4309999942779541,0.4350000023841858,0.382999986410141,0.38999998569488525,345049,0.0,0.0
2023-10-17 00:00:00+03:00,0.38999998569488525,0.38999998569488525,0.3610000014305115,0.3659999966621399,227197,0.0,0.0
2023-10-18 00:00:00+03:00,0.3659999966621399,0.38199999928474426,0.328000009059906,0.328000009059906,197607,0.0,0.0
2023-10-19 00:00:00+03:00,0.32899999618530273,0.3569999933242798,0.32600000500679016,0.3569999933242798,276575,0.0,0.0
2023-10-20 00:00:00+03:00,0.3569999933242798,0.37299999594688416,0.3199999928474426,0.3310000002384186,262571,0.0,0.0
2023-10-23 00:00:00+03:00,0.3319999873638153,0.3490000069141388,0.3059999942779541,0.3190000057220459,152273,0.0,0.0
2023-10-24 00:00:00+03:00,0.3199999928474426,0.33000001311302185,0.30399999022483826,0.32899999618530273,119941,0.0,0.0
2023-10-25 00:00:00+03:00,0.3160000145435333,0.33500000834465027,0.30300000309944153,0.3100000023841858,54012,0.0,0.0
2023-10-26 00:00:00+03:00,0.3179999887943268,0.3199999928474426,0.2930000126361847,0.296999990940094,61516,0.0,0.0
2023-10-27 00:00:00+03:00,0.296999990940094,0.3269999921321869,0.2930000126361847,0.3199999928474426,67412,0.0,0.0
2023-10-30 00:00:00+02:00,0.3199999928474426,0.33899998664855957,0.30300000309944153,0.328000009059906,74002,0.0,0.0
2023-10-31 00:00:00+02:00,0.33000001311302185,0.382999986410141,0.33000001311302185,0.35100001096725464,179041,0.0,0.0
2023-11-01 00:00:00+02:00,0.38199999928474426,0.44999998807907104,0.34700000286102295,0.34700000286102295,496717,0.0,0.0
2023-11-02 00:00:00+02:00,0.34700000286102295,0.36500000953674316,0.3160000145435333,0.3409999907016754,235413,0.0,0.0
2023-11-03 00:00:00+02:00,0.3400000035762787,0.3889999985694885,0.3400000035762787,0.3869999945163727,185285,0.0,0.0
2023-11-06 00:00:00+02:00,0.3790000081062317,0.4020000100135803,0.36399999260902405,0.4020000100135803,55004,0.0,0.0
2023-11-07 00:00:00+02:00,0.4099999964237213,0.41999998688697815,0.38999998569488525,0.39899998903274536,29026,0.0,0.0
2023-11-08 00:00:00+02:00,0.39899998903274536,0.41100001335144043,0.38999998569488525,0.3919999897480011,16115,0.0,0.0
2023-11-09 00:00:00+02:00,0.36899998784065247,0.36899998784065247,0.3149999976158142,0.3449999988079071,326301,0.0,0.0
2023-11-10 00:00:00+02:00,0.3499999940395355,0.36000001430511475,0.3240000009536743,0.33500000834465027,201528,0.0,0.0
2023-11-13 00:00:00+02:00,0.33500000834465027,0.34700000286102295,0.3330000042915344,0.3449999988079071,47416,0.0,0.0
