Date,Open,High,Low,Close,Volume,Dividends,Stock Splits
2021-12-03 00:00:00+02:00,6.579999923706055,6.829999923706055,6.164000034332275,6.289999961853027,771594,0.0,0.0
2021-12-07 00:00:00+02:00,6.300000190734863,6.3420000076293945,5.802000045776367,6.170000076293945,60148,0.0,0.0
2021-12-08 00:00:00+02:00,6.300000190734863,6.579999923706055,6.159999847412109,6.579999923706055,49700,0.0,0.0
2021-12-09 00:00:00+02:00,6.579999923706055,6.659999847412109,6.300000190734863,6.539999961853027,48913,0.0,0.0
2021-12-10 00:00:00+02:00,6.539999961853027,6.539999961853027,6.300000190734863,6.5,17834,0.0,0.0
2021-12-13 00:00:00+02:00,6.5,6.519999980926514,6.300000190734863,6.300000190734863,7754,0.0,0.0
2021-12-14 00:00:00+02:00,6.380000114440918,6.380000114440918,6.0,6.079999923706055,14588,0.0,0.0
2021-12-15 00:00:00+02:00,6.039999961853027,6.059999942779541,5.900000095367432,6.0,12693,0.0,0.0
2021-12-16 00:00:00+02:00,5.900000095367432,6.139999866485596,5.900000095367432,6.099999904632568,10186,0.0,0.0
2021-12-17 00:00:00+02:00,5.900000095367432,6.019999980926514,5.900000095367432,5.960000038146973,13225,0.0,0.0
2021-12-20 00:00:00+02:00,5.980000019073486,6.179999828338623,5.960000038146973,6.079999923706055,23127,0.0,0.0
2021-12-21 00:00:00+02:00,6.099999904632568,6.139999866485596,5.900000095367432,6.119999885559082,26185,0.0,0.0
2021-12-22 00:00:00+02:00,6.139999866485596,6.199999809265137,6.0,6.179999828338623,12777,0.0,0.0
2021-12-23 00:00:00+02:00,6.179999828338623,6.28000020980835,6.159999847412109,6.28000020980835,9555,0.0,0.0
2021-12-27 00:00:00+02:00,6.300000190734863,6.539999961853027,6.300000190734863,6.539999961853027,9567,0.0,0.0
2021-12-28 00:00:00+02:00,6.539999961853027,6.579999923706055,6.519999980926514,6.579999923706055,21835,0.0,0.0
2021-12-29 00:00:00+02:00,6.579999923706055,6.579999923706055,6.420000076293945,6.5,11499,0.0,0.0
2021-12-30 00:00:00+02:00,6.5,6.579999923706055,6.5,6.579999923706055,14200,0.0,0.0
2022-01-03 00:00:00+02:00,6.599999904632568,6.599999904632568,6.0,6.360000133514404,9195,0.0,0.0
2022-01-04 00:00:00+02:00,6.400000095367432,6.519999980926514,6.400000095367432,6.420000076293945,4244,0.0,0.0
2022-01-05 00:00:00+02:00,6.420000076293945,6.420000076293945,6.21999979019165,6.400000095367432,4268,0.0,0.0
2022-01-07 00:00:00+02:00,6.239999771118164,6.519999980926514,6.239999771118164,6.460000038146973,2154,0.0,0.0
2022-01-10 00:00:00+02:00,6.460000038146973,6.460000038146973,6.119999885559082,6.159999847412109,2643,0.0,0.0
2022-01-11 00:00:00+02:00,6.260000228881836,6.400000095367432,6.159999847412109,6.159999847412109,1875,0.0,0.0
2022-01-12 00:00:00+02:00,6.159999847412109,6.400000095367432,6.159999847412109,6.400000095367432,482,0.0,0.0
2022-01-13 00:00:00+02:00,6.360000133514404,6.360000133514404,6.159999847412109,6.159999847412109,474,0.0,0.0
2022-01-14 00:00:00+02:00,6.289999961853027,6.409999847412109,5.820000171661377,6.050000190734863,15697,0.0,0.0
2022-01-17 00:00:00+02:00,6.190000057220459,6.349999904632568,6.039999961853027,6.28000020980835,4764,0.0,0.0
2022-01-18 00:00:00+02:00,6.28000020980835,6.28000020980835,6.099999904632568,6.099999904632568,6310,0.0,0.0
2022-01-19 00:00:00+02:00,6.099999904632568,6.150000095367432,6.039999961853027,6.150000095367432,532,0.0,0.0
2022-01-20 00:00:00+02:00,6.099999904632568,6.25,6.010000228881836,6.25,986,0.0,0.0
2022-01-21 00:00:00+02:00,6.019999980926514,6.019999980926514,5.800000190734863,5.989999771118164,6007,0.0,0.0
2022-01-24 00:00:00+02:00,5.820000171661377,5.960000038146973,5.329999923706055,5.510000228881836,10301,0.0,0.0
2022-01-25 00:00:00+02:00,5.510000228881836,5.900000095367432,5.360000133514404,5.570000171661377,1132,0.0,0.0
2022-01-26 00:00:00+02:00,5.570000171661377,5.829999923706055,5.53000020980835,5.659999847412109,1731,0.0,0.0
2022-01-27 00:00:00+02:00,5.519999980926514,5.650000095367432,5.519999980926514,5.570000171661377,623,0.0,0.0
2022-01-28 00:00:00+02:00,5.760000228881836,5.760000228881836,5.519999980926514,5.599999904632568,1218,0.0,0.0
2022-01-31 00:00:00+02:00,5.699999809265137,5.699999809265137,5.599999904632568,5.619999885559082,1553,0.0,0.0
2022-02-01 00:00:00+02:00,5.599999904632568,5.789999961853027,5.480000019073486,5.550000190734863,1870,0.0,0.0
2022-02-02 00:00:00+02:00,5.550000190734863,5.699999809265137,5.449999809265137,5.690000057220459,2197,0.0,0.0
2022-02-03 00:00:00+02:00,5.650000095367432,5.650000095367432,5.650000095367432,5.650000095367432,1,0.0,0.0
2022-02-04 00:00:00+02:00,5.659999847412109,6.0,5.659999847412109,5.829999923706055,1597,0.0,0.0
2022-02-07 00:00:00+02:00,5.630000114440918,5.889999866485596,5.460000038146973,5.889999866485596,1450,0.0,0.0
2022-02-08 00:00:00+02:00,5.800000190734863,5.889999866485596,5.610000133514404,5.889999866485596,590,0.0,0.0
2022-02-09 00:00:00+02:00,5.889999866485596,5.889999866485596,5.610000133514404,5.610000133514404,1095,0.0,0.0
2022-02-10 00:00:00+02:00,5.619999885559082,5.800000190734863,5.619999885559082,5.619999885559082,2599,0.0,0.0
2022-02-11 00:00:00+02:00,5.610000133514404,5.889999866485596,5.599999904632568,5.599999904632568,424,0.0,0.0
2022-02-14 00:00:00+02:00,5.400000095367432,5.590000152587891,5.400000095367432,5.590000152587891,1544,0.0,0.0
2022-02-15 00:00:00+02:00,5.71999979019165,5.71999979019165,5.400000095367432,5.429999828338623,198,0.0,0.0
2022-02-16 00:00:00+02:00,5.440000057220459,5.510000228881836,5.440000057220459,5.510000228881836,866,0.0,0.0
2022-02-17 00:00:00+02:00,5.5,5.5,5.349999904632568,5.349999904632568,912,0.0,0.0
2022-02-18 00:00:00+02:00,5.329999923706055,5.5,5.010000228881836,5.400000095367432,3028,0.0,0.0
2022-02-21 00:00:00+02:00,5.099999904632568,5.619999885559082,5.0,5.389999866485596,2346,0.0,0.0
2022-02-22 00:00:00+02:00,5.179999828338623,5.340000152587891,4.909999847412109,5.289999961853027,4145,0.0,0.0
2022-02-23 00:00:00+02:00,5.289999961853027,5.590000152587891,5.079999923706055,5.360000133514404,3938,0.0,0.0
2022-02-24 00:00:00+02:00,5.360000133514404,5.360000133514404,4.860000133514404,5.119999885559082,3607,0.0,0.0
2022-02-25 00:00:00+02:00,5.119999885559082,5.25,5.0,5.199999809265137,2534,0.0,0.0
2022-02-28 00:00:00+02:00,5.28000020980835,5.449999809265137,5.019999980926514,5.199999809265137,1767,0.0,0.0
2022-03-01 00:00:00+02:00,5.03000020980835,5.190000057220459,5.010000228881836,5.050000190734863,1463,0.0,0.0
2022-03-02 00:00:00+02:00,5.0,5.0,4.699999809265137,4.849999904632568,4050,0.0,0.0
2022-03-03 00:00:00+02:00,4.849999904632568,4.849999904632568,4.519999980926514,4.795000076293945,2814,0.0,0.0
2022-03-04 00:00:00+02:00,4.519999980926514,4.565000057220459,4.360000133514404,4.519999980926514,6222,0.0,0.0
2022-03-07 00:00:00+02:00,4.494999885559082,4.494999885559082,4.005000114440918,4.125,11063,0.0,0.0
2022-03-08 00:00:00+02:00,4.360000133514404,4.360000133514404,4.099999904632568,4.204999923706055,5039,0.0,0.0
2022-03-09 00:00:00+02:00,4.300000190734863,4.300000190734863,4.119999885559082,4.289999961853027,7523,0.0,0.0
2022-03-10 00:00:00+02:00,4.289999961853027,4.289999961853027,4.135000228881836,4.260000228881836,1452,0.0,0.0
2022-03-11 00:00:00+02:00,4.21999979019165,4.264999866485596,4.159999847412109,4.21999979019165,11900,0.0,0.0
2022-03-14 00:00:00+02:00,4.21999979019165,4.5,4.21999979019165,4.369999885559082,7019,0.0,0.0
2022-03-15 00:00:00+02:00,4.400000095367432,4.400000095367432,4.340000152587891,4.380000114440918,2494,0.0,0.0
2022-03-16 00:00:00+02:00,4.364999771118164,4.369999885559082,4.255000114440918,4.360000133514404,3811,0.0,0.0
2022-03-17 00:00:00+02:00,4.380000114440918,4.380000114440918,4.144999980926514,4.295000076293945,4187,0.0,0.0
2022-03-18 00:00:00+02:00,4.199999809265137,4.34499979019165,4.199999809265137,4.300000190734863,1789,0.0,0.0
2022-03-21 00:00:00+02:00,4.110000133514404,4.295000076293945,4.110000133514404,4.295000076293945,340,0.0,0.0
2022-03-22 00:00:00+02:00,4.204999923706055,4.335000038146973,4.175000190734863,4.320000171661377,4516,0.0,0.0
2022-03-23 00:00:00+02:00,4.34499979019165,4.800000190734863,4.34499979019165,4.5,1348,0.0,0.0
2022-03-24 00:00:00+02:00,4.744999885559082,4.744999885559082,4.505000114440918,4.505000114440918,924,0.0,0.0
2022-03-25 00:00:00+02:00,4.5,4.5,4.380000114440918,4.494999885559082,429,0.0,0.0
2022-03-28 00:00:00+03:00,4.380000114440918,4.380000114440918,4.369999885559082,4.380000114440918,696,0.0,0.0
2022-03-29 00:00:00+03:00,4.380000114440918,4.40500020980835,4.380000114440918,4.40500020980835,148,0.0,0.0
2022-03-30 00:00:00+03:00,4.449999809265137,4.460000038146973,4.449999809265137,4.460000038146973,190,0.0,0.0
2022-03-31 00:00:00+03:00,4.46999979019165,4.635000228881836,4.46999979019165,4.480000019073486,855,0.0,0.0
2022-04-01 00:00:00+03:00,4.579999923706055,4.579999923706055,4.550000190734863,4.550000190734863,667,0.0,0.0
2022-04-04 00:00:00+03:00,4.550000190734863,4.550000190734863,4.460000038146973,4.53000020980835,3405,0.0,0.0
2022-04-05 00:00:00+03:00,4.53000020980835,4.53000020980835,4.400000095367432,4.400000095367432,1322,0.0,0.0
2022-04-06 00:00:00+03:00,4.360000133514404,4.4695000648498535,4.111499786376953,4.111499786376953,712,0.0,0.0
2022-04-07 00:00:00+03:00,4.199999809265137,4.303999900817871,4.139999866485596,4.303999900817871,1717,0.0,0.0
2022-04-08 00:00:00+03:00,4.303999900817871,4.550000190734863,4.179999828338623,4.550000190734863,2955,0.0,0.0
2022-04-11 00:00:00+03:00,4.549499988555908,4.550000190734863,4.250500202178955,4.440000057220459,3592,0.0,0.0
2022-04-12 00:00:00+03:00,4.449999809265137,4.701000213623047,4.449999809265137,4.701000213623047,3076,0.0,0.0
2022-04-13 00:00:00+03:00,4.800000190734863,4.800000190734863,4.450500011444092,4.450500011444092,2802,0.0,0.0
2022-04-14 00:00:00+03:00,4.451499938964844,4.994999885559082,4.451499938964844,4.4604997634887695,3886,0.0,0.0
2022-04-19 00:00:00+03:00,4.449999809265137,4.449999809265137,4.320499897003174,4.449999809265137,194,0.0,0.0
2022-04-20 00:00:00+03:00,4.341000080108643,4.449999809265137,4.341000080108643,4.350500106811523,281,0.0,0.0
2022-04-21 00:00:00+03:00,4.372000217437744,4.549499988555908,4.372000217437744,4.549499988555908,312,0.0,0.0
2022-04-22 00:00:00+03:00,4.439499855041504,4.439499855041504,4.439499855041504,4.439499855041504,350,0.0,0.0
2022-04-25 00:00:00+03:00,4.329999923706055,4.329999923706055,4.1504998207092285,4.210000038146973,3616,0.0,0.0
2022-04-26 00:00:00+03:00,4.110499858856201,4.548500061035156,4.110499858856201,4.210999965667725,1256,0.0,0.0
2022-04-27 00:00:00+03:00,4.210000038146973,4.2104997634887695,4.210000038146973,4.2104997634887695,218,0.0,0.0
2022-04-28 00:00:00+03:00,4.210000038146973,4.229000091552734,4.099999904632568,4.099999904632568,3366,0.0,0.0
2022-04-29 00:00:00+03:00,4.099999904632568,4.334499835968018,4.099999904632568,4.334000110626221,1065,0.0,0.0
2022-05-02 00:00:00+03:00,4.099999904632568,4.119999885559082,4.099999904632568,4.119999885559082,586,0.0,0.0
2022-05-03 00:00:00+03:00,4.119999885559082,4.318999767303467,3.9554998874664307,4.039999961853027,458,0.0,0.0
2022-05-04 00:00:00+03:00,4.010000228881836,4.010000228881836,3.950000047683716,4.0,2703,0.0,0.0
2022-05-05 00:00:00+03:00,3.950000047683716,3.950000047683716,3.755000114440918,3.8510000705718994,3402,0.0,0.0
2022-05-06 00:00:00+03:00,3.8515000343322754,4.010000228881836,3.8499999046325684,4.0,3436,0.0,0.0
2022-05-09 00:00:00+03:00,3.8994998931884766,4.0,3.510999917984009,4.0,1018,0.0,0.0
2022-05-10 00:00:00+03:00,3.8010001182556152,4.445000171661377,3.5999999046325684,3.994999885559082,2434,0.0,0.0
2022-05-11 00:00:00+03:00,3.94950008392334,3.950000047683716,3.80049991607666,3.8010001182556152,613,0.0,0.0
2022-05-12 00:00:00+03:00,3.80049991607666,4.0,3.80049991607666,4.0,311,0.0,0.0
2022-05-13 00:00:00+03:00,3.8010001182556152,4.000500202178955,3.8010001182556152,3.8499999046325684,3151,0.0,0.0
2022-05-16 00:00:00+03:00,4.289999961853027,4.489500045776367,3.990000009536743,4.446000099182129,5007,0.0,0.0
2022-05-17 00:00:00+03:00,4.489999771118164,4.489999771118164,4.101500034332275,4.488999843597412,1885,0.0,0.0
2022-05-18 00:00:00+03:00,4.488999843597412,4.488999843597412,4.488999843597412,4.488999843597412,43,0.0,0.0
2022-05-19 00:00:00+03:00,4.100500106811523,4.488500118255615,4.100500106811523,4.488500118255615,66,0.0,0.0
2022-05-20 00:00:00+03:00,4.100500106811523,4.379499912261963,4.019999980926514,4.299499988555908,6219,0.0,0.0
2022-05-23 00:00:00+03:00,4.300000190734863,4.300000190734863,4.300000190734863,4.300000190734863,5,0.0,0.0
2022-05-24 00:00:00+03:00,4.297999858856201,4.297999858856201,4.25,4.25,45,0.0,0.0
2022-05-25 00:00:00+03:00,4.0304999351501465,4.189000129699707,4.0304999351501465,4.189000129699707,142,0.0,0.0
2022-05-27 00:00:00+03:00,4.039999961853027,4.21999979019165,4.020999908447266,4.21999979019165,529,0.0,0.0
2022-05-30 00:00:00+03:00,4.329500198364258,4.329500198364258,4.090000152587891,4.299499988555908,580,0.0,0.0
2022-05-31 00:00:00+03:00,4.25,4.25,4.199999809265137,4.25,859,0.0,0.0
2022-06-01 00:00:00+03:00,4.1504998207092285,4.489500045776367,4.150000095367432,4.1504998207092285,106,0.0,0.0
2022-06-02 00:00:00+03:00,4.25,4.350500106811523,4.05049991607666,4.349999904632568,9070,0.0,0.0
2022-06-03 00:00:00+03:00,4.30049991607666,4.30049991607666,4.300000190734863,4.300000190734863,494,0.0,0.0
2022-06-06 00:00:00+03:00,4.300000190734863,4.300000190734863,4.159999847412109,4.28000020980835,1796,0.0,0.0
2022-06-07 00:00:00+03:00,4.28000020980835,4.28000020980835,4.150000095367432,4.28000020980835,2608,0.0,0.0
2022-06-08 00:00:00+03:00,4.28000020980835,4.28000020980835,4.28000020980835,4.28000020980835,0,0.0,0.0
2022-06-09 00:00:00+03:00,4.2795000076293945,4.2795000076293945,4.10099983215332,4.108500003814697,378,0.0,0.0
2022-06-10 00:00:00+03:00,4.108500003814697,4.108500003814697,4.108500003814697,4.108500003814697,0,0.0,0.0
2022-06-13 00:00:00+03:00,4.269499778747559,4.269499778747559,4.199999809265137,4.199999809265137,451,0.0,0.0
2022-06-14 00:00:00+03:00,4.060500144958496,4.060999870300293,4.0,4.0,937,0.0,0.0
2022-06-15 00:00:00+03:00,4.0,4.0,3.999500036239624,4.0,123,0.0,0.0
2022-06-16 00:00:00+03:00,4.0,4.0,4.0,4.0,0,0.0,0.0
2022-06-17 00:00:00+03:00,3.9200000762939453,4.0,3.7799999713897705,4.0,140,0.0,0.0
2022-06-20 00:00:00+03:00,4.0,4.0,4.0,4.0,34,0.0,0.0
2022-06-21 00:00:00+03:00,4.0,4.0,4.0,4.0,110,0.0,0.0
2022-06-22 00:00:00+03:00,3.8399999141693115,4.300000190734863,3.799999952316284,4.300000190734863,223,0.0,0.0
2022-06-23 00:00:00+03:00,4.299499988555908,4.299499988555908,4.299499988555908,4.299499988555908,256,0.0,0.0
2022-06-27 00:00:00+03:00,3.8269999027252197,4.379499912261963,3.8264999389648438,4.379499912261963,587,0.0,0.0
2022-06-28 00:00:00+03:00,3.8505001068115234,4.400000095367432,3.8505001068115234,4.400000095367432,450,0.0,0.0
2022-06-29 00:00:00+03:00,3.950500011444092,3.950500011444092,3.950500011444092,3.950500011444092,43,0.0,0.0
2022-06-30 00:00:00+03:00,4.459499835968018,4.460000038146973,3.9509999752044678,4.460000038146973,2250,0.0,0.0
2022-07-01 00:00:00+03:00,4.0,4.460000038146973,4.0,4.460000038146973,447,0.0,0.0
2022-07-04 00:00:00+03:00,3.8505001068115234,4.44950008392334,3.8505001068115234,4.300000190734863,1633,0.0,0.0
2022-07-05 00:00:00+03:00,4.199999809265137,4.199999809265137,3.950500011444092,3.950500011444092,157,0.0,0.0
2022-07-06 00:00:00+03:00,4.199999809265137,4.199999809265137,4.199999809265137,4.199999809265137,55,0.0,0.0
2022-07-07 00:00:00+03:00,4.19950008392334,4.39900016784668,4.193999767303467,4.398499965667725,3936,0.0,0.0
2022-07-08 00:00:00+03:00,4.3979997634887695,4.460000038146973,4.3979997634887695,4.460000038146973,2599,0.0,0.0
2022-07-11 00:00:00+03:00,4.460000038146973,4.460000038146973,4.1504998207092285,4.300000190734863,380,0.0,0.0
2022-07-12 00:00:00+03:00,4.200500011444092,4.200500011444092,4.159999847412109,4.159999847412109,922,0.0,0.0
2022-07-13 00:00:00+03:00,4.171000003814697,4.171000003814697,4.171000003814697,4.171000003814697,10,0.0,0.0
2022-07-14 00:00:00+03:00,4.299499988555908,4.300000190734863,4.170499801635742,4.170499801635742,1107,0.0,0.0
2022-07-15 00:00:00+03:00,4.170499801635742,4.2895002365112305,4.170499801635742,4.2895002365112305,164,0.0,0.0
2022-07-18 00:00:00+03:00,4.2895002365112305,4.2895002365112305,4.250500202178955,4.250500202178955,700,0.0,0.0
2022-07-19 00:00:00+03:00,4.25,4.25,4.010499954223633,4.010499954223633,7593,0.0,0.0
2022-07-20 00:00:00+03:00,4.399499893188477,4.399499893188477,4.399499893188477,4.399499893188477,4,0.0,0.0
2022-07-21 00:00:00+03:00,4.399499893188477,4.399499893188477,4.150000095367432,4.369500160217285,255,0.0,0.0
2022-07-22 00:00:00+03:00,4.010499954223633,4.010499954223633,4.010000228881836,4.010000228881836,80,0.0,0.0
2022-07-25 00:00:00+03:00,4.020999908447266,4.0304999351501465,4.020999908447266,4.03000020980835,227,0.0,0.0
2022-07-26 00:00:00+03:00,4.0304999351501465,4.0304999351501465,4.0304999351501465,4.0304999351501465,12,0.0,0.0
2022-07-27 00:00:00+03:00,4.394499778747559,4.394499778747559,4.05049991607666,4.05049991607666,89,0.0,0.0
2022-07-28 00:00:00+03:00,4.399499893188477,4.399499893188477,4.031000137329102,4.031000137329102,763,0.0,0.0
2022-07-29 00:00:00+03:00,4.039999961853027,4.389500141143799,4.039999961853027,4.389500141143799,355,0.0,0.0
2022-08-01 00:00:00+03:00,4.100500106811523,4.389500141143799,4.100500106811523,4.389500141143799,113,0.0,0.0
2022-08-02 00:00:00+03:00,4.374499797821045,4.400000095367432,4.25,4.25,6080,0.0,0.0
2022-08-03 00:00:00+03:00,4.301000118255615,4.376999855041504,4.301000118255615,4.376999855041504,50,0.0,0.0
2022-08-04 00:00:00+03:00,4.379499912261963,4.379499912261963,4.379499912261963,4.379499912261963,233,0.0,0.0
2022-08-05 00:00:00+03:00,4.379499912261963,4.379499912261963,4.379499912261963,4.379499912261963,0,0.0,0.0
2022-08-08 00:00:00+03:00,4.356500148773193,4.380000114440918,4.355999946594238,4.355999946594238,9617,0.0,0.0
2022-08-09 00:00:00+03:00,4.380000114440918,4.380000114440918,4.379499912261963,4.380000114440918,1919,0.0,0.0
2022-08-10 00:00:00+03:00,4.369999885559082,4.369999885559082,4.250500202178955,4.349999904632568,1824,0.0,0.0
2022-08-11 00:00:00+03:00,4.349999904632568,4.349999904632568,4.110499858856201,4.210000038146973,3885,0.0,0.0
2022-08-12 00:00:00+03:00,4.249499797821045,4.249499797821045,4.179999828338623,4.179999828338623,2951,0.0,0.0
2022-08-15 00:00:00+03:00,4.180500030517578,4.299499988555908,4.179999828338623,4.204999923706055,4494,0.0,0.0
2022-08-16 00:00:00+03:00,4.200500011444092,4.2795000076293945,4.170000076293945,4.1875,3746,0.0,0.0
2022-08-17 00:00:00+03:00,4.199999809265137,4.229499816894531,4.119500160217285,4.119500160217285,3314,0.0,0.0
2022-08-18 00:00:00+03:00,4.350500106811523,4.350500106811523,4.03000020980835,4.03000020980835,3676,0.0,0.0
2022-08-19 00:00:00+03:00,4.010000228881836,4.0995001792907715,3.7799999713897705,3.9800000190734863,3990,0.0,0.0
2022-08-22 00:00:00+03:00,3.990000009536743,4.379499912261963,3.7829999923706055,4.0995001792907715,2217,0.0,0.0
2022-08-23 00:00:00+03:00,3.999500036239624,4.0,3.821000099182129,4.0,1695,0.0,0.0
2022-08-24 00:00:00+03:00,4.050000190734863,4.050000190734863,3.9674999713897705,3.999500036239624,482,0.0,0.0
2022-08-25 00:00:00+03:00,4.050000190734863,4.379000186920166,4.050000190734863,4.379000186920166,50,0.0,0.0
2022-08-26 00:00:00+03:00,4.249499797821045,4.249499797821045,4.249499797821045,4.249499797821045,200,0.0,0.0
2022-08-29 00:00:00+03:00,3.9200000762939453,4.050000190734863,3.7200000286102295,4.050000190734863,1519,0.0,0.0
2022-08-30 00:00:00+03:00,3.9100000858306885,3.9100000858306885,3.799999952316284,3.799999952316284,1484,0.0,0.0
2022-08-31 00:00:00+03:00,3.799999952316284,4.0995001792907715,3.799999952316284,3.9000000953674316,796,0.0,0.0
2022-09-01 00:00:00+03:00,3.9000000953674316,3.9000000953674316,3.9000000953674316,3.9000000953674316,0,0.0,0.0
2022-09-02 00:00:00+03:00,3.9005000591278076,3.9005000591278076,3.700000047683716,3.8480000495910645,1326,0.0,0.0
2022-09-05 00:00:00+03:00,3.8480000495910645,3.890000104904175,3.700000047683716,3.700000047683716,882,0.0,0.0
2022-09-06 00:00:00+03:00,3.700500011444092,3.7200000286102295,3.700000047683716,3.700000047683716,443,0.0,0.0
2022-09-07 00:00:00+03:00,3.700000047683716,3.7880001068115234,3.6600000858306885,3.6600000858306885,772,0.0,0.0
2022-09-08 00:00:00+03:00,3.6600000858306885,3.6600000858306885,3.5,3.5,106,0.0,0.0
2022-09-09 00:00:00+03:00,3.999500036239624,3.999500036239624,3.999500036239624,3.999500036239624,9,0.0,0.0
2022-09-12 00:00:00+03:00,3.989500045776367,3.989500045776367,3.700000047683716,3.700000047683716,1653,0.0,0.0
2022-09-13 00:00:00+03:00,3.6005001068115234,3.6010000705718994,3.6005001068115234,3.6005001068115234,287,0.0,0.0
2022-09-14 00:00:00+03:00,3.6010000705718994,3.6505000591278076,3.6010000705718994,3.6505000591278076,820,0.0,0.0
2022-09-15 00:00:00+03:00,3.504499912261963,3.799999952316284,3.504499912261963,3.799999952316284,2097,0.0,0.0
2022-09-16 00:00:00+03:00,3.5,3.5999999046325684,3.5,3.5999999046325684,403,0.0,0.0
2022-09-19 00:00:00+03:00,3.5999999046325684,3.5999999046325684,3.549999952316284,3.549999952316284,435,0.0,0.0
2022-09-20 00:00:00+03:00,3.4100000858306885,3.4795000553131104,3.4000000953674316,3.4000000953674316,555,0.0,0.0
2022-09-21 00:00:00+03:00,3.4000000953674316,3.4000000953674316,3.299999952316284,3.299999952316284,728,0.0,0.0
2022-09-22 00:00:00+03:00,3.299999952316284,3.299999952316284,3.109999895095825,3.198499917984009,2057,0.0,0.0
2022-09-23 00:00:00+03:00,3.190000057220459,3.190000057220459,3.115000009536743,3.1500000953674316,723,0.0,0.0
2022-09-26 00:00:00+03:00,3.115000009536743,3.115000009536743,3.0999999046325684,3.11299991607666,1700,0.0,0.0
2022-09-27 00:00:00+03:00,3.11299991607666,3.11299991607666,2.9000000953674316,2.9000000953674316,658,0.0,0.0
2022-09-28 00:00:00+03:00,2.9000000953674316,3.2009999752044678,2.9000000953674316,3.2009999752044678,107,0.0,0.0
2022-09-29 00:00:00+03:00,2.9000000953674316,3.0,2.810499906539917,2.810499906539917,870,0.0,0.0
2022-09-30 00:00:00+03:00,2.8505001068115234,2.8994998931884766,2.8505001068115234,2.8994998931884766,242,0.0,0.0
2022-10-03 00:00:00+03:00,2.799999952316284,2.999000072479248,2.799999952316284,2.999000072479248,869,0.0,0.0
2022-10-04 00:00:00+03:00,2.9010000228881836,2.9010000228881836,2.9005000591278076,2.9005000591278076,280,0.0,0.0
2022-10-05 00:00:00+03:00,3.0,3.0,2.950500011444092,3.0,832,0.0,0.0
2022-10-06 00:00:00+03:00,3.5994999408721924,3.5994999408721924,3.499500036239624,3.499500036239624,379,0.0,0.0
2022-10-07 00:00:00+03:00,3.499000072479248,3.499000072479248,3.4000000953674316,3.4000000953674316,26,0.0,0.0
2022-10-10 00:00:00+03:00,3.3994998931884766,3.3994998931884766,3.3989999294281006,3.3989999294281006,32,0.0,0.0
2022-10-11 00:00:00+03:00,3.3994998931884766,3.3994998931884766,3.3994998931884766,3.3994998931884766,25,0.0,0.0
2022-10-12 00:00:00+03:00,3.8994998931884766,3.8994998931884766,3.8994998931884766,3.8994998931884766,23,0.0,0.0
2022-10-13 00:00:00+03:00,3.8989999294281006,3.8989999294281006,3.2230000495910645,3.4000000953674316,1983,0.0,0.0
2022-10-14 00:00:00+03:00,3.4000000953674316,3.9000000953674316,3.390500068664551,3.5,1239,0.0,0.0
2022-10-17 00:00:00+03:00,3.5,3.5,3.5,3.5,0,0.0,0.0
2022-10-18 00:00:00+03:00,3.3399999141693115,3.499500036239624,3.3399999141693115,3.494499921798706,93,0.0,0.0
2022-10-19 00:00:00+03:00,3.3299999237060547,3.4000000953674316,3.200000047683716,3.3994998931884766,519,0.0,0.0
2022-10-20 00:00:00+03:00,3.3994998931884766,3.3994998931884766,3.3994998931884766,3.3994998931884766,0,0.0,0.0
2022-10-21 00:00:00+03:00,3.359999895095825,3.359999895095825,3.359999895095825,3.359999895095825,1,0.0,0.0
2022-10-24 00:00:00+03:00,3.299999952316284,3.8550000190734863,3.0425000190734863,3.8545000553131104,3649,0.0,0.0
2022-10-25 00:00:00+03:00,3.549999952316284,3.691999912261963,3.4605000019073486,3.680000066757202,1296,0.0,0.0
2022-10-26 00:00:00+03:00,3.5,3.5,3.5,3.5,500,0.0,0.0
2022-10-27 00:00:00+03:00,3.450000047683716,3.450000047683716,3.058000087738037,3.058000087738037,560,0.0,0.0
2022-10-28 00:00:00+03:00,3.299999952316284,3.299999952316284,3.200000047683716,3.2899999618530273,2172,0.0,0.0
2022-10-31 00:00:00+02:00,3.2899999618530273,3.299999952316284,3.049999952316284,3.11299991607666,4318,0.0,0.0
2022-11-01 00:00:00+02:00,3.0815000534057617,3.200000047683716,3.0815000534057617,3.0940001010894775,8276,0.0,0.0
2022-11-02 00:00:00+02:00,3.1089999675750732,3.1700000762939453,3.049999952316284,3.049999952316284,6762,0.0,0.0
2022-11-03 00:00:00+02:00,3.059999942779541,3.059999942779541,2.799999952316284,2.950000047683716,3930,0.0,0.0
2022-11-04 00:00:00+02:00,3.200000047683716,3.369499921798706,3.052999973297119,3.171999931335449,29516,0.0,0.0
2022-11-07 00:00:00+02:00,3.2009999752044678,3.380000114440918,3.200500011444092,3.2699999809265137,13837,0.0,0.0
2022-11-08 00:00:00+02:00,3.378999948501587,3.799999952316284,3.378999948501587,3.698499917984009,15971,0.0,0.0
2022-11-09 00:00:00+02:00,3.700000047683716,3.9000000953674316,3.700000047683716,3.9000000953674316,11735,0.0,0.0
2022-11-10 00:00:00+02:00,3.8505001068115234,4.150000095367432,3.8499999046325684,4.149499893188477,9408,0.0,0.0
2022-11-11 00:00:00+02:00,4.198999881744385,4.198999881744385,3.9000000953674316,3.9114999771118164,5608,0.0,0.0
2022-11-14 00:00:00+02:00,4.298999786376953,4.298999786376953,3.750999927520752,3.751499891281128,1235,0.0,0.0
2022-11-15 00:00:00+02:00,3.8894999027252197,3.9000000953674316,3.621500015258789,3.9000000953674316,67630,0.0,0.0
2022-11-16 00:00:00+02:00,4.199999809265137,4.199999809265137,3.999500036239624,3.999500036239624,8282,0.0,0.0
2022-11-17 00:00:00+02:00,4.0,4.079999923706055,3.92549991607666,4.0,1476,0.0,0.0
2022-11-18 00:00:00+02:00,4.099999904632568,4.139500141143799,4.0,4.0,2202,0.0,0.0
2022-11-21 00:00:00+02:00,4.000500202178955,4.000500202178955,3.9200000762939453,3.9200000762939453,1135,0.0,0.0
2022-11-22 00:00:00+02:00,4.0,4.2795000076293945,4.0,4.0,238,0.0,0.0
2022-11-23 00:00:00+02:00,4.000500202178955,4.000500202178955,4.0,4.0,615,0.0,0.0
2022-11-24 00:00:00+02:00,3.7054998874664307,4.249000072479248,3.7054998874664307,4.19950008392334,963,0.0,0.0
2022-11-25 00:00:00+02:00,4.0,4.235000133514404,3.994999885559082,4.0,2382,0.0,0.0
2022-11-28 00:00:00+02:00,3.944999933242798,4.0,3.7100000381469727,3.805000066757202,7984,0.0,0.0
2022-11-29 00:00:00+02:00,3.799999952316284,3.799999952316284,3.549999952316284,3.7950000762939453,8372,0.0,0.0
2022-11-30 00:00:00+02:00,3.6449999809265137,4.0,3.6449999809265137,3.6500000953674316,1378,0.0,0.0
2022-12-01 00:00:00+02:00,3.7699999809265137,3.9000000953674316,3.6700000762939453,3.765000104904175,3517,0.0,0.0
2022-12-02 00:00:00+02:00,3.9000000953674316,4.0,3.6050000190734863,4.0,506,0.0,0.0
2022-12-05 00:00:00+02:00,3.8399999141693115,3.8450000286102295,3.7100000381469727,3.8299999237060547,2051,0.0,0.0
2022-12-07 00:00:00+02:00,3.9649999141693115,3.9649999141693115,3.8350000381469727,3.8350000381469727,38,0.0,0.0
2022-12-08 00:00:00+02:00,3.8399999141693115,3.8399999141693115,3.744999885559082,3.799999952316284,2578,0.0,0.0
2022-12-09 00:00:00+02:00,3.75,3.8949999809265137,3.75,3.8949999809265137,64,0.0,0.0
2022-12-12 00:00:00+02:00,3.7950000762939453,3.819999933242798,3.75,3.819999933242798,3298,0.0,0.0
2022-12-13 00:00:00+02:00,3.8299999237060547,3.8299999237060547,3.7049999237060547,3.815000057220459,3368,0.0,0.0
2022-12-14 00:00:00+02:00,3.884999990463257,3.884999990463257,3.7100000381469727,3.7100000381469727,3459,0.0,0.0
2022-12-15 00:00:00+02:00,3.815000057220459,3.815000057220459,3.634999990463257,3.634999990463257,2274,0.0,0.0
2022-12-16 00:00:00+02:00,3.700000047683716,3.9549999237060547,3.619999885559082,3.799999952316284,202,0.0,0.0
2022-12-19 00:00:00+02:00,3.615000009536743,3.7950000762939453,3.615000009536743,3.7950000762939453,291,0.0,0.0
2022-12-20 00:00:00+02:00,3.700000047683716,3.9600000381469727,3.700000047683716,3.9200000762939453,1457,0.0,0.0
2022-12-21 00:00:00+02:00,3.9200000762939453,3.9200000762939453,3.7300000190734863,3.799999952316284,6763,0.0,0.0
2022-12-22 00:00:00+02:00,3.8350000381469727,3.9000000953674316,3.694999933242798,3.694999933242798,3616,0.0,0.0
2022-12-23 00:00:00+02:00,3.6500000953674316,3.9649999141693115,3.6500000953674316,3.7249999046325684,1746,0.0,0.0
2022-12-27 00:00:00+02:00,3.7249999046325684,3.9000000953674316,3.7249999046325684,3.825000047683716,5871,0.0,0.0
2022-12-28 00:00:00+02:00,3.825000047683716,3.944999933242798,3.825000047683716,3.8499999046325684,1052,0.0,0.0
2022-12-29 00:00:00+02:00,3.8399999141693115,3.9700000286102295,3.825000047683716,3.940000057220459,6301,0.0,0.0
2022-12-30 00:00:00+02:00,3.8299999237060547,3.9600000381469727,3.8299999237060547,3.944999933242798,7984,0.0,0.0
2023-01-02 00:00:00+02:00,3.9700000286102295,4.0,3.9700000286102295,3.9749999046325684,1412,0.0,0.0
2023-01-03 00:00:00+02:00,3.994999885559082,4.0,3.990000009536743,3.990000009536743,479,0.0,0.0
2023-01-04 00:00:00+02:00,4.034999847412109,4.099999904632568,3.8299999237060547,3.9149999618530273,4063,0.0,0.0
2023-01-05 00:00:00+02:00,4.099999904632568,4.099999904632568,4.099999904632568,4.099999904632568,206,0.0,0.0
2023-01-09 00:00:00+02:00,4.099999904632568,4.199999809265137,4.099999904632568,4.199999809265137,2341,0.0,0.0
2023-01-10 00:00:00+02:00,4.199999809265137,4.25,3.799999952316284,4.25,1255,0.0,0.0
2023-01-11 00:00:00+02:00,4.244999885559082,4.244999885559082,4.099999904632568,4.099999904632568,1229,0.0,0.0
2023-01-12 00:00:00+02:00,4.195000171661377,4.300000190734863,4.195000171661377,4.300000190734863,4455,0.0,0.0
2023-01-13 00:00:00+02:00,4.300000190734863,4.300000190734863,4.21999979019165,4.21999979019165,2062,0.0,0.0
2023-01-16 00:00:00+02:00,4.114999771118164,4.284999847412109,4.114999771118164,4.284999847412109,957,0.0,0.0
2023-01-17 00:00:00+02:00,4.114999771118164,4.389999866485596,4.114999771118164,4.320000171661377,1807,0.0,0.0
2023-01-18 00:00:00+02:00,4.389999866485596,4.400000095367432,4.25,4.25,2994,0.0,0.0
2023-01-19 00:00:00+02:00,4.25,4.289999961853027,4.210000038146973,4.239999771118164,1756,0.0,0.0
2023-01-20 00:00:00+02:00,4.239999771118164,4.244999885559082,4.199999809265137,4.244999885559082,492,0.0,0.0
2023-01-23 00:00:00+02:00,4.199999809265137,4.199999809265137,4.199999809265137,4.199999809265137,3,0.0,0.0
2023-01-24 00:00:00+02:00,4.295000076293945,4.295000076293945,4.114999771118164,4.179999828338623,288,0.0,0.0
2023-01-25 00:00:00+02:00,4.125,4.300000190734863,4.125,4.295000076293945,557,0.0,0.0
2023-01-26 00:00:00+02:00,4.125,4.295000076293945,4.125,4.295000076293945,514,0.0,0.0
2023-01-27 00:00:00+02:00,4.295000076293945,4.295000076293945,4.125,4.199999809265137,860,0.0,0.0
2023-01-30 00:00:00+02:00,4.184999942779541,4.184999942779541,4.184999942779541,4.184999942779541,500,0.0,0.0
2023-01-31 00:00:00+02:00,4.125,4.125,4.125,4.125,123,0.0,0.0
2023-02-01 00:00:00+02:00,4.125,4.190000057220459,4.050000190734863,4.175000190734863,756,0.0,0.0
2023-02-02 00:00:00+02:00,4.175000190734863,4.264999866485596,4.175000190734863,4.264999866485596,1564,0.0,0.0
2023-02-03 00:00:00+02:00,4.264999866485596,4.269999980926514,4.215000152587891,4.21999979019165,1341,0.0,0.0
2023-02-06 00:00:00+02:00,4.054999828338623,4.289999961853027,4.054999828338623,4.284999847412109,2138,0.0,0.0
2023-02-07 00:00:00+02:00,4.125,4.150000095367432,4.050000190734863,4.050000190734863,5809,0.0,0.0
2023-02-08 00:00:00+02:00,4.050000190734863,4.144999980926514,4.050000190734863,4.144999980926514,1081,0.0,0.0
2023-02-09 00:00:00+02:00,4.144999980926514,4.150000095367432,4.144999980926514,4.150000095367432,6810,0.0,0.0
2023-02-10 00:00:00+02:00,4.159999847412109,4.159999847412109,4.019999980926514,4.019999980926514,722,0.0,0.0
2023-02-13 00:00:00+02:00,4.054999828338623,4.284999847412109,4.050000190734863,4.054999828338623,1434,0.0,0.0
2023-02-14 00:00:00+02:00,4.284999847412109,4.284999847412109,4.099999904632568,4.099999904632568,1448,0.0,0.0
2023-02-15 00:00:00+02:00,4.099999904632568,4.269999980926514,4.099999904632568,4.269999980926514,4307,0.0,0.0
2023-02-16 00:00:00+02:00,4.269999980926514,4.28000020980835,4.264999866485596,4.269999980926514,1608,0.0,0.0
2023-02-17 00:00:00+02:00,4.269999980926514,4.369999885559082,4.215000152587891,4.25,728,0.0,0.0
2023-02-20 00:00:00+02:00,4.364999771118164,4.369999885559082,4.300000190734863,4.300000190734863,1918,0.0,0.0
2023-02-21 00:00:00+02:00,4.199999809265137,4.199999809265137,4.159999847412109,4.159999847412109,230,0.0,0.0
2023-02-22 00:00:00+02:00,4.085000038146973,4.340000152587891,4.054999828338623,4.335000038146973,1108,0.0,0.0
2023-02-23 00:00:00+02:00,4.054999828338623,4.329999923706055,4.054999828338623,4.105000019073486,1696,0.0,0.0
2023-02-24 00:00:00+02:00,4.295000076293945,4.300000190734863,4.255000114440918,4.269999980926514,529,0.0,0.0
2023-02-27 00:00:00+02:00,4.284999847412109,4.300000190734863,4.130000114440918,4.130000114440918,5907,0.0,0.0
2023-02-28 00:00:00+02:00,4.295000076293945,4.295000076293945,4.110000133514404,4.260000228881836,7442,0.0,0.0
2023-03-01 00:00:00+02:00,4.434999942779541,4.974999904632568,4.434999942779541,4.679999828338623,32692,0.0,0.0
2023-03-02 00:00:00+02:00,4.739999771118164,5.28000020980835,4.739999771118164,4.75,28447,0.0,0.0
2023-03-03 00:00:00+02:00,4.75,5.340000152587891,4.699999809265137,4.800000190734863,27856,0.0,0.0
2023-03-06 00:00:00+02:00,4.989999771118164,5.059999942779541,4.75,4.75,34611,0.0,0.0
2023-03-07 00:00:00+02:00,4.980000019073486,4.980000019073486,4.78000020980835,4.78000020980835,8027,0.0,0.0
2023-03-08 00:00:00+02:00,4.815000057220459,4.920000076293945,4.614999771118164,4.744999885559082,10621,0.0,0.0
2023-03-09 00:00:00+02:00,4.78000020980835,4.820000171661377,4.739999771118164,4.764999866485596,4577,0.0,0.0
2023-03-10 00:00:00+02:00,4.635000228881836,4.679999828338623,4.579999923706055,4.639999866485596,3537,0.0,0.0
2023-03-13 00:00:00+02:00,4.639999866485596,4.78000020980835,4.53000020980835,4.565000057220459,12727,0.0,0.0
2023-03-14 00:00:00+02:00,4.519999980926514,4.800000190734863,4.519999980926514,4.795000076293945,7372,0.0,0.0
2023-03-15 00:00:00+02:00,4.795000076293945,4.800000190734863,4.65500020980835,4.65500020980835,1932,0.0,0.0
2023-03-16 00:00:00+02:00,4.65500020980835,4.800000190734863,4.65500020980835,4.789999961853027,8649,0.0,0.0
2023-03-17 00:00:00+02:00,5.0,5.050000190734863,4.789999961853027,4.789999961853027,9522,0.0,0.0
2023-03-20 00:00:00+02:00,4.800000190734863,4.934999942779541,4.800000190734863,4.934999942779541,4007,0.0,0.0
2023-03-21 00:00:00+02:00,4.800000190734863,5.0,4.800000190734863,5.0,151361,0.0,0.0
2023-03-22 00:00:00+02:00,4.900000095367432,4.96999979019165,4.784999847412109,4.824999809265137,4478,0.0,0.0
2023-03-23 00:00:00+02:00,4.965000152587891,4.965000152587891,4.690000057220459,4.744999885559082,5906,0.0,0.0
2023-03-24 00:00:00+02:00,4.610000133514404,4.880000114440918,4.610000133514404,4.679999828338623,2200,0.0,0.0
2023-03-27 00:00:00+03:00,4.599999904632568,4.675000190734863,4.570000171661377,4.675000190734863,4433,0.0,0.0
2023-03-28 00:00:00+03:00,4.690000057220459,4.965000152587891,4.690000057220459,4.690000057220459,2215,0.0,0.0
2023-03-29 00:00:00+03:00,4.760000228881836,4.835000038146973,4.630000114440918,4.784999847412109,1679,0.0,0.0
2023-03-30 00:00:00+03:00,4.570000171661377,4.835000038146973,4.570000171661377,4.835000038146973,8799,0.0,0.0
2023-03-31 00:00:00+03:00,4.835000038146973,4.835000038146973,4.710000038146973,4.800000190734863,252,0.0,0.0
2023-04-03 00:00:00+03:00,4.880000114440918,4.880000114440918,4.78000020980835,4.809999942779541,2620,0.0,0.0
2023-04-04 00:00:00+03:00,4.75,4.960000038146973,4.75,4.809999942779541,3675,0.0,0.0
2023-04-05 00:00:00+03:00,4.949999809265137,4.949999809265137,4.800000190734863,4.800000190734863,1277,0.0,0.0
2023-04-06 00:00:00+03:00,4.849999904632568,4.929999828338623,4.800000190734863,4.880000114440918,4034,0.0,0.0
2023-04-11 00:00:00+03:00,4.809999942779541,5.0,4.809999942779541,5.0,6728,0.0,0.0
2023-04-12 00:00:00+03:00,5.0,5.21999979019165,5.0,5.0,27172,0.0,0.0
2023-04-13 00:00:00+03:00,4.949999809265137,4.949999809265137,4.760000228881836,4.940000057220459,1336,0.0,0.0
2023-04-14 00:00:00+03:00,4.940000057220459,4.980000019073486,4.800000190734863,4.980000019073486,2473,0.0,0.0
2023-04-17 00:00:00+03:00,4.809999942779541,4.96999979019165,4.809999942779541,4.900000095367432,2450,0.0,0.0
2023-04-18 00:00:00+03:00,4.900000095367432,4.96999979019165,4.900000095367432,4.96999979019165,381,0.0,0.0
2023-04-19 00:00:00+03:00,4.96999979019165,4.96999979019165,4.829999923706055,4.949999809265137,1175,0.0,0.0
2023-04-20 00:00:00+03:00,4.820000171661377,4.949999809265137,4.760000228881836,4.949999809265137,559,0.0,0.0
2023-04-21 00:00:00+03:00,4.949999809265137,4.949999809265137,4.949999809265137,4.949999809265137,0,0.0,0.0
2023-04-24 00:00:00+03:00,4.949999809265137,5.260000228881836,4.820000171661377,5.099999904632568,8547,0.0,0.0
2023-04-25 00:00:00+03:00,5.0,5.0,4.840000152587891,5.0,2585,0.0,0.0
2023-04-26 00:00:00+03:00,4.849999904632568,5.0,4.849999904632568,4.960000038146973,1988,0.0,0.0
2023-04-27 00:00:00+03:00,4.96999979019165,4.96999979019165,4.96999979019165,4.96999979019165,120,0.0,0.0
2023-04-28 00:00:00+03:00,4.849999904632568,4.929999828338623,4.800000190734863,4.809999942779541,4564,0.0,0.0
2023-05-02 00:00:00+03:00,4.900000095367432,4.96999979019165,4.820000171661377,4.820000171661377,648,0.0,0.0
2023-05-03 00:00:00+03:00,4.78000020980835,4.889999866485596,4.699999809265137,4.829999923706055,6175,0.0,0.0
2023-05-04 00:00:00+03:00,4.829999923706055,4.900000095367432,4.599999904632568,4.650000095367432,3072,0.0,0.0
2023-05-05 00:00:00+03:00,4.730000019073486,4.730000019073486,4.5,4.570000171661377,4391,0.0,0.0
2023-05-08 00:00:00+03:00,4.570000171661377,4.570000171661377,4.570000171661377,4.570000171661377,650,0.0,0.0
2023-05-09 00:00:00+03:00,4.599999904632568,4.840000152587891,4.489999771118164,4.639999866485596,3700,0.0,0.0
2023-05-10 00:00:00+03:00,4.650000095367432,4.690000057220459,4.5,4.599999904632568,4015,0.0,0.0
2023-05-11 00:00:00+03:00,4.670000076293945,4.739999771118164,4.659999847412109,4.679999828338623,3990,0.0,0.0
2023-05-12 00:00:00+03:00,4.679999828338623,4.679999828338623,4.679999828338623,4.679999828338623,234,0.0,0.0
2023-05-15 00:00:00+03:00,4.880000114440918,4.880000114440918,4.75,4.880000114440918,2147,0.0,0.0
2023-05-16 00:00:00+03:00,4.789999961853027,4.800000190734863,4.679999828338623,4.800000190734863,815,0.0,0.0
2023-05-17 00:00:00+03:00,4.800000190734863,4.800000190734863,4.5,4.510000228881836,3141,0.0,0.0
2023-05-19 00:00:00+03:00,4.840000152587891,4.840000152587891,4.610000133514404,4.610000133514404,888,0.0,0.0
2023-05-22 00:00:00+03:00,4.699999809265137,4.699999809265137,4.420000076293945,4.53000020980835,2641,0.0,0.0
2023-05-23 00:00:00+03:00,4.71999979019165,4.71999979019165,4.699999809265137,4.699999809265137,249,0.0,0.0
2023-05-24 00:00:00+03:00,4.699999809265137,4.699999809265137,4.510000228881836,4.690000057220459,1568,0.0,0.0
2023-05-25 00:00:00+03:00,4.690000057220459,4.690000057220459,4.53000020980835,4.590000152587891,234,0.0,0.0
2023-05-26 00:00:00+03:00,4.639999866485596,4.639999866485596,4.460000038146973,4.579999923706055,1867,0.0,0.0
2023-05-29 00:00:00+03:00,4.639999866485596,4.650000095367432,4.53000020980835,4.550000190734863,3935,0.0,0.0
2023-05-30 00:00:00+03:00,4.539999961853027,4.539999961853027,4.400000095367432,4.400000095367432,2605,0.0,0.0
2023-05-31 00:00:00+03:00,4.449999809265137,4.699999809265137,4.449999809265137,4.449999809265137,1354,0.0,0.0
2023-06-01 00:00:00+03:00,4.449999809265137,4.699999809265137,4.449999809265137,4.690000057220459,1864,0.0,0.0
2023-06-02 00:00:00+03:00,4.599999904632568,5.099999904632568,4.599999904632568,4.849999904632568,2304,0.0,0.0
2023-06-05 00:00:00+03:00,4.869999885559082,5.380000114440918,4.869999885559082,5.119999885559082,12213,0.0,0.0
2023-06-06 00:00:00+03:00,5.300000190734863,5.300000190734863,5.260000228881836,5.260000228881836,410,0.0,0.0
2023-06-07 00:00:00+03:00,5.28000020980835,5.440000057220459,4.889999866485596,5.360000133514404,2898,0.0,0.0
2023-06-08 00:00:00+03:00,5.460000038146973,5.480000019073486,5.199999809265137,5.320000171661377,15123,0.0,0.0
2023-06-09 00:00:00+03:00,5.320000171661377,5.480000019073486,4.650000095367432,5.0,7397,0.0,0.0
2023-06-12 00:00:00+03:00,5.320000171661377,5.320000171661377,4.809999942779541,5.28000020980835,3975,0.0,0.0
2023-06-13 00:00:00+03:00,5.300000190734863,5.300000190734863,4.929999828338623,5.0,4016,0.0,0.0
2023-06-14 00:00:00+03:00,5.0,5.099999904632568,4.900000095367432,4.949999809265137,14629,0.0,0.0
2023-06-15 00:00:00+03:00,5.0,5.0,4.880000114440918,4.889999866485596,2373,0.0,0.0
2023-06-16 00:00:00+03:00,4.860000133514404,4.949999809265137,4.769999980926514,4.949999809265137,2124,0.0,0.0
2023-06-19 00:00:00+03:00,4.920000076293945,4.929999828338623,4.769999980926514,4.889999866485596,464,0.0,0.0
2023-06-20 00:00:00+03:00,4.75,4.989999771118164,4.360000133514404,4.989999771118164,693,0.0,0.0
2023-06-21 00:00:00+03:00,4.650000095367432,4.929999828338623,4.650000095367432,4.710000038146973,3160,0.0,0.0
2023-06-22 00:00:00+03:00,4.710000038146973,4.710000038146973,4.650000095367432,4.699999809265137,2727,0.0,0.0
2023-06-26 00:00:00+03:00,4.699999809265137,4.760000228881836,4.340000152587891,4.760000228881836,344,0.0,0.0
2023-06-27 00:00:00+03:00,4.449999809265137,4.769999980926514,4.449999809265137,4.769999980926514,1437,0.0,0.0
2023-06-28 00:00:00+03:00,4.769999980926514,4.769999980926514,4.53000020980835,4.53000020980835,77,0.0,0.0
2023-06-29 00:00:00+03:00,4.980000019073486,4.980000019073486,4.980000019073486,4.980000019073486,3,0.0,0.0
2023-06-30 00:00:00+03:00,4.980000019073486,5.099999904632568,4.519999980926514,4.860000133514404,2138,0.0,0.0
2023-07-03 00:00:00+03:00,4.849999904632568,4.849999904632568,4.849999904632568,4.849999904632568,10,0.0,0.0
2023-07-04 00:00:00+03:00,4.829999923706055,4.829999923706055,4.519999980926514,4.78000020980835,2778,0.0,0.0
2023-07-05 00:00:00+03:00,4.78000020980835,4.78000020980835,4.78000020980835,4.78000020980835,0,0.0,0.0
2023-07-06 00:00:00+03:00,4.519999980926514,4.519999980926514,4.510000228881836,4.510000228881836,949,0.0,0.0
2023-07-07 00:00:00+03:00,4.519999980926514,4.829999923706055,4.519999980926514,4.53000020980835,1295,0.0,0.0
2023-07-10 00:00:00+03:00,4.5,4.5,4.340000152587891,4.440000057220459,3811,0.0,0.0
2023-07-11 00:00:00+03:00,4.550000190734863,4.550000190734863,4.400000095367432,4.400000095367432,1133,0.0,0.0
2023-07-12 00:00:00+03:00,4.659999847412109,4.659999847412109,4.659999847412109,4.659999847412109,400,0.0,0.0
2023-07-13 00:00:00+03:00,4.349999904632568,4.420000076293945,4.349999904632568,4.420000076293945,350,0.0,0.0
2023-07-14 00:00:00+03:00,4.360000133514404,4.5,4.300000190734863,4.449999809265137,1978,0.0,0.0
2023-07-17 00:00:00+03:00,4.329999923706055,4.429999828338623,4.329999923706055,4.429999828338623,191,0.0,0.0
2023-07-18 00:00:00+03:00,4.320000171661377,4.320000171661377,4.110000133514404,4.25,4451,0.0,0.0
2023-07-19 00:00:00+03:00,4.25,4.289999961853027,4.159999847412109,4.179999828338623,3248,0.0,0.0
2023-07-20 00:00:00+03:00,4.550000190734863,4.550000190734863,4.099999904632568,4.099999904632568,505,0.0,0.0
2023-07-21 00:00:00+03:00,4.400000095367432,4.400000095367432,4.190000057220459,4.340000152587891,1508,0.0,0.0
2023-07-24 00:00:00+03:00,4.380000114440918,4.380000114440918,4.320000171661377,4.320000171661377,39,0.0,0.0
2023-07-25 00:00:00+03:00,4.289999961853027,4.289999961853027,4.110000133514404,4.239999771118164,308,0.0,0.0
2023-07-26 00:00:00+03:00,4.130000114440918,4.289999961853027,4.110000133514404,4.28000020980835,1380,0.0,0.0
2023-07-27 00:00:00+03:00,4.300000190734863,4.590000152587891,4.300000190734863,4.590000152587891,517,0.0,0.0
2023-07-28 00:00:00+03:00,4.349999904632568,4.349999904632568,4.159999847412109,4.300000190734863,862,0.0,0.0
2023-07-31 00:00:00+03:00,4.260000228881836,4.269999980926514,4.199999809265137,4.21999979019165,173,0.0,0.0
2023-08-01 00:00:00+03:00,4.199999809265137,4.489999771118164,4.039999961853027,4.190000057220459,1146,0.0,0.0
2023-08-02 00:00:00+03:00,4.099999904632568,4.539999961853027,4.099999904632568,4.150000095367432,953,0.0,0.0
2023-08-03 00:00:00+03:00,4.110000133514404,4.489999771118164,4.110000133514404,4.449999809265137,717,0.0,0.0
2023-08-04 00:00:00+03:00,4.449999809265137,4.489999771118164,4.170000076293945,4.349999904632568,1653,0.0,0.0
2023-08-07 00:00:00+03:00,4.25,4.25,4.25,4.25,238,0.0,0.0
2023-08-08 00:00:00+03:00,4.300000190734863,4.400000095367432,4.300000190734863,4.380000114440918,2000,0.0,0.0
2023-08-09 00:00:00+03:00,4.550000190734863,4.550000190734863,4.380000114440918,4.440000057220459,4344,0.0,0.0
2023-08-10 00:00:00+03:00,4.449999809265137,4.449999809265137,4.369999885559082,4.429999828338623,5672,0.0,0.0
2023-08-11 00:00:00+03:00,4.699999809265137,4.699999809265137,4.349999904632568,4.349999904632568,5585,0.0,0.0
2023-08-14 00:00:00+03:00,4.550000190734863,4.550000190734863,4.550000190734863,4.550000190734863,319,0.0,0.0
2023-08-15 00:00:00+03:00,4.550000190734863,4.75,4.480000019073486,4.75,3764,0.0,0.0
2023-08-16 00:00:00+03:00,4.75,5.079999923706055,4.650000095367432,5.079999923706055,2625,0.0,0.0
2023-08-17 00:00:00+03:00,4.980000019073486,5.039999961853027,4.75,4.75,934,0.0,0.0
2023-08-18 00:00:00+03:00,4.590000152587891,4.610000133514404,4.409999847412109,4.550000190734863,5939,0.0,0.0
2023-08-21 00:00:00+03:00,4.730000019073486,5.079999923706055,4.449999809265137,4.46999979019165,1974,0.0,0.0
2023-08-22 00:00:00+03:00,4.590000152587891,4.599999904632568,4.5,4.599999904632568,4374,0.0,0.0
2023-08-23 00:00:00+03:00,4.389999866485596,4.5,4.019999980926514,4.349999904632568,19099,0.0,0.0
2023-08-24 00:00:00+03:00,4.369999885559082,4.369999885559082,4.150000095367432,4.25,3439,0.0,0.0
2023-08-25 00:00:00+03:00,4.159999847412109,4.309999942779541,4.099999904632568,4.199999809265137,3623,0.0,0.0
2023-08-28 00:00:00+03:00,4.199999809265137,4.389999866485596,4.010000228881836,4.21999979019165,394,0.0,0.0
2023-08-29 00:00:00+03:00,4.210000038146973,4.389999866485596,4.210000038146973,4.389999866485596,1129,0.0,0.0
2023-08-30 00:00:00+03:00,4.389999866485596,4.389999866485596,4.389999866485596,4.389999866485596,413,0.0,0.0
2023-08-31 00:00:00+03:00,4.389999866485596,4.389999866485596,4.389999866485596,4.389999866485596,6,0.0,0.0
2023-09-01 00:00:00+03:00,4.380000114440918,4.380000114440918,4.099999904632568,4.360000133514404,1133,0.0,0.0
2023-09-04 00:00:00+03:00,4.360000133514404,4.380000114440918,4.210000038146973,4.380000114440918,1447,0.0,0.0
2023-09-05 00:00:00+03:00,4.309999942779541,4.329999923706055,4.25,4.300000190734863,1973,0.0,0.0
2023-09-06 00:00:00+03:00,4.199999809265137,4.300000190734863,4.190000057220459,4.210000038146973,1493,0.0,0.0
2023-09-07 00:00:00+03:00,4.210000038146973,4.400000095367432,4.210000038146973,4.380000114440918,626,0.0,0.0
2023-09-08 00:00:00+03:00,4.380000114440918,4.590000152587891,4.25,4.25,2164,0.0,0.0
2023-09-11 00:00:00+03:00,4.239999771118164,4.309999942779541,4.239999771118164,4.260000228881836,1537,0.0,0.0
2023-09-12 00:00:00+03:00,4.130000114440918,4.25,4.130000114440918,4.25,544,0.0,0.0
2023-09-13 00:00:00+03:00,4.5,4.5,4.130000114440918,4.360000133514404,3077,0.0,0.0
2023-09-14 00:00:00+03:00,4.5,4.5,4.210000038146973,4.440000057220459,1385,0.0,0.0
2023-09-15 00:00:00+03:00,4.349999904632568,4.46999979019165,4.119999885559082,4.369999885559082,275,0.0,0.0
2023-09-18 00:00:00+03:00,4.110000133514404,4.360000133514404,4.110000133514404,4.360000133514404,299,0.0,0.0
2023-09-19 00:00:00+03:00,4.190000057220459,4.190000057220459,4.190000057220459,4.190000057220459,55,0.0,0.0
2023-09-20 00:00:00+03:00,4.349999904632568,4.349999904632568,4.349999904632568,4.349999904632568,114,0.0,0.0
2023-09-21 00:00:00+03:00,4.190000057220459,4.21999979019165,4.190000057220459,4.190000057220459,507,0.0,0.0
2023-09-22 00:00:00+03:00,4.300000190734863,4.300000190734863,4.300000190734863,4.300000190734863,102,0.0,0.0
2023-09-25 00:00:00+03:00,4.190000057220459,4.239999771118164,4.179999828338623,4.199999809265137,1111,0.0,0.0
2023-09-26 00:00:00+03:00,4.039999961853027,4.179999828338623,3.7699999809265137,3.880000114440918,4790,0.0,0.0
2023-09-27 00:00:00+03:00,3.890000104904175,3.890000104904175,3.640000104904175,3.799999952316284,2443,0.0,0.0
2023-09-28 00:00:00+03:00,3.799999952316284,3.799999952316284,3.619999885559082,3.6500000953674316,667,0.0,0.0
2023-09-29 00:00:00+03:00,3.559999942779541,3.640000104904175,3.359999895095825,3.5199999809265137,11014,0.0,0.0
2023-10-02 00:00:00+03:00,3.5899999141693115,3.5899999141693115,3.5199999809265137,3.5199999809265137,115,0.0,0.0
2023-10-03 00:00:00+03:00,3.5,3.5,3.2100000381469727,3.390000104904175,2355,0.0,0.0
2023-10-04 00:00:00+03:00,3.390000104904175,3.5299999713897705,3.2799999713897705,3.5299999713897705,974,0.0,0.0
2023-10-05 00:00:00+03:00,3.2699999809265137,3.569999933242798,3.2699999809265137,3.3399999141693115,1559,0.0,0.0
2023-10-06 00:00:00+03:00,3.5899999141693115,3.5899999141693115,3.5899999141693115,3.5899999141693115,75,0.0,0.0
2023-10-09 00:00:00+03:00,3.2100000381469727,3.490000009536743,3.2100000381469727,3.490000009536743,90,0.0,0.0
2023-10-10 00:00:00+03:00,3.2699999809265137,3.4700000286102295,3.140000104904175,3.450000047683716,4864,0.0,0.0
2023-10-11 00:00:00+03:00,3.440000057220459,3.440000057220459,3.390000104904175,3.390000104904175,2117,0.0,0.0
2023-10-12 00:00:00+03:00,3.4000000953674316,3.4000000953674316,3.240000009536743,3.240000009536743,586,0.0,0.0
2023-10-13 00:00:00+03:00,3.25,3.319999933242798,3.25,3.299999952316284,1433,0.0,0.0
2023-10-16 00:00:00+03:00,3.4000000953674316,3.700000047683716,3.4000000953674316,3.5399999618530273,5053,0.0,0.0
2023-10-17 00:00:00+03:00,3.6700000762939453,3.6700000762939453,3.5,3.6500000953674316,1435,0.0,0.0
2023-10-18 00:00:00+03:00,3.3499999046325684,3.75,3.3499999046325684,3.380000114440918,1433,0.0,0.0
2023-10-19 00:00:00+03:00,3.75,3.75,3.369999885559082,3.369999885559082,1234,0.0,0.0
2023-10-20 00:00:00+03:00,3.6500000953674316,3.700000047683716,3.069999933242798,3.190000057220459,3033,0.0,0.0
2023-10-23 00:00:00+03:00,3.200000047683716,3.259999990463257,3.009999990463257,3.1600000858306885,5016,0.0,0.0
2023-10-24 00:00:00+03:00,3.299999952316284,3.5,3.190000057220459,3.5,2657,0.0,0.0
2023-10-25 00:00:00+03:00,3.4000000953674316,3.490000009536743,3.1500000953674316,3.490000009536743,2658,0.0,0.0
2023-10-26 00:00:00+03:00,3.200000047683716,3.4000000953674316,3.200000047683716,3.4000000953674316,510,0.0,0.0
2023-10-27 00:00:00+03:00,3.490000009536743,3.490000009536743,3.1500000953674316,3.4600000381469727,3350,0.0,0.0
2023-10-30 00:00:00+02:00,3.25,3.5,3.25,3.359999895095825,1823,0.0,0.0
2023-10-31 00:00:00+02:00,3.359999895095825,3.359999895095825,3.25,3.299999952316284,1735,0.0,0.0
2023-11-01 00:00:00+02:00,3.2100000381469727,3.490000009536743,3.1700000762939453,3.490000009536743,849,0.0,0.0
2023-11-02 00:00:00+02:00,3.3499999046325684,3.490000009536743,3.2300000190734863,3.490000009536743,7636,0.0,0.0
2023-11-03 00:00:00+02:00,3.4000000953674316,3.4600000381469727,3.299999952316284,3.380000114440918,4122,0.0,0.0
2023-11-06 00:00:00+02:00,3.380000114440918,3.490000009536743,3.200000047683716,3.380000114440918,307,0.0,0.0
2023-11-07 00:00:00+02:00,3.1600000858306885,3.4800000190734863,3.1600000858306885,3.4800000190734863,2868,0.0,0.0
2023-11-08 00:00:00+02:00,3.4700000286102295,3.4700000286102295,3.049999952316284,3.2899999618530273,2155,0.0,0.0
2023-11-09 00:00:00+02:00,3.4100000858306885,3.4100000858306885,3.0399999618530273,3.259999990463257,2765,0.0,0.0
2023-11-10 00:00:00+02:00,3.25,3.3499999046325684,3.2200000286102295,3.2200000286102295,2800,0.0,0.0
2023-11-13 00:00:00+02:00,3.4000000953674316,3.4000000953674316,3.259999990463257,3.380000114440918,4615,0.0,0.0
