Date,Open,High,Low,Close,Volume,Dividends,Stock Splits
2021-03-19 00:00:00+02:00,6.75,6.75,4.851500034332275,5.150000095367432,3177848,0.0,0.0
2021-03-22 00:00:00+02:00,5.199999809265137,5.199999809265137,4.695000171661377,4.71999979019165,838404,0.0,0.0
2021-03-23 00:00:00+02:00,4.71999979019165,5.059999942779541,4.679999828338623,5.039999961853027,308972,0.0,0.0
2021-03-24 00:00:00+02:00,5.059999942779541,5.739999771118164,5.059999942779541,5.579999923706055,288822,0.0,0.0
2021-03-25 00:00:00+02:00,5.699999809265137,5.860000133514404,5.099999904632568,5.400000095367432,185507,0.0,0.0
2021-03-26 00:00:00+02:00,5.440000057220459,5.460000038146973,5.059999942779541,5.199999809265137,43156,0.0,0.0
2021-03-29 00:00:00+03:00,5.21999979019165,5.360000133514404,5.019999980926514,5.21999979019165,76099,0.0,0.0
2021-03-30 00:00:00+03:00,5.300000190734863,5.300000190734863,5.059999942779541,5.199999809265137,24016,0.0,0.0
2021-03-31 00:00:00+03:00,5.179999828338623,5.179999828338623,4.909999847412109,4.929999828338623,72417,0.0,0.0
2021-04-01 00:00:00+03:00,4.940000057220459,5.0,4.710000038146973,4.710000038146973,109678,0.0,0.0
2021-04-06 00:00:00+03:00,4.599999904632568,4.739999771118164,4.510000228881836,4.630000114440918,77947,0.0,0.0
2021-04-07 00:00:00+03:00,4.659999847412109,4.920000076293945,4.659999847412109,4.800000190734863,62204,0.0,0.0
2021-04-08 00:00:00+03:00,4.940000057220459,5.039999961853027,4.880000114440918,4.880000114440918,40993,0.0,0.0
2021-04-09 00:00:00+03:00,4.880000114440918,5.300000190734863,4.880000114440918,5.019999980926514,60775,0.0,0.0
2021-04-12 00:00:00+03:00,5.119999885559082,5.199999809265137,4.949999809265137,4.949999809265137,30185,0.0,0.0
2021-04-13 00:00:00+03:00,5.0,5.079999923706055,4.900000095367432,4.920000076293945,11365,0.0,0.0
2021-04-14 00:00:00+03:00,4.929999828338623,4.989999771118164,4.800000190734863,4.800000190734863,17400,0.0,0.0
2021-04-15 00:00:00+03:00,4.849999904632568,5.0,4.800000190734863,5.0,19530,0.0,0.0
2021-04-16 00:00:00+03:00,5.0,5.019999980926514,4.860000133514404,5.0,31829,0.0,0.0
2021-04-19 00:00:00+03:00,5.0,5.039999961853027,4.949999809265137,5.0,23592,0.0,0.0
2021-04-20 00:00:00+03:00,5.5,5.699999809265137,5.239999771118164,5.320000171661377,258150,0.0,0.0
2021-04-21 00:00:00+03:00,5.460000038146973,5.460000038146973,5.320000171661377,5.360000133514404,44165,0.0,0.0
2021-04-22 00:00:00+03:00,5.480000019073486,5.800000190734863,5.480000019073486,5.679999828338623,223186,0.0,0.0
2021-04-23 00:00:00+03:00,5.760000228881836,5.760000228881836,5.619999885559082,5.71999979019165,90508,0.0,0.0
2021-04-26 00:00:00+03:00,5.760000228881836,5.760000228881836,5.619999885559082,5.679999828338623,29332,0.0,0.0
2021-04-27 00:00:00+03:00,5.679999828338623,5.699999809265137,5.519999980926514,5.539999961853027,37106,0.0,0.0
2021-04-28 00:00:00+03:00,5.579999923706055,5.699999809265137,5.559999942779541,5.659999847412109,17522,0.0,0.0
2021-04-29 00:00:00+03:00,5.880000114440918,6.170000076293945,5.880000114440918,6.019999980926514,252198,0.0,0.0
2021-04-30 00:00:00+03:00,6.139999866485596,6.550000190734863,6.139999866485596,6.414999961853027,102122,0.0,0.0
2021-05-03 00:00:00+03:00,6.489999771118164,6.590000152587891,6.230000019073486,6.340000152587891,125544,0.0,0.0
2021-05-04 00:00:00+03:00,6.53000020980835,6.585000038146973,6.420000076293945,6.445000171661377,44024,0.0,0.0
2021-05-05 00:00:00+03:00,6.494999885559082,6.545000076293945,6.324999809265137,6.349999904632568,23788,0.0,0.0
2021-05-06 00:00:00+03:00,6.349999904632568,6.400000095367432,6.119999885559082,6.25,24399,0.0,0.0
2021-05-07 00:00:00+03:00,6.25,6.289999961853027,6.175000190734863,6.239999771118164,13739,0.0,0.0
2021-05-10 00:00:00+03:00,6.239999771118164,6.28000020980835,5.880000114440918,6.0,51759,0.0,0.0
2021-05-11 00:00:00+03:00,6.0,6.0,5.320000171661377,5.485000133514404,57404,0.0,0.0
2021-05-12 00:00:00+03:00,5.474999904632568,5.75,5.474999904632568,5.75,25598,0.0,0.0
2021-05-14 00:00:00+03:00,5.800000190734863,5.914999961853027,5.5,5.53000020980835,20438,0.0,0.0
2021-05-17 00:00:00+03:00,5.539999961853027,5.699999809265137,5.539999961853027,5.579999923706055,13705,0.0,0.0
2021-05-18 00:00:00+03:00,5.550000190734863,5.900000095367432,5.550000190734863,5.650000095367432,29185,0.0,0.0
2021-05-19 00:00:00+03:00,5.650000095367432,5.699999809265137,5.425000190734863,5.545000076293945,17784,0.0,0.0
2021-05-20 00:00:00+03:00,5.545000076293945,5.625,5.099999904632568,5.195000171661377,82565,0.0,0.0
2021-05-21 00:00:00+03:00,5.300000190734863,5.394999980926514,5.25,5.34499979019165,28598,0.0,0.0
2021-05-24 00:00:00+03:00,5.380000114440918,5.5,5.300000190734863,5.400000095367432,19527,0.0,0.0
2021-05-25 00:00:00+03:00,5.429999828338623,5.429999828338623,5.304999828338623,5.315000057220459,18225,0.0,0.0
2021-05-26 00:00:00+03:00,5.320000171661377,5.420000076293945,5.224999904632568,5.260000228881836,18371,0.0,0.0
2021-05-27 00:00:00+03:00,5.300000190734863,5.389999866485596,5.230000019073486,5.239999771118164,20918,0.0,0.0
2021-05-28 00:00:00+03:00,5.244999885559082,5.300000190734863,5.190000057220459,5.190000057220459,28686,0.0,0.0
2021-05-31 00:00:00+03:00,5.195000171661377,5.235000133514404,5.190000057220459,5.199999809265137,8342,0.0,0.0
2021-06-01 00:00:00+03:00,5.204999923706055,5.375,5.119999885559082,5.170000076293945,23648,0.0,0.0
2021-06-02 00:00:00+03:00,5.179999828338623,5.210000038146973,5.099999904632568,5.199999809265137,20512,0.0,0.0
2021-06-03 00:00:00+03:00,5.199999809265137,5.235000133514404,4.952000141143799,5.0,39923,0.0,0.0
2021-06-04 00:00:00+03:00,5.0,5.085000038146973,4.949999809265137,4.998000144958496,33554,0.0,0.0
2021-06-07 00:00:00+03:00,4.998000144958496,5.135000228881836,4.960000038146973,5.09499979019165,40632,0.0,0.0
2021-06-08 00:00:00+03:00,5.09499979019165,5.099999904632568,5.0,5.039999961853027,3137,0.0,0.0
2021-06-09 00:00:00+03:00,5.09499979019165,5.190000057220459,5.0,5.150000095367432,23132,0.0,0.0
2021-06-10 00:00:00+03:00,5.235000133514404,5.235000133514404,5.079999923706055,5.144999980926514,13124,0.0,0.0
2021-06-11 00:00:00+03:00,5.144999980926514,5.184999942779541,5.0,5.139999866485596,26773,0.0,0.0
2021-06-14 00:00:00+03:00,5.175000190734863,5.175000190734863,5.03000020980835,5.150000095367432,17466,0.0,0.0
2021-06-15 00:00:00+03:00,5.175000190734863,5.179999828338623,5.125,5.159999847412109,51250,0.0,0.0
2021-06-16 00:00:00+03:00,5.159999847412109,5.199999809265137,5.159999847412109,5.170000076293945,11227,0.0,0.0
2021-06-17 00:00:00+03:00,5.170000076293945,5.28000020980835,5.059999942779541,5.164999961853027,30949,0.0,0.0
2021-06-18 00:00:00+03:00,5.164999961853027,5.244999885559082,5.070000171661377,5.090000152587891,20532,0.0,0.0
2021-06-21 00:00:00+03:00,5.179999828338623,5.179999828338623,5.090000152587891,5.09499979019165,9218,0.0,0.0
2021-06-22 00:00:00+03:00,5.179999828338623,5.179999828338623,5.099999904632568,5.119999885559082,6110,0.0,0.0
2021-06-23 00:00:00+03:00,5.139999866485596,5.224999904632568,5.119999885559082,5.150000095367432,24055,0.0,0.0
2021-06-24 00:00:00+03:00,5.28000020980835,5.409999847412109,5.21999979019165,5.364999771118164,51340,0.0,0.0
2021-06-28 00:00:00+03:00,5.440000057220459,5.440000057220459,5.300000190734863,5.300000190734863,18305,0.0,0.0
2021-06-29 00:00:00+03:00,5.429999828338623,5.519999980926514,5.300000190734863,5.400000095367432,78125,0.0,0.0
2021-06-30 00:00:00+03:00,5.519999980926514,5.795000076293945,5.519999980926514,5.769999980926514,83703,0.0,0.0
2021-07-01 00:00:00+03:00,5.800000190734863,5.864999771118164,5.590000152587891,5.800000190734863,41840,0.0,0.0
2021-07-02 00:00:00+03:00,5.800000190734863,5.800000190734863,5.650000095367432,5.699999809265137,20139,0.0,0.0
2021-07-05 00:00:00+03:00,5.699999809265137,5.735000133514404,5.650000095367432,5.650000095367432,21529,0.0,0.0
2021-07-06 00:00:00+03:00,5.699999809265137,5.894999980926514,5.699999809265137,5.775000095367432,39865,0.0,0.0
2021-07-07 00:00:00+03:00,5.775000095367432,5.889999866485596,5.775000095367432,5.800000190734863,8335,0.0,0.0
2021-07-08 00:00:00+03:00,5.800000190734863,5.869999885559082,5.699999809265137,5.730000019073486,18659,0.0,0.0
2021-07-09 00:00:00+03:00,5.869999885559082,5.869999885559082,5.75,5.800000190734863,36057,0.0,0.0
2021-07-12 00:00:00+03:00,5.860000133514404,5.900000095367432,5.809999942779541,5.875,35126,0.0,0.0
2021-07-13 00:00:00+03:00,5.920000076293945,5.920000076293945,5.75,5.800000190734863,17628,0.0,0.0
2021-07-14 00:00:00+03:00,5.800000190734863,5.90500020980835,5.800000190734863,5.875,14162,0.0,0.0
2021-07-15 00:00:00+03:00,5.894999980926514,5.945000171661377,5.820000171661377,5.869999885559082,12069,0.0,0.0
2021-07-16 00:00:00+03:00,5.875,5.925000190734863,5.71999979019165,5.71999979019165,14797,0.0,0.0
2021-07-19 00:00:00+03:00,5.724999904632568,5.744999885559082,5.46999979019165,5.510000228881836,25301,0.0,0.0
2021-07-20 00:00:00+03:00,5.510000228881836,5.644999980926514,5.340000152587891,5.489999771118164,24554,0.0,0.0
2021-07-21 00:00:00+03:00,5.53000020980835,5.610000133514404,5.53000020980835,5.574999809265137,8461,0.0,0.0
2021-07-22 00:00:00+03:00,5.599999904632568,5.635000228881836,5.525000095367432,5.599999904632568,12147,0.0,0.0
2021-07-23 00:00:00+03:00,5.619999885559082,5.619999885559082,5.40500020980835,5.480000019073486,32681,0.0,0.0
2021-07-26 00:00:00+03:00,5.480000019073486,5.489999771118164,5.440000057220459,5.440000057220459,19171,0.0,0.0
2021-07-27 00:00:00+03:00,5.449999809265137,5.485000133514404,5.300000190734863,5.349999904632568,22780,0.0,0.0
2021-07-28 00:00:00+03:00,5.349999904632568,5.440000057220459,5.264999866485596,5.340000152587891,6608,0.0,0.0
2021-07-29 00:00:00+03:00,5.429999828338623,5.485000133514404,5.364999771118164,5.480000019073486,10424,0.0,0.0
2021-07-30 00:00:00+03:00,5.485000133514404,5.485000133514404,5.300000190734863,5.369999885559082,11180,0.0,0.0
2021-08-02 00:00:00+03:00,5.369999885559082,5.449999809265137,5.369999885559082,5.449999809265137,12848,0.0,0.0
2021-08-03 00:00:00+03:00,5.449999809265137,5.510000228881836,5.380000114440918,5.385000228881836,10024,0.0,0.0
2021-08-04 00:00:00+03:00,5.449999809265137,5.449999809265137,5.28000020980835,5.28000020980835,31172,0.0,0.0
2021-08-05 00:00:00+03:00,5.300000190734863,5.394999980926514,5.210000038146973,5.210000038146973,17791,0.0,0.0
2021-08-06 00:00:00+03:00,5.210000038146973,5.360000133514404,5.204999923706055,5.260000228881836,9093,0.0,0.0
2021-08-09 00:00:00+03:00,5.389999866485596,5.394999980926514,5.309999942779541,5.349999904632568,7296,0.0,0.0
2021-08-10 00:00:00+03:00,5.349999904632568,5.400000095367432,5.264999866485596,5.355000019073486,21934,0.0,0.0
2021-08-11 00:00:00+03:00,5.355000019073486,5.360000133514404,5.300000190734863,5.34499979019165,4586,0.0,0.0
2021-08-12 00:00:00+03:00,5.34499979019165,5.400000095367432,5.215000152587891,5.304999828338623,10960,0.0,0.0
2021-08-13 00:00:00+03:00,5.349999904632568,5.434999942779541,5.215000152587891,5.304999828338623,11095,0.0,0.0
2021-08-16 00:00:00+03:00,5.315000057220459,5.394999980926514,5.215000152587891,5.260000228881836,12676,0.0,0.0
2021-08-17 00:00:00+03:00,5.244999885559082,5.295000076293945,5.21999979019165,5.275000095367432,14455,0.0,0.0
2021-08-18 00:00:00+03:00,5.275000095367432,5.295000076293945,5.21999979019165,5.235000133514404,14041,0.0,0.0
2021-08-19 00:00:00+03:00,5.235000133514404,5.235000133514404,5.050000190734863,5.099999904632568,26925,0.0,0.0
2021-08-20 00:00:00+03:00,5.300000190734863,5.300000190734863,5.099999904632568,5.239999771118164,12013,0.0,0.0
2021-08-23 00:00:00+03:00,5.239999771118164,5.375,5.239999771118164,5.309999942779541,13309,0.0,0.0
2021-08-24 00:00:00+03:00,5.369999885559082,5.369999885559082,5.255000114440918,5.260000228881836,27417,0.0,0.0
2021-08-25 00:00:00+03:00,5.309999942779541,5.360000133514404,5.210000038146973,5.210000038146973,29925,0.0,0.0
2021-08-26 00:00:00+03:00,5.215000152587891,5.309999942779541,5.170000076293945,5.199999809265137,8712,0.0,0.0
2021-08-27 00:00:00+03:00,5.199999809265137,5.215000152587891,5.130000114440918,5.190000057220459,11676,0.0,0.0
2021-08-30 00:00:00+03:00,5.199999809265137,5.34499979019165,5.105000019073486,5.150000095367432,17919,0.0,0.0
2021-08-31 00:00:00+03:00,5.105000019073486,5.179999828338623,5.105000019073486,5.130000114440918,11896,0.0,0.0
2021-09-01 00:00:00+03:00,5.150000095367432,5.190000057220459,5.005000114440918,5.045000076293945,30325,0.0,0.0
2021-09-02 00:00:00+03:00,5.050000190734863,5.070000171661377,4.955999851226807,4.980000019073486,30574,0.0,0.0
2021-09-03 00:00:00+03:00,5.0,5.034999847412109,4.927999973297119,4.929999828338623,37285,0.0,0.0
2021-09-06 00:00:00+03:00,4.949999809265137,4.961999893188477,4.76200008392334,4.78000020980835,47714,0.0,0.0
2021-09-07 00:00:00+03:00,4.7820000648498535,4.855999946594238,4.699999809265137,4.751999855041504,60415,0.0,0.0
2021-09-08 00:00:00+03:00,4.75,4.75,4.630000114440918,4.630000114440918,41375,0.0,0.0
2021-09-09 00:00:00+03:00,4.599999904632568,4.599999904632568,4.449999809265137,4.5,58255,0.0,0.0
2021-09-10 00:00:00+03:00,4.599999904632568,4.618000030517578,4.449999809265137,4.50600004196167,65529,0.0,0.0
2021-09-13 00:00:00+03:00,4.75,4.875999927520752,4.6020002365112305,4.622000217437744,67052,0.0,0.0
2021-09-14 00:00:00+03:00,4.699999809265137,4.748000144958496,4.46999979019165,4.46999979019165,68130,0.0,0.0
2021-09-15 00:00:00+03:00,4.449999809265137,4.478000164031982,4.039999961853027,4.039999961853027,238513,0.0,0.0
2021-09-16 00:00:00+03:00,4.116000175476074,4.210000038146973,3.868000030517578,3.881999969482422,300776,0.0,0.0
2021-09-17 00:00:00+03:00,4.038000106811523,4.245999813079834,3.930000066757202,4.059999942779541,106653,0.0,0.0
2021-09-20 00:00:00+03:00,4.059999942779541,4.059999942779541,3.8499999046325684,3.8940000534057617,80177,0.0,0.0
2021-09-21 00:00:00+03:00,3.890000104904175,4.1620001792907715,3.875999927520752,3.9519999027252197,44368,0.0,0.0
2021-09-22 00:00:00+03:00,4.0,4.119999885559082,4.0,4.038000106811523,33382,0.0,0.0
2021-09-23 00:00:00+03:00,4.118000030517578,4.118000030517578,4.0,4.007999897003174,25519,0.0,0.0
2021-09-24 00:00:00+03:00,4.007999897003174,4.104000091552734,4.0,4.01200008392334,19718,0.0,0.0
2021-09-27 00:00:00+03:00,4.01200008392334,4.039999961853027,3.950000047683716,3.9600000381469727,20257,0.0,0.0
2021-09-28 00:00:00+03:00,3.9600000381469727,4.01800012588501,3.6659998893737793,3.680000066757202,114996,0.0,0.0
2021-09-29 00:00:00+03:00,3.680000066757202,3.7239999771118164,3.5,3.5199999809265137,69078,0.0,0.0
2021-09-30 00:00:00+03:00,3.5199999809265137,3.7320001125335693,3.490000009536743,3.5139999389648438,71309,0.0,0.0
2021-10-01 00:00:00+03:00,3.5999999046325684,3.5999999046325684,3.430000066757202,3.4779999256134033,93626,0.0,0.0
2021-10-04 00:00:00+03:00,3.4800000190734863,3.680000066757202,3.390000104904175,3.390000104904175,56398,0.0,0.0
2021-10-05 00:00:00+03:00,3.450000047683716,3.5420000553131104,3.319999933242798,3.319999933242798,66180,0.0,0.0
2021-10-06 00:00:00+03:00,3.437999963760376,3.437999963760376,3.140000104904175,3.177999973297119,93043,0.0,0.0
2021-10-07 00:00:00+03:00,3.2679998874664307,3.5,3.2119998931884766,3.446000099182129,174696,0.0,0.0
2021-10-08 00:00:00+03:00,3.4779999256134033,3.881999969482422,3.4779999256134033,3.700000047683716,200538,0.0,0.0
2021-10-11 00:00:00+03:00,3.700000047683716,3.881999969482422,3.421999931335449,3.5199999809265137,85444,0.0,0.0
2021-10-12 00:00:00+03:00,3.5199999809265137,3.578000068664551,3.359999895095825,3.4000000953674316,54585,0.0,0.0
2021-10-13 00:00:00+03:00,3.5799999237060547,3.74399995803833,3.569999933242798,3.619999885559082,118714,0.0,0.0
2021-10-14 00:00:00+03:00,3.7200000286102295,3.74399995803833,3.618000030517578,3.619999885559082,44054,0.0,0.0
2021-10-15 00:00:00+03:00,3.6500000953674316,3.7279999256134033,3.630000114440918,3.630000114440918,65467,0.0,0.0
2021-10-18 00:00:00+03:00,3.6500000953674316,3.690000057220459,3.4519999027252197,3.507999897003174,61985,0.0,0.0
2021-10-19 00:00:00+03:00,3.51200008392334,3.5880000591278076,3.4619998931884766,3.49399995803833,38552,0.0,0.0
2021-10-20 00:00:00+03:00,3.49399995803833,3.5480000972747803,3.4619998931884766,3.5,24907,0.0,0.0
2021-10-21 00:00:00+03:00,3.502000093460083,3.5160000324249268,3.4000000953674316,3.444000005722046,40128,0.0,0.0
2021-10-22 00:00:00+03:00,3.555999994277954,3.555999994277954,3.4019999504089355,3.444000005722046,46056,0.0,0.0
2021-10-25 00:00:00+03:00,3.440000057220459,3.440000057220459,3.364000082015991,3.3919999599456787,33058,0.0,0.0
2021-10-26 00:00:00+03:00,3.2739999294281006,3.378000020980835,3.2300000190734863,3.2739999294281006,75562,0.0,0.0
2021-10-27 00:00:00+03:00,3.388000011444092,3.5260000228881836,3.3580000400543213,3.4000000953674316,111989,0.0,0.0
2021-10-28 00:00:00+03:00,3.5320000648498535,3.9700000286102295,3.450000047683716,3.7200000286102295,284475,0.0,0.0
2021-10-29 00:00:00+03:00,3.890000104904175,3.8959999084472656,3.700000047683716,3.7799999713897705,133484,0.0,0.0
2021-11-01 00:00:00+02:00,3.7799999713897705,3.7799999713897705,3.390000104904175,3.4200000762939453,186745,0.0,0.0
2021-11-02 00:00:00+02:00,3.436000108718872,3.447999954223633,3.3299999237060547,3.388000011444092,83990,0.0,0.0
2021-11-03 00:00:00+02:00,3.421999931335449,3.441999912261963,3.313999891281128,3.3340001106262207,60294,0.0,0.0
2021-11-04 00:00:00+02:00,3.4000000953674316,3.4000000953674316,3.319999933242798,3.3559999465942383,42414,0.0,0.0
2021-11-05 00:00:00+02:00,3.359999895095825,3.369999885559082,3.299999952316284,3.309999942779541,69693,0.0,0.0
2021-11-08 00:00:00+02:00,3.368000030517578,3.4200000762939453,3.309999942779541,3.3499999046325684,89547,0.0,0.0
2021-11-09 00:00:00+02:00,3.3519999980926514,3.4140000343322754,3.3499999046325684,3.359999895095825,34788,0.0,0.0
2021-11-10 00:00:00+02:00,3.359999895095825,3.4079999923706055,3.315999984741211,3.380000114440918,53273,0.0,0.0
2021-11-11 00:00:00+02:00,3.380000114440918,3.380000114440918,3.2720000743865967,3.299999952316284,73953,0.0,0.0
2021-11-12 00:00:00+02:00,3.299999952316284,3.369999885559082,3.2899999618530273,3.3440001010894775,64533,0.0,0.0
2021-11-15 00:00:00+02:00,3.450000047683716,3.490000009536743,3.361999988555908,3.4000000953674316,102376,0.0,0.0
2021-11-16 00:00:00+02:00,3.5,3.6579999923706055,3.4539999961853027,3.4739999771118164,243780,0.0,0.0
2021-11-17 00:00:00+02:00,3.549999952316284,3.940000057220459,3.5320000648498535,3.8580000400543213,414998,0.0,0.0
2021-11-18 00:00:00+02:00,3.996000051498413,4.300000190734863,3.9519999027252197,3.992000102996826,309783,0.0,0.0
2021-11-19 00:00:00+02:00,4.010000228881836,4.196000099182129,3.9820001125335693,3.9860000610351562,151277,0.0,0.0
2021-11-22 00:00:00+02:00,4.099999904632568,4.099999904632568,3.815999984741211,3.8440001010894775,97505,0.0,0.0
2021-11-23 00:00:00+02:00,3.8399999141693115,3.8399999141693115,3.6519999504089355,3.6519999504089355,89888,0.0,0.0
2021-11-24 00:00:00+02:00,3.6540000438690186,3.7980000972747803,3.5160000324249268,3.5899999141693115,74185,0.0,0.0
2021-11-25 00:00:00+02:00,3.5899999141693115,3.6600000858306885,3.5460000038146973,3.5799999237060547,42554,0.0,0.0
2021-11-26 00:00:00+02:00,3.5880000591278076,3.5880000591278076,3.369999885559082,3.3980000019073486,141874,0.0,0.0
2021-11-29 00:00:00+02:00,3.4000000953674316,3.5,3.369999885559082,3.4860000610351562,72575,0.0,0.0
2021-11-30 00:00:00+02:00,3.4679999351501465,3.4679999351501465,3.309999942779541,3.374000072479248,77538,0.0,0.0
2021-12-01 00:00:00+02:00,3.4660000801086426,3.4660000801086426,3.3519999980926514,3.4600000381469727,64523,0.0,0.0
2021-12-02 00:00:00+02:00,3.48799991607666,3.5220000743865967,3.3239998817443848,3.369999885559082,78582,0.0,0.0
2021-12-03 00:00:00+02:00,3.4100000858306885,3.4600000381469727,3.3420000076293945,3.4000000953674316,43016,0.0,0.0
2021-12-07 00:00:00+02:00,3.4019999504089355,3.4639999866485596,3.361999988555908,3.378000020980835,64161,0.0,0.0
2021-12-08 00:00:00+02:00,3.4600000381469727,3.4639999866485596,3.384000062942505,3.384000062942505,32763,0.0,0.0
2021-12-09 00:00:00+02:00,3.4019999504089355,3.427999973297119,3.359999895095825,3.364000082015991,43027,0.0,0.0
2021-12-10 00:00:00+02:00,3.364000082015991,3.4260001182556152,3.322000026702881,3.4159998893737793,29112,0.0,0.0
2021-12-13 00:00:00+02:00,3.4200000762939453,3.421999931335449,3.319999933242798,3.328000068664551,54667,0.0,0.0
2021-12-14 00:00:00+02:00,3.378000020980835,3.385999917984009,3.200000047683716,3.200000047683716,112864,0.0,0.0
2021-12-15 00:00:00+02:00,3.2219998836517334,3.2239999771118164,3.1500000953674316,3.1559998989105225,86690,0.0,0.0
2021-12-16 00:00:00+02:00,3.1740000247955322,3.2679998874664307,3.1559998989105225,3.1559998989105225,56656,0.0,0.0
2021-12-17 00:00:00+02:00,3.2119998931884766,3.315999984741211,3.1559998989105225,3.1559998989105225,116043,0.0,0.0
2021-12-20 00:00:00+02:00,3.1559998989105225,3.1640000343322754,3.115999937057495,3.125999927520752,78769,0.0,0.0
2021-12-21 00:00:00+02:00,3.26200008392334,3.2899999618530273,3.200000047683716,3.2060000896453857,132189,0.0,0.0
2021-12-22 00:00:00+02:00,3.2300000190734863,3.2899999618530273,3.1579999923706055,3.240000009536743,146480,0.0,0.0
2021-12-23 00:00:00+02:00,3.240000009536743,3.496000051498413,3.2320001125335693,3.4700000286102295,161132,0.0,0.0
2021-12-27 00:00:00+02:00,3.4240000247955322,3.4539999961853027,3.3399999141693115,3.4159998893737793,163210,0.0,0.0
2021-12-28 00:00:00+02:00,3.4240000247955322,3.492000102996826,3.371999979019165,3.380000114440918,106260,0.0,0.0
2021-12-29 00:00:00+02:00,3.3980000019073486,3.3980000019073486,3.312000036239624,3.369999885559082,84870,0.0,0.0
2021-12-30 00:00:00+02:00,3.390000104904175,3.680000066757202,3.390000104904175,3.6760001182556152,181821,0.0,0.0
2022-01-03 00:00:00+02:00,3.75,3.881999969482422,3.6760001182556152,3.8499999046325684,201267,0.0,0.0
2022-01-04 00:00:00+02:00,3.9019999504089355,3.927999973297119,3.7200000286102295,3.799999952316284,181967,0.0,0.0
2022-01-05 00:00:00+02:00,3.802000045776367,3.888000011444092,3.753999948501587,3.7839999198913574,74465,0.0,0.0
2022-01-07 00:00:00+02:00,3.799999952316284,3.8320000171661377,3.6019999980926514,3.618000030517578,70110,0.0,0.0
2022-01-10 00:00:00+02:00,3.628000020980835,3.697999954223633,3.4119999408721924,3.450000047683716,85479,0.0,0.0
2022-01-11 00:00:00+02:00,3.4820001125335693,3.677999973297119,3.4820001125335693,3.5299999713897705,32192,0.0,0.0
2022-01-12 00:00:00+02:00,3.6760001182556152,3.677999973297119,3.5320000648498535,3.559999942779541,28211,0.0,0.0
2022-01-13 00:00:00+02:00,3.5920000076293945,3.5999999046325684,3.4600000381469727,3.4760000705718994,62180,0.0,0.0
2022-01-14 00:00:00+02:00,3.4779999256134033,3.490000009536743,3.359999895095825,3.4660000801086426,62890,0.0,0.0
2022-01-17 00:00:00+02:00,3.497999906539917,3.497999906539917,3.4100000858306885,3.430000066757202,33686,0.0,0.0
2022-01-18 00:00:00+02:00,3.5999999046325684,3.6700000762939453,3.507999897003174,3.5199999809265137,106433,0.0,0.0
2022-01-19 00:00:00+02:00,3.569999933242798,3.700000047683716,3.5220000743865967,3.5899999141693115,156777,0.0,0.0
2022-01-20 00:00:00+02:00,3.6480000019073486,3.6480000019073486,3.5179998874664307,3.5239999294281006,80368,0.0,0.0
2022-01-21 00:00:00+02:00,3.5199999809265137,3.5199999809265137,3.257999897003174,3.369999885559082,152469,0.0,0.0
2022-01-24 00:00:00+02:00,3.4000000953674316,3.4000000953674316,2.950000047683716,3.002000093460083,219089,0.0,0.0
2022-01-25 00:00:00+02:00,3.072000026702881,3.0999999046325684,3.002000093460083,3.0899999141693115,118973,0.0,0.0
2022-01-26 00:00:00+02:00,3.0999999046325684,3.299999952316284,3.0999999046325684,3.200000047683716,186441,0.0,0.0
2022-01-27 00:00:00+02:00,3.1760001182556152,3.2920000553131104,3.1019999980926514,3.2920000553131104,45749,0.0,0.0
2022-01-28 00:00:00+02:00,3.2100000381469727,3.252000093460083,3.130000114440918,3.1700000762939453,29934,0.0,0.0
2022-01-31 00:00:00+02:00,3.197999954223633,3.2980000972747803,3.190000057220459,3.190000057220459,57827,0.0,0.0
2022-02-01 00:00:00+02:00,3.2200000286102295,3.2799999713897705,3.180000066757202,3.200000047683716,38218,0.0,0.0
2022-02-02 00:00:00+02:00,3.200000047683716,3.2780001163482666,3.187999963760376,3.194000005722046,74779,0.0,0.0
2022-02-03 00:00:00+02:00,3.177999973297119,3.2360000610351562,3.1700000762939453,3.187999963760376,37697,0.0,0.0
2022-02-04 00:00:00+02:00,3.187999963760376,3.2260000705718994,3.119999885559082,3.131999969482422,40859,0.0,0.0
2022-02-07 00:00:00+02:00,3.2019999027252197,3.2019999027252197,3.0299999713897705,3.0940001010894775,81893,0.0,0.0
2022-02-08 00:00:00+02:00,3.069999933242798,3.0999999046325684,3.009999990463257,3.01200008392334,64436,0.0,0.0
2022-02-09 00:00:00+02:00,3.0139999389648438,3.049999952316284,2.990000009536743,3.0299999713897705,54235,0.0,0.0
2022-02-10 00:00:00+02:00,3.0399999618530273,3.0420000553131104,2.8420000076293945,2.875999927520752,225099,0.0,0.0
2022-02-11 00:00:00+02:00,2.8580000400543213,2.8580000400543213,2.7219998836517334,2.7639999389648438,146887,0.0,0.0
2022-02-14 00:00:00+02:00,2.7219998836517334,2.7219998836517334,2.4860000610351562,2.630000114440918,172231,0.0,0.0
2022-02-15 00:00:00+02:00,2.568000078201294,2.684000015258789,2.5220000743865967,2.572000026702881,228157,0.0,0.0
2022-02-16 00:00:00+02:00,2.569999933242798,2.6459999084472656,2.503999948501587,2.5239999294281006,218771,0.0,0.0
2022-02-17 00:00:00+02:00,2.5320000648498535,2.5940001010894775,2.4119999408721924,2.490000009536743,154882,0.0,0.0
2022-02-18 00:00:00+02:00,2.48799991607666,2.49399995803833,2.2739999294281006,2.3359999656677246,189865,0.0,0.0
2022-02-21 00:00:00+02:00,2.3440001010894775,2.385999917984009,2.2339999675750732,2.2960000038146973,85213,0.0,0.0
2022-02-22 00:00:00+02:00,2.2660000324249268,2.365999937057495,2.2260000705718994,2.3380000591278076,120427,0.0,0.0
2022-02-23 00:00:00+02:00,2.3380000591278076,2.4779999256134033,2.3380000591278076,2.434000015258789,94678,0.0,0.0
2022-02-24 00:00:00+02:00,2.2019999027252197,2.2880001068115234,2.1740000247955322,2.26200008392334,156718,0.0,0.0
2022-02-25 00:00:00+02:00,2.2639999389648438,2.4619998931884766,2.26200008392334,2.421999931335449,221186,0.0,0.0
2022-02-28 00:00:00+02:00,2.4200000762939453,2.4200000762939453,2.2899999618530273,2.309999942779541,110289,0.0,0.0
2022-03-01 00:00:00+02:00,2.3399999141693115,2.3420000076293945,2.119999885559082,2.1579999923706055,114823,0.0,0.0
2022-03-02 00:00:00+02:00,2.1559998989105225,2.369999885559082,2.0820000171661377,2.2200000286102295,167823,0.0,0.0
2022-03-03 00:00:00+02:00,2.2699999809265137,2.3420000076293945,2.1519999504089355,2.1619999408721924,99216,0.0,0.0
2022-03-04 00:00:00+02:00,2.1640000343322754,2.1640000343322754,2.0,2.009999990463257,208479,0.0,0.0
2022-03-07 00:00:00+02:00,1.996000051498413,1.996000051498413,1.784000039100647,1.86899995803833,456213,0.0,0.0
2022-03-08 00:00:00+02:00,1.878999948501587,1.9989999532699585,1.8229999542236328,1.937999963760376,227572,0.0,0.0
2022-03-09 00:00:00+02:00,2.007999897003174,2.1579999923706055,1.975000023841858,2.0299999713897705,164971,0.0,0.0
2022-03-10 00:00:00+02:00,2.109999895095825,2.130000114440918,2.0320000648498535,2.0759999752044678,98514,0.0,0.0
2022-03-11 00:00:00+02:00,2.0999999046325684,2.187999963760376,2.078000068664551,2.1419999599456787,101654,0.0,0.0
2022-03-14 00:00:00+02:00,2.25,2.2760000228881836,2.1040000915527344,2.1559998989105225,80968,0.0,0.0
2022-03-15 00:00:00+02:00,2.1559998989105225,2.1559998989105225,2.002000093460083,2.0380001068115234,113390,0.0,0.0
2022-03-16 00:00:00+02:00,2.0799999237060547,2.0980000495910645,2.0399999618530273,2.052000045776367,92841,0.0,0.0
2022-03-17 00:00:00+02:00,2.140000104904175,2.2179999351501465,2.0840001106262207,2.109999895095825,155882,0.0,0.0
2022-03-18 00:00:00+02:00,2.180000066757202,2.246000051498413,2.1640000343322754,2.190000057220459,105296,0.0,0.0
2022-03-21 00:00:00+02:00,2.247999906539917,2.318000078201294,2.2320001125335693,2.2679998874664307,80948,0.0,0.0
2022-03-22 00:00:00+02:00,2.299999952316284,2.303999900817871,2.200000047683716,2.2200000286102295,66552,0.0,0.0
2022-03-23 00:00:00+02:00,2.2219998836517334,2.2880001068115234,2.128000020980835,2.1459999084472656,56662,0.0,0.0
2022-03-24 00:00:00+02:00,2.1519999504089355,2.1619999408721924,2.0420000553131104,2.0799999237060547,71476,0.0,0.0
2022-03-25 00:00:00+02:00,2.1080000400543213,2.1080000400543213,2.0199999809265137,2.0280001163482666,56715,0.0,0.0
2022-03-28 00:00:00+03:00,2.0299999713897705,2.0999999046325684,1.9559999704360962,2.0179998874664307,68661,0.0,0.0
2022-03-29 00:00:00+03:00,2.0220000743865967,2.1500000953674316,2.0220000743865967,2.111999988555908,121369,0.0,0.0
2022-03-30 00:00:00+03:00,2.1540000438690186,2.2079999446868896,2.069999933242798,2.135999917984009,51486,0.0,0.0
2022-03-31 00:00:00+03:00,2.140000104904175,2.2780001163482666,2.140000104904175,2.181999921798706,127935,0.0,0.0
2022-04-01 00:00:00+03:00,2.259999990463257,2.3949999809265137,2.2100000381469727,2.244999885559082,228921,0.0,0.0
2022-04-04 00:00:00+03:00,2.3299999237060547,2.359999895095825,2.2200000286102295,2.3399999141693115,39399,0.0,0.0
2022-04-05 00:00:00+03:00,2.3450000286102295,2.565000057220459,2.3450000286102295,2.5250000953674316,119376,0.0,0.0
2022-04-06 00:00:00+03:00,2.5399999618530273,2.569999933242798,2.259999990463257,2.3550000190734863,76209,0.0,0.0
2022-04-07 00:00:00+03:00,2.3550000190734863,2.359999895095825,2.2799999713897705,2.2850000858306885,31048,0.0,0.0
2022-04-08 00:00:00+03:00,2.2850000858306885,2.369999885559082,2.255000114440918,2.309999942779541,34562,0.0,0.0
2022-04-11 00:00:00+03:00,2.359999895095825,2.359999895095825,2.2100000381469727,2.2149999141693115,75890,0.0,0.0
2022-04-12 00:00:00+03:00,2.2100000381469727,2.2149999141693115,2.1549999713897705,2.180000066757202,41196,0.0,0.0
2022-04-13 00:00:00+03:00,2.2149999141693115,2.2249999046325684,2.119999885559082,2.1700000762939453,43852,0.0,0.0
2022-04-14 00:00:00+03:00,2.1500000953674316,2.2149999141693115,2.115000009536743,2.2100000381469727,26165,0.0,0.0
2022-04-19 00:00:00+03:00,2.25,2.25,2.1050000190734863,2.119999885559082,63648,0.0,0.0
2022-04-20 00:00:00+03:00,2.125,2.1449999809265137,2.075000047683716,2.0850000381469727,52844,0.0,0.0
2022-04-21 00:00:00+03:00,2.0850000381469727,2.109999895095825,2.0450000762939453,2.049999952316284,112280,0.0,0.0
2022-04-22 00:00:00+03:00,2.049999952316284,2.059999942779541,2.005000114440918,2.0399999618530273,47489,0.0,0.0
2022-04-25 00:00:00+03:00,2.0399999618530273,2.0399999618530273,1.9240000247955322,2.005000114440918,58659,0.0,0.0
2022-04-26 00:00:00+03:00,2.075000047683716,2.075000047683716,1.9259999990463257,1.9539999961853027,41619,0.0,0.0
2022-04-27 00:00:00+03:00,1.937999963760376,1.937999963760376,1.8639999628067017,1.8819999694824219,75175,0.0,0.0
2022-04-28 00:00:00+03:00,1.850000023841858,2.065000057220459,1.850000023841858,1.8799999952316284,53154,0.0,0.0
2022-04-29 00:00:00+03:00,1.9019999504089355,1.968000054359436,1.8799999952316284,1.9240000247955322,41055,0.0,0.0
2022-05-02 00:00:00+03:00,1.9240000247955322,1.9240000247955322,1.8519999980926514,1.8940000534057617,36580,0.0,0.0
2022-05-03 00:00:00+03:00,1.8940000534057617,1.9479999542236328,1.8459999561309814,1.8700000047683716,28713,0.0,0.0
2022-05-04 00:00:00+03:00,1.8539999723434448,1.8819999694824219,1.815999984741211,1.8279999494552612,61573,0.0,0.0
2022-05-05 00:00:00+03:00,1.8320000171661377,1.8980000019073486,1.809999942779541,1.8320000171661377,39993,0.0,0.0
2022-05-06 00:00:00+03:00,1.8359999656677246,1.840000033378601,1.718000054359436,1.7680000066757202,104577,0.0,0.0
2022-05-09 00:00:00+03:00,1.7680000066757202,1.7999999523162842,1.7000000476837158,1.7280000448226929,73884,0.0,0.0
2022-05-10 00:00:00+03:00,1.7300000190734863,1.75,1.6640000343322754,1.7120000123977661,47664,0.0,0.0
2022-05-11 00:00:00+03:00,1.7239999771118164,1.746000051498413,1.7039999961853027,1.7359999418258667,46333,0.0,0.0
2022-05-12 00:00:00+03:00,1.7339999675750732,1.7719999551773071,1.649999976158142,1.7719999551773071,65327,0.0,0.0
2022-05-13 00:00:00+03:00,1.7799999713897705,1.7999999523162842,1.7480000257492065,1.7680000066757202,35655,0.0,0.0
2022-05-16 00:00:00+03:00,1.784000039100647,1.8700000047683716,1.7519999742507935,1.8700000047683716,27385,0.0,0.0
2022-05-17 00:00:00+03:00,1.8839999437332153,1.8839999437332153,1.8020000457763672,1.8519999980926514,49912,0.0,0.0
2022-05-18 00:00:00+03:00,1.8519999980926514,1.8980000019073486,1.7660000324249268,1.7960000038146973,39659,0.0,0.0
2022-05-19 00:00:00+03:00,1.7619999647140503,1.7640000581741333,1.7100000381469727,1.7619999647140503,42865,0.0,0.0
2022-05-20 00:00:00+03:00,1.7619999647140503,1.8580000400543213,1.7619999647140503,1.7879999876022339,229801,0.0,0.0
2022-05-23 00:00:00+03:00,1.8819999694824219,1.8980000019073486,1.7300000190734863,1.75600004196167,63713,0.0,0.0
2022-05-24 00:00:00+03:00,1.75600004196167,1.843999981880188,1.722000002861023,1.7319999933242798,17747,0.0,0.0
2022-05-25 00:00:00+03:00,1.7300000190734863,1.7660000324249268,1.7239999771118164,1.74399995803833,31348,0.0,0.0
2022-05-27 00:00:00+03:00,1.74399995803833,1.7799999713897705,1.7200000286102295,1.7799999713897705,48910,0.0,0.0
2022-05-30 00:00:00+03:00,1.781999945640564,1.8279999494552612,1.7699999809265137,1.8240000009536743,45363,0.0,0.0
2022-05-31 00:00:00+03:00,1.8300000429153442,1.899999976158142,1.8220000267028809,1.8519999980926514,72040,0.0,0.0
2022-06-01 00:00:00+03:00,1.8519999980926514,1.899999976158142,1.7899999618530273,1.8839999437332153,30519,0.0,0.0
2022-06-02 00:00:00+03:00,1.878000020980835,1.8839999437332153,1.8320000171661377,1.8799999952316284,39665,0.0,0.0
2022-06-03 00:00:00+03:00,1.8799999952316284,1.899999976158142,1.850000023841858,1.899999976158142,45032,0.0,0.0
2022-06-06 00:00:00+03:00,1.8359999656677246,1.9800000190734863,1.8359999656677246,1.9780000448226929,42752,0.0,0.0
2022-06-07 00:00:00+03:00,1.9780000448226929,1.9780000448226929,1.8919999599456787,1.9579999446868896,19460,0.0,0.0
2022-06-08 00:00:00+03:00,1.9600000381469727,2.0350000858306885,1.8320000171661377,1.8600000143051147,132101,0.0,0.0
2022-06-09 00:00:00+03:00,1.9859999418258667,2.0,1.8799999952316284,1.9320000410079956,92503,0.0,0.0
2022-06-10 00:00:00+03:00,1.9559999704360962,1.9600000381469727,1.8819999694824219,1.9500000476837158,26037,0.0,0.0
2022-06-13 00:00:00+03:00,1.934000015258789,1.934000015258789,1.7999999523162842,1.8040000200271606,25820,0.0,0.0
2022-06-14 00:00:00+03:00,1.8140000104904175,1.899999976158142,1.777999997138977,1.7960000038146973,50168,0.0,0.0
2022-06-15 00:00:00+03:00,1.8680000305175781,1.8680000305175781,1.7699999809265137,1.8619999885559082,31830,0.0,0.0
2022-06-16 00:00:00+03:00,1.850000023841858,1.8539999723434448,1.7120000123977661,1.75,46509,0.0,0.0
2022-06-17 00:00:00+03:00,1.7940000295639038,1.8279999494552612,1.753999948501587,1.7799999713897705,2708,0.0,0.0
2022-06-20 00:00:00+03:00,1.8279999494552612,1.8279999494552612,1.722000002861023,1.7899999618530273,14488,0.0,0.0
2022-06-21 00:00:00+03:00,1.7899999618530273,1.8580000400543213,1.7200000286102295,1.7940000295639038,13244,0.0,0.0
2022-06-22 00:00:00+03:00,1.7940000295639038,1.7979999780654907,1.7139999866485596,1.7979999780654907,11758,0.0,0.0
2022-06-23 00:00:00+03:00,1.8259999752044678,1.8259999752044678,1.75,1.7899999618530273,4545,0.0,0.0
2022-06-27 00:00:00+03:00,1.7899999618530273,1.8320000171661377,1.7799999713897705,1.7960000038146973,22427,0.0,0.0
2022-06-28 00:00:00+03:00,1.8580000400543213,1.8880000114440918,1.8220000267028809,1.840000033378601,15697,0.0,0.0
2022-06-29 00:00:00+03:00,1.878000020980835,1.878000020980835,1.850000023841858,1.8519999980926514,12271,0.0,0.0
2022-06-30 00:00:00+03:00,1.8539999723434448,1.8799999952316284,1.8020000457763672,1.805999994277954,21122,0.0,0.0
2022-07-01 00:00:00+03:00,1.840000033378601,1.840000033378601,1.7960000038146973,1.809999942779541,7885,0.0,0.0
2022-07-04 00:00:00+03:00,1.8300000429153442,1.8300000429153442,1.7599999904632568,1.7699999809265137,16862,0.0,0.0
2022-07-05 00:00:00+03:00,1.777999997138977,1.805999994277954,1.649999976158142,1.7640000581741333,47677,0.0,0.0
2022-07-06 00:00:00+03:00,1.7599999904632568,1.8020000457763672,1.6920000314712524,1.7799999713897705,57726,0.0,0.0
2022-07-07 00:00:00+03:00,1.7799999713897705,1.8020000457763672,1.7680000066757202,1.777999997138977,32263,0.0,0.0
2022-07-08 00:00:00+03:00,1.7860000133514404,1.8179999589920044,1.7860000133514404,1.809999942779541,12677,0.0,0.0
2022-07-11 00:00:00+03:00,1.809999942779541,1.8240000009536743,1.7799999713897705,1.8020000457763672,22409,0.0,0.0
2022-07-12 00:00:00+03:00,1.784000039100647,1.8140000104904175,1.6959999799728394,1.715999960899353,37384,0.0,0.0
2022-07-13 00:00:00+03:00,1.75,1.75,1.684000015258789,1.715999960899353,31998,0.0,0.0
2022-07-14 00:00:00+03:00,1.718000054359436,1.7480000257492065,1.684000015258789,1.7380000352859497,21298,0.0,0.0
2022-07-15 00:00:00+03:00,1.7619999647140503,1.7619999647140503,1.715999960899353,1.75,11910,0.0,0.0
2022-07-18 00:00:00+03:00,1.7619999647140503,1.8420000076293945,1.7619999647140503,1.8179999589920044,65836,0.0,0.0
2022-07-19 00:00:00+03:00,1.8179999589920044,1.8899999856948853,1.7960000038146973,1.8559999465942383,53917,0.0,0.0
2022-07-20 00:00:00+03:00,1.8880000114440918,1.8880000114440918,1.8639999628067017,1.8739999532699585,32213,0.0,0.0
2022-07-21 00:00:00+03:00,1.8899999856948853,1.9299999475479126,1.8420000076293945,1.8420000076293945,41754,0.0,0.0
2022-07-22 00:00:00+03:00,1.8600000143051147,1.8600000143051147,1.784000039100647,1.7920000553131104,37298,0.0,0.0
2022-07-25 00:00:00+03:00,1.7899999618530273,1.8980000019073486,1.7719999551773071,1.8259999752044678,21863,0.0,0.0
2022-07-26 00:00:00+03:00,1.8300000429153442,1.8600000143051147,1.7920000553131104,1.8480000495910645,26082,0.0,0.0
2022-07-27 00:00:00+03:00,1.8459999561309814,1.8459999561309814,1.7940000295639038,1.8140000104904175,12892,0.0,0.0
2022-07-28 00:00:00+03:00,1.8339999914169312,1.8459999561309814,1.8140000104904175,1.8459999561309814,16221,0.0,0.0
2022-07-29 00:00:00+03:00,1.8459999561309814,1.8899999856948853,1.8200000524520874,1.8819999694824219,22264,0.0,0.0
2022-08-01 00:00:00+03:00,1.8940000534057617,1.8940000534057617,1.8320000171661377,1.8799999952316284,25871,0.0,0.0
2022-08-02 00:00:00+03:00,1.8799999952316284,1.8960000276565552,1.8359999656677246,1.8960000276565552,23904,0.0,0.0
2022-08-03 00:00:00+03:00,1.8960000276565552,1.8960000276565552,1.8320000171661377,1.8919999599456787,23922,0.0,0.0
2022-08-04 00:00:00+03:00,1.8960000276565552,1.899999976158142,1.871999979019165,1.899999976158142,26143,0.0,0.0
2022-08-05 00:00:00+03:00,1.899999976158142,1.899999976158142,1.8380000591278076,1.8619999885559082,22512,0.0,0.0
2022-08-08 00:00:00+03:00,1.8639999628067017,1.972000002861023,1.8619999885559082,1.9700000286102295,34983,0.0,0.0
2022-08-09 00:00:00+03:00,1.9800000190734863,1.9800000190734863,1.9040000438690186,1.9500000476837158,18243,0.0,0.0
2022-08-10 00:00:00+03:00,1.9539999961853027,2.015000104904175,1.9539999961853027,2.015000104904175,26079,0.0,0.0
2022-08-11 00:00:00+03:00,2.009999990463257,2.0199999809265137,1.9739999771118164,2.009999990463257,21325,0.0,0.0
2022-08-12 00:00:00+03:00,2.0,2.200000047683716,1.9819999933242798,2.119999885559082,72717,0.0,0.0
2022-08-15 00:00:00+03:00,2.2049999237060547,2.2699999809265137,2.2049999237060547,2.240000009536743,53616,0.0,0.0
2022-08-16 00:00:00+03:00,2.234999895095825,2.234999895095825,2.0999999046325684,2.1449999809265137,35600,0.0,0.0
2022-08-17 00:00:00+03:00,2.200000047683716,2.2300000190734863,2.109999895095825,2.109999895095825,26801,0.0,0.0
2022-08-18 00:00:00+03:00,2.1700000762939453,2.1700000762939453,2.005000114440918,2.049999952316284,19761,0.0,0.0
2022-08-19 00:00:00+03:00,2.015000104904175,2.015000104904175,1.899999976158142,1.9259999990463257,25288,0.0,0.0
2022-08-22 00:00:00+03:00,1.9259999990463257,1.9579999446868896,1.8799999952316284,1.8839999437332153,15969,0.0,0.0
2022-08-23 00:00:00+03:00,1.9980000257492065,1.9980000257492065,1.8960000276565552,1.9079999923706055,8111,0.0,0.0
2022-08-24 00:00:00+03:00,1.9240000247955322,2.0,1.9240000247955322,1.9620000123977661,3838,0.0,0.0
2022-08-25 00:00:00+03:00,1.9639999866485596,1.9639999866485596,1.8300000429153442,1.8880000114440918,53974,0.0,0.0
2022-08-26 00:00:00+03:00,1.899999976158142,1.9299999475479126,1.812000036239624,1.812000036239624,14217,0.0,0.0
2022-08-29 00:00:00+03:00,1.812000036239624,1.812000036239624,1.7000000476837158,1.7619999647140503,33792,0.0,0.0
2022-08-30 00:00:00+03:00,1.7580000162124634,1.7599999904632568,1.7200000286102295,1.7519999742507935,11843,0.0,0.0
2022-08-31 00:00:00+03:00,1.7999999523162842,1.7999999523162842,1.7519999742507935,1.75600004196167,6621,0.0,0.0
2022-09-01 00:00:00+03:00,1.7619999647140503,1.809999942779541,1.7400000095367432,1.7400000095367432,14199,0.0,0.0
2022-09-02 00:00:00+03:00,1.7400000095367432,1.850000023841858,1.7020000219345093,1.7359999418258667,15384,0.0,0.0
2022-09-05 00:00:00+03:00,1.7380000352859497,1.7640000581741333,1.6820000410079956,1.694000005722046,40875,0.0,0.0
2022-09-06 00:00:00+03:00,1.777999997138977,1.777999997138977,1.649999976158142,1.7020000219345093,33625,0.0,0.0
2022-09-07 00:00:00+03:00,1.75,1.75,1.6920000314712524,1.7200000286102295,13902,0.0,0.0
2022-09-08 00:00:00+03:00,1.7580000162124634,1.7580000162124634,1.694000005722046,1.7000000476837158,10110,0.0,0.0
2022-09-09 00:00:00+03:00,1.7020000219345093,1.746000051498413,1.7000000476837158,1.7120000123977661,5993,0.0,0.0
2022-09-12 00:00:00+03:00,1.7139999866485596,1.74399995803833,1.7139999866485596,1.7400000095367432,10438,0.0,0.0
2022-09-13 00:00:00+03:00,1.74399995803833,1.7920000553131104,1.6540000438690186,1.7100000381469727,12908,0.0,0.0
2022-09-14 00:00:00+03:00,1.7100000381469727,1.74399995803833,1.7000000476837158,1.7000000476837158,10007,0.0,0.0
2022-09-15 00:00:00+03:00,1.7000000476837158,1.7200000286102295,1.659999966621399,1.6720000505447388,7962,0.0,0.0
2022-09-16 00:00:00+03:00,1.6740000247955322,1.7079999446868896,1.6720000505447388,1.6720000505447388,6349,0.0,0.0
2022-09-19 00:00:00+03:00,1.6799999475479126,1.7000000476837158,1.659999966621399,1.6699999570846558,27280,0.0,0.0
2022-09-20 00:00:00+03:00,1.690000057220459,1.7000000476837158,1.6519999504089355,1.6679999828338623,21874,0.0,0.0
2022-09-21 00:00:00+03:00,1.6979999542236328,1.7000000476837158,1.6460000276565552,1.659999966621399,15410,0.0,0.0
2022-09-22 00:00:00+03:00,1.6619999408721924,1.7000000476837158,1.659999966621399,1.659999966621399,15062,0.0,0.0
2022-09-23 00:00:00+03:00,1.659999966621399,1.659999966621399,1.5219999551773071,1.6180000305175781,43676,0.0,0.0
2022-09-26 00:00:00+03:00,1.6100000143051147,1.659999966621399,1.5119999647140503,1.5460000038146973,36569,0.0,0.0
2022-09-27 00:00:00+03:00,1.5479999780654907,1.6200000047683716,1.5479999780654907,1.5880000591278076,11539,0.0,0.0
2022-09-28 00:00:00+03:00,1.5880000591278076,1.6200000047683716,1.5,1.6200000047683716,57590,0.0,0.0
2022-09-29 00:00:00+03:00,1.527999997138977,1.527999997138977,1.2000000476837158,1.2920000553131104,170762,0.0,0.0
2022-09-30 00:00:00+03:00,1.2000000476837158,1.2419999837875366,1.0520000457763672,1.187999963760376,251688,0.0,0.0
2022-10-03 00:00:00+03:00,1.184000015258789,1.184000015258789,1.059999942779541,1.100000023841858,129336,0.0,0.0
2022-10-04 00:00:00+03:00,1.1019999980926514,1.1460000276565552,1.0720000267028809,1.1399999856948853,41871,0.0,0.0
2022-10-05 00:00:00+03:00,1.1380000114440918,1.2100000381469727,1.0839999914169312,1.100000023841858,54072,0.0,0.0
2022-10-06 00:00:00+03:00,1.100000023841858,1.1779999732971191,1.100000023841858,1.1339999437332153,19547,0.0,0.0
2022-10-07 00:00:00+03:00,1.1979999542236328,1.2380000352859497,1.149999976158142,1.149999976158142,82954,0.0,0.0
2022-10-10 00:00:00+03:00,1.1519999504089355,1.218000054359436,1.1519999504089355,1.1619999408721924,13406,0.0,0.0
2022-10-11 00:00:00+03:00,1.1640000343322754,1.187999963760376,1.100000023841858,1.1799999475479126,48109,0.0,0.0
2022-10-12 00:00:00+03:00,1.184000015258789,1.184000015258789,1.1399999856948853,1.1399999856948853,7565,0.0,0.0
2022-10-13 00:00:00+03:00,1.1100000143051147,1.187999963760376,1.1100000143051147,1.149999976158142,14166,0.0,0.0
2022-10-14 00:00:00+03:00,1.156000018119812,1.187999963760376,1.121999979019165,1.1419999599456787,30329,0.0,0.0
2022-10-17 00:00:00+03:00,1.1419999599456787,1.149999976158142,1.100000023841858,1.121999979019165,80777,0.0,0.0
2022-10-18 00:00:00+03:00,1.1419999599456787,1.1799999475479126,1.121999979019165,1.1799999475479126,53142,0.0,0.0
2022-10-19 00:00:00+03:00,1.1799999475479126,1.1799999475479126,1.1399999856948853,1.1440000534057617,11894,0.0,0.0
2022-10-20 00:00:00+03:00,1.1759999990463257,1.1759999990463257,1.1440000534057617,1.159999966621399,15955,0.0,0.0
2022-10-21 00:00:00+03:00,1.159999966621399,1.1679999828338623,1.1399999856948853,1.1679999828338623,18347,0.0,0.0
2022-10-24 00:00:00+03:00,1.1679999828338623,1.1679999828338623,1.1019999980926514,1.1460000276565552,10433,0.0,0.0
2022-10-25 00:00:00+03:00,1.1200000047683716,1.1740000247955322,1.1100000143051147,1.149999976158142,14590,0.0,0.0
2022-10-26 00:00:00+03:00,1.149999976158142,1.1779999732971191,1.1299999952316284,1.1299999952316284,12548,0.0,0.0
2022-10-27 00:00:00+03:00,1.1299999952316284,1.1480000019073486,1.1139999628067017,1.1380000114440918,23419,0.0,0.0
2022-10-28 00:00:00+03:00,1.1380000114440918,1.1619999408721924,1.1100000143051147,1.149999976158142,22698,0.0,0.0
2022-10-31 00:00:00+02:00,1.1720000505447388,1.2480000257492065,1.1319999694824219,1.194000005722046,78205,0.0,0.0
2022-11-01 00:00:00+02:00,1.1959999799728394,1.2400000095367432,1.190000057220459,1.190000057220459,14862,0.0,0.0
2022-11-02 00:00:00+02:00,1.190000057220459,1.2059999704360962,1.1200000047683716,1.1299999952316284,33679,0.0,0.0
2022-11-03 00:00:00+02:00,1.1399999856948853,1.2400000095367432,1.1200000047683716,1.1820000410079956,13449,0.0,0.0
2022-11-04 00:00:00+02:00,1.2039999961853027,1.2400000095367432,1.1699999570846558,1.1699999570846558,62613,0.0,0.0
2022-11-07 00:00:00+02:00,1.1699999570846558,1.218000054359436,1.1399999856948853,1.1720000505447388,35326,0.0,0.0
2022-11-08 00:00:00+02:00,1.1959999799728394,1.2380000352859497,1.1799999475479126,1.2300000190734863,39442,0.0,0.0
2022-11-09 00:00:00+02:00,1.218000054359436,1.3359999656677246,1.2020000219345093,1.2599999904632568,68978,0.0,0.0
2022-11-10 00:00:00+02:00,1.2680000066757202,1.3240000009536743,1.2680000066757202,1.2879999876022339,37906,0.0,0.0
2022-11-11 00:00:00+02:00,1.350000023841858,1.3899999856948853,1.2960000038146973,1.3359999656677246,58140,0.0,0.0
2022-11-14 00:00:00+02:00,1.3179999589920044,1.3200000524520874,1.2740000486373901,1.2860000133514404,37784,0.0,0.0
2022-11-15 00:00:00+02:00,1.2760000228881836,1.2860000133514404,1.1859999895095825,1.222000002861023,168449,0.0,0.0
2022-11-16 00:00:00+02:00,1.2239999771118164,1.2400000095367432,1.190000057220459,1.1959999799728394,36319,0.0,0.0
2022-11-17 00:00:00+02:00,1.2400000095367432,1.281999945640564,1.2000000476837158,1.2000000476837158,28163,0.0,0.0
2022-11-18 00:00:00+02:00,1.2000000476837158,1.218000054359436,1.1699999570846558,1.1959999799728394,14827,0.0,0.0
2022-11-21 00:00:00+02:00,1.2000000476837158,1.2059999704360962,1.1640000343322754,1.1799999475479126,33469,0.0,0.0
2022-11-22 00:00:00+02:00,1.1779999732971191,1.1859999895095825,1.1399999856948853,1.1419999599456787,63109,0.0,0.0
2022-11-23 00:00:00+02:00,1.1440000534057617,1.1699999570846558,1.1440000534057617,1.1480000019073486,8863,0.0,0.0
2022-11-24 00:00:00+02:00,1.1519999504089355,1.1799999475479126,1.1519999504089355,1.1679999828338623,29277,0.0,0.0
2022-11-25 00:00:00+02:00,1.1679999828338623,1.1820000410079956,1.156000018119812,1.1619999408721924,184150,0.0,0.0
2022-11-28 00:00:00+02:00,1.1640000343322754,1.1699999570846558,1.1480000019073486,1.1480000019073486,7628,0.0,0.0
2022-11-29 00:00:00+02:00,1.149999976158142,1.1720000505447388,1.1440000534057617,1.1440000534057617,21951,0.0,0.0
2022-11-30 00:00:00+02:00,1.1440000534057617,1.149999976158142,1.1440000534057617,1.1480000019073486,28702,0.0,0.0
2022-12-01 00:00:00+02:00,1.149999976158142,1.1759999990463257,1.1480000019073486,1.1519999504089355,25431,0.0,0.0
2022-12-02 00:00:00+02:00,1.1460000276565552,1.1579999923706055,1.1440000534057617,1.149999976158142,58067,0.0,0.0
2022-12-05 00:00:00+02:00,1.1519999504089355,1.1540000438690186,1.1399999856948853,1.1399999856948853,34858,0.0,0.0
2022-12-07 00:00:00+02:00,1.149999976158142,1.149999976158142,1.1319999694824219,1.1319999694824219,63943,0.0,0.0
2022-12-08 00:00:00+02:00,1.1299999952316284,1.1299999952316284,1.1019999980926514,1.1100000143051147,33586,0.0,0.0
2022-12-09 00:00:00+02:00,1.1100000143051147,1.1440000534057617,1.1059999465942383,1.1100000143051147,35805,0.0,0.0
2022-12-12 00:00:00+02:00,1.1059999465942383,1.1399999856948853,1.100000023841858,1.1319999694824219,59394,0.0,0.0
2022-12-13 00:00:00+02:00,1.1339999437332153,1.1480000019073486,1.0920000076293945,1.1180000305175781,144178,0.0,0.0
2022-12-14 00:00:00+02:00,1.1180000305175781,1.121999979019165,1.100000023841858,1.1200000047683716,63168,0.0,0.0
2022-12-15 00:00:00+02:00,1.1200000047683716,1.121999979019165,1.100000023841858,1.1100000143051147,20085,0.0,0.0
2022-12-16 00:00:00+02:00,1.1180000305175781,1.1339999437332153,1.093999981880188,1.1059999465942383,53395,0.0,0.0
2022-12-19 00:00:00+02:00,1.100000023841858,1.1180000305175781,1.062000036239624,1.0820000171661377,141892,0.0,0.0
2022-12-20 00:00:00+02:00,1.0820000171661377,1.100000023841858,1.0800000429153442,1.090000033378601,85235,0.0,0.0
2022-12-21 00:00:00+02:00,1.0959999561309814,1.100000023841858,1.059999942779541,1.0759999752044678,87852,0.0,0.0
2022-12-22 00:00:00+02:00,1.0700000524520874,1.0800000429153442,1.0520000457763672,1.059999942779541,46546,0.0,0.0
2022-12-23 00:00:00+02:00,1.059999942779541,1.0779999494552612,1.0260000228881836,1.0299999713897705,113459,0.0,0.0
2022-12-27 00:00:00+02:00,1.027999997138977,1.0299999713897705,1.0,1.0099999904632568,158643,0.0,0.0
2022-12-28 00:00:00+02:00,1.0,1.0099999904632568,0.9800000190734863,1.0,137044,0.0,0.0
2022-12-29 00:00:00+02:00,1.0,1.0180000066757202,0.9890000224113464,1.0019999742507935,217400,0.0,0.0
2022-12-30 00:00:00+02:00,1.0,1.0260000228881836,0.9950000047683716,1.0160000324249268,192230,0.0,0.0
2023-01-02 00:00:00+02:00,1.0180000066757202,1.0640000104904175,1.0180000066757202,1.0499999523162842,107011,0.0,0.0
2023-01-03 00:00:00+02:00,1.059999942779541,1.1180000305175781,1.059999942779541,1.0820000171661377,137260,0.0,0.0
2023-01-04 00:00:00+02:00,1.1019999980926514,1.1019999980926514,1.0520000457763672,1.055999994277954,51627,0.0,0.0
2023-01-05 00:00:00+02:00,1.0839999914169312,1.0839999914169312,1.0299999713897705,1.0640000104904175,41743,0.0,0.0
2023-01-09 00:00:00+02:00,1.0640000104904175,1.1180000305175781,1.0119999647140503,1.1180000305175781,71419,0.0,0.0
2023-01-10 00:00:00+02:00,1.1200000047683716,1.1200000047683716,1.0540000200271606,1.055999994277954,30285,0.0,0.0
2023-01-11 00:00:00+02:00,1.0499999523162842,1.1180000305175781,1.0499999523162842,1.0959999561309814,21605,0.0,0.0
2023-01-12 00:00:00+02:00,1.0959999561309814,1.0959999561309814,1.0579999685287476,1.0700000524520874,50664,0.0,0.0
2023-01-13 00:00:00+02:00,1.0700000524520874,1.0800000429153442,1.0299999713897705,1.0779999494552612,43879,0.0,0.0
2023-01-16 00:00:00+02:00,1.0779999494552612,1.0779999494552612,1.031999945640564,1.0420000553131104,12565,0.0,0.0
2023-01-17 00:00:00+02:00,1.0460000038146973,1.0759999752044678,1.0399999618530273,1.0479999780654907,36169,0.0,0.0
2023-01-18 00:00:00+02:00,1.0399999618530273,1.0679999589920044,1.0399999618530273,1.065999984741211,33386,0.0,0.0
2023-01-19 00:00:00+02:00,1.0399999618530273,1.0640000104904175,1.034000039100647,1.0420000553131104,34323,0.0,0.0
2023-01-20 00:00:00+02:00,1.034000039100647,1.055999994277954,1.034000039100647,1.0420000553131104,5816,0.0,0.0
2023-01-23 00:00:00+02:00,1.0440000295639038,1.0499999523162842,1.0219999551773071,1.0299999713897705,37387,0.0,0.0
2023-01-24 00:00:00+02:00,1.0299999713897705,1.0520000457763672,1.0019999742507935,1.0499999523162842,29283,0.0,0.0
2023-01-25 00:00:00+02:00,1.0700000524520874,1.0880000591278076,1.0379999876022339,1.0399999618530273,51382,0.0,0.0
2023-01-26 00:00:00+02:00,1.0759999752044678,1.0759999752044678,1.031999945640564,1.031999945640564,41200,0.0,0.0
2023-01-27 00:00:00+02:00,1.0499999523162842,1.0700000524520874,1.0499999523162842,1.055999994277954,22518,0.0,0.0
2023-01-30 00:00:00+02:00,1.0700000524520874,1.090000033378601,1.055999994277954,1.055999994277954,23098,0.0,0.0
2023-01-31 00:00:00+02:00,1.055999994277954,1.1460000276565552,1.027999997138977,1.100000023841858,155990,0.0,0.0
2023-02-01 00:00:00+02:00,1.1119999885559082,1.1399999856948853,1.0759999752044678,1.0859999656677246,30299,0.0,0.0
2023-02-02 00:00:00+02:00,1.100000023841858,1.1039999723434448,1.0700000524520874,1.1039999723434448,54934,0.0,0.0
2023-02-03 00:00:00+02:00,1.1100000143051147,1.1100000143051147,1.0679999589920044,1.100000023841858,49074,0.0,0.0
2023-02-06 00:00:00+02:00,1.1200000047683716,1.1200000047683716,1.0700000524520874,1.0700000524520874,34040,0.0,0.0
2023-02-07 00:00:00+02:00,1.0820000171661377,1.093999981880188,1.0640000104904175,1.0640000104904175,53334,0.0,0.0
2023-02-08 00:00:00+02:00,1.0379999876022339,1.0700000524520874,1.0379999876022339,1.0499999523162842,207623,0.0,0.0
2023-02-09 00:00:00+02:00,1.0460000038146973,1.0579999685287476,1.0360000133514404,1.0379999876022339,48887,0.0,0.0
2023-02-10 00:00:00+02:00,1.0379999876022339,1.0959999561309814,1.031999945640564,1.034000039100647,1632732,0.0,0.0
2023-02-13 00:00:00+02:00,1.0299999713897705,1.0740000009536743,1.0299999713897705,1.0499999523162842,156525,0.0,0.0
2023-02-14 00:00:00+02:00,1.0499999523162842,1.1579999923706055,1.0420000553131104,1.149999976158142,98914,0.0,0.0
2023-02-15 00:00:00+02:00,1.2000000476837158,1.253999948501587,1.184000015258789,1.2100000381469727,295698,0.0,0.0
2023-02-16 00:00:00+02:00,1.2280000448226929,1.2280000448226929,1.1380000114440918,1.1419999599456787,71176,0.0,0.0
2023-02-17 00:00:00+02:00,1.149999976158142,1.1679999828338623,1.1399999856948853,1.1399999856948853,33121,0.0,0.0
2023-02-20 00:00:00+02:00,1.2280000448226929,1.3380000591278076,1.159999966621399,1.2940000295639038,137214,0.0,0.0
2023-02-21 00:00:00+02:00,1.2940000295639038,1.8880000114440918,1.2940000295639038,1.5479999780654907,286759,0.0,0.0
2023-02-22 00:00:00+02:00,1.4700000286102295,1.5180000066757202,1.3919999599456787,1.3919999599456787,185692,0.0,0.0
2023-02-23 00:00:00+02:00,1.3919999599456787,1.5379999876022339,1.3919999599456787,1.434000015258789,52477,0.0,0.0
2023-02-24 00:00:00+02:00,1.3980000019073486,1.3980000019073486,1.2799999713897705,1.3079999685287476,86458,0.0,0.0
2023-02-27 00:00:00+02:00,1.3380000591278076,1.3960000276565552,1.3200000524520874,1.378000020980835,60432,0.0,0.0
2023-02-28 00:00:00+02:00,1.378000020980835,1.378000020980835,1.309999942779541,1.3359999656677246,43273,0.0,0.0
2023-03-01 00:00:00+02:00,1.3519999980926514,1.3880000114440918,1.3259999752044678,1.350000023841858,39358,0.0,0.0
2023-03-02 00:00:00+02:00,1.3480000495910645,1.3480000495910645,1.2599999904632568,1.3240000009536743,38583,0.0,0.0
2023-03-03 00:00:00+02:00,1.3220000267028809,1.3220000267028809,1.2699999809265137,1.284000039100647,34529,0.0,0.0
2023-03-06 00:00:00+02:00,1.2259999513626099,1.2719999551773071,1.2259999513626099,1.2660000324249268,75889,0.0,0.0
2023-03-07 00:00:00+02:00,1.2660000324249268,1.3259999752044678,1.25,1.2920000553131104,38203,0.0,0.0
2023-03-08 00:00:00+02:00,1.2999999523162842,1.3220000267028809,1.2359999418258667,1.2860000133514404,20209,0.0,0.0
2023-03-09 00:00:00+02:00,1.284000039100647,1.284000039100647,1.2200000286102295,1.2339999675750732,35085,0.0,0.0
2023-03-10 00:00:00+02:00,1.2359999418258667,1.2680000066757202,1.2000000476837158,1.24399995803833,64437,0.0,0.0
2023-03-13 00:00:00+02:00,1.24399995803833,1.24399995803833,1.159999966621399,1.24399995803833,35882,0.0,0.0
2023-03-14 00:00:00+02:00,1.25,1.2799999713897705,1.190000057220459,1.277999997138977,12893,0.0,0.0
2023-03-15 00:00:00+02:00,1.2799999713897705,1.2799999713897705,1.1660000085830688,1.190000057220459,51071,0.0,0.0
2023-03-16 00:00:00+02:00,1.2020000219345093,1.2059999704360962,1.1679999828338623,1.190000057220459,27632,0.0,0.0
2023-03-17 00:00:00+02:00,1.2259999513626099,1.2259999513626099,1.1519999504089355,1.2000000476837158,12187,0.0,0.0
2023-03-20 00:00:00+02:00,1.1979999542236328,1.24399995803833,1.1319999694824219,1.2000000476837158,23427,0.0,0.0
2023-03-21 00:00:00+02:00,1.2000000476837158,1.2400000095367432,1.1540000438690186,1.2000000476837158,10690,0.0,0.0
2023-03-22 00:00:00+02:00,1.1779999732971191,1.2400000095367432,1.1740000247955322,1.1820000410079956,24696,0.0,0.0
2023-03-23 00:00:00+02:00,1.2000000476837158,1.399999976158142,1.2000000476837158,1.2699999809265137,226548,0.0,0.0
2023-03-24 00:00:00+02:00,1.2660000324249268,1.2699999809265137,1.187999963760376,1.1979999542236328,49177,0.0,0.0
2023-03-27 00:00:00+03:00,1.2000000476837158,1.25,1.2000000476837158,1.2400000095367432,40958,0.0,0.0
2023-03-28 00:00:00+03:00,1.2400000095367432,1.2860000133514404,1.2139999866485596,1.2339999675750732,18840,0.0,0.0
2023-03-29 00:00:00+03:00,1.25600004196167,1.25600004196167,1.1699999570846558,1.218000054359436,18649,0.0,0.0
2023-03-30 00:00:00+03:00,1.2400000095367432,1.2400000095367432,1.187999963760376,1.2020000219345093,27583,0.0,0.0
2023-03-31 00:00:00+03:00,1.2020000219345093,1.25,1.2020000219345093,1.215999960899353,11180,0.0,0.0
2023-04-03 00:00:00+03:00,1.2059999704360962,1.218000054359436,1.1740000247955322,1.187999963760376,47268,0.0,0.0
2023-04-04 00:00:00+03:00,1.215999960899353,1.2380000352859497,1.2000000476837158,1.2000000476837158,7228,0.0,0.0
2023-04-05 00:00:00+03:00,1.2319999933242798,1.2319999933242798,1.1799999475479126,1.1920000314712524,7303,0.0,0.0
2023-04-06 00:00:00+03:00,1.2200000286102295,1.222000002861023,1.1920000314712524,1.222000002861023,3946,0.0,0.0
2023-04-11 00:00:00+03:00,1.222000002861023,1.25,1.1959999799728394,1.2039999961853027,9693,0.0,0.0
2023-04-12 00:00:00+03:00,1.2039999961853027,1.2400000095367432,1.184000015258789,1.194000005722046,38937,0.0,0.0
2023-04-13 00:00:00+03:00,1.194000005722046,1.218000054359436,1.194000005722046,1.194000005722046,10803,0.0,0.0
2023-04-14 00:00:00+03:00,1.2000000476837158,1.2200000286102295,1.2000000476837158,1.2059999704360962,14868,0.0,0.0
2023-04-17 00:00:00+03:00,1.2059999704360962,1.2380000352859497,1.1820000410079956,1.2239999771118164,22590,0.0,0.0
2023-04-18 00:00:00+03:00,1.2239999771118164,1.2359999418258667,1.2000000476837158,1.2100000381469727,12802,0.0,0.0
2023-04-19 00:00:00+03:00,1.2100000381469727,1.2339999675750732,1.2000000476837158,1.2039999961853027,5306,0.0,0.0
2023-04-20 00:00:00+03:00,1.2039999961853027,1.2100000381469727,1.149999976158142,1.184000015258789,13558,0.0,0.0
2023-04-21 00:00:00+03:00,1.218000054359436,1.2200000286102295,1.1799999475479126,1.1799999475479126,8502,0.0,0.0
2023-04-24 00:00:00+03:00,1.1799999475479126,1.2000000476837158,1.0800000429153442,1.1979999542236328,4892,0.0,0.0
2023-04-25 00:00:00+03:00,1.187999963760376,1.187999963760376,1.121999979019165,1.149999976158142,24675,0.0,0.0
2023-04-26 00:00:00+03:00,1.1779999732971191,1.190000057220459,1.1339999437332153,1.184000015258789,21161,0.0,0.0
2023-04-27 00:00:00+03:00,1.184000015258789,1.184000015258789,1.0080000162124634,1.0820000171661377,119429,0.0,0.0
2023-04-28 00:00:00+03:00,1.090000033378601,1.1200000047683716,1.0700000524520874,1.0700000524520874,17642,0.0,0.0
2023-05-02 00:00:00+03:00,1.0700000524520874,1.0779999494552612,1.0299999713897705,1.0299999713897705,84039,0.0,0.0
2023-05-03 00:00:00+03:00,1.0299999713897705,1.0579999685287476,1.0019999742507935,1.0240000486373901,56826,0.0,0.0
2023-05-04 00:00:00+03:00,1.0299999713897705,1.0479999780654907,0.9900000095367432,1.0099999904632568,69143,0.0,0.0
2023-05-05 00:00:00+03:00,1.0099999904632568,1.0399999618530273,1.003999948501587,1.0119999647140503,16995,0.0,0.0
2023-05-08 00:00:00+03:00,1.0119999647140503,1.0499999523162842,1.0119999647140503,1.0160000324249268,32925,0.0,0.0
2023-05-09 00:00:00+03:00,1.0160000324249268,1.027999997138977,1.0019999742507935,1.003999948501587,67067,0.0,0.0
2023-05-10 00:00:00+03:00,1.003999948501587,1.0499999523162842,1.003999948501587,1.0199999809265137,12360,0.0,0.0
2023-05-11 00:00:00+03:00,1.0199999809265137,1.1160000562667847,1.003999948501587,1.0199999809265137,10970,0.0,0.0
2023-05-12 00:00:00+03:00,1.003999948501587,1.0679999589920044,1.003999948501587,1.0140000581741333,5937,0.0,0.0
2023-05-15 00:00:00+03:00,1.0140000581741333,1.065999984741211,1.0099999904632568,1.0119999647140503,45837,0.0,0.0
2023-05-16 00:00:00+03:00,1.0099999904632568,1.0160000324249268,1.0019999742507935,1.0019999742507935,22617,0.0,0.0
2023-05-17 00:00:00+03:00,1.059999942779541,1.059999942779541,1.0,1.0019999742507935,18095,0.0,0.0
2023-05-19 00:00:00+03:00,1.0019999742507935,1.034000039100647,1.0,1.0,68302,0.0,0.0
2023-05-22 00:00:00+03:00,1.0019999742507935,1.0420000553131104,1.0,1.0019999742507935,49166,0.0,0.0
2023-05-23 00:00:00+03:00,1.0579999685287476,1.0579999685287476,1.0,1.0,152877,0.0,0.0
2023-05-24 00:00:00+03:00,1.0019999742507935,1.034000039100647,0.9829999804496765,0.9990000128746033,134681,0.0,0.0
2023-05-25 00:00:00+03:00,1.0,1.0,0.9860000014305115,0.9990000128746033,15847,0.0,0.0
2023-05-26 00:00:00+03:00,0.9990000128746033,0.9990000128746033,0.9810000061988831,0.9919999837875366,9496,0.0,0.0
2023-05-29 00:00:00+03:00,0.9869999885559082,1.0399999618530273,0.9869999885559082,1.0140000581741333,13390,0.0,0.0
2023-05-30 00:00:00+03:00,1.0099999904632568,1.0180000066757202,0.9860000014305115,0.9900000095367432,12462,0.0,0.0
2023-05-31 00:00:00+03:00,0.9900000095367432,1.0,0.9589999914169312,0.9900000095367432,30700,0.0,0.0
2023-06-01 00:00:00+03:00,0.9900000095367432,1.0099999904632568,0.9599999785423279,0.9879999756813049,15978,0.0,0.0
2023-06-02 00:00:00+03:00,0.9959999918937683,0.9980000257492065,0.9800000190734863,0.9850000143051147,19805,0.0,0.0
2023-06-05 00:00:00+03:00,0.9850000143051147,0.9879999756813049,0.9599999785423279,0.9610000252723694,33889,0.0,0.0
2023-06-06 00:00:00+03:00,0.9850000143051147,0.9850000143051147,0.9599999785423279,0.9629999995231628,9699,0.0,0.0
2023-06-07 00:00:00+03:00,0.9679999947547913,0.9679999947547913,0.9419999718666077,0.9520000219345093,23762,0.0,0.0
2023-06-08 00:00:00+03:00,0.9520000219345093,0.972000002861023,0.9520000219345093,0.9520000219345093,27357,0.0,0.0
2023-06-09 00:00:00+03:00,0.9700000286102295,0.9700000286102295,0.9390000104904175,0.9520000219345093,17157,0.0,0.0
2023-06-12 00:00:00+03:00,0.949999988079071,0.949999988079071,0.9049999713897705,0.9139999747276306,111142,0.0,0.0
2023-06-13 00:00:00+03:00,0.9120000004768372,0.9200000166893005,0.8999999761581421,0.9070000052452087,31519,0.0,0.0
2023-06-14 00:00:00+03:00,0.9070000052452087,0.9490000009536743,0.9049999713897705,0.9049999713897705,19677,0.0,0.0
2023-06-15 00:00:00+03:00,0.9129999876022339,0.9399999976158142,0.9049999713897705,0.9100000262260437,39682,0.0,0.0
2023-06-16 00:00:00+03:00,0.9089999794960022,0.9459999799728394,0.906000018119812,0.9319999814033508,12474,0.0,0.0
2023-06-19 00:00:00+03:00,0.9319999814033508,0.9319999814033508,0.9049999713897705,0.9190000295639038,21482,0.0,0.0
2023-06-20 00:00:00+03:00,0.9200000166893005,0.9290000200271606,0.906000018119812,0.9120000004768372,23801,0.0,0.0
2023-06-21 00:00:00+03:00,0.9100000262260437,0.9100000262260437,0.8980000019073486,0.8999999761581421,57367,0.0,0.0
2023-06-22 00:00:00+03:00,0.8999999761581421,0.8999999761581421,0.8799999952316284,0.8899999856948853,27458,0.0,0.0
2023-06-26 00:00:00+03:00,0.8899999856948853,0.890999972820282,0.8600000143051147,0.8700000047683716,11839,0.0,0.0
2023-06-27 00:00:00+03:00,0.871999979019165,0.9179999828338623,0.8650000095367432,0.8700000047683716,13669,0.0,0.0
2023-06-28 00:00:00+03:00,0.8619999885559082,0.9200000166893005,0.8610000014305115,0.8700000047683716,32406,0.0,0.0
2023-06-29 00:00:00+03:00,0.8700000047683716,0.8700000047683716,0.8500000238418579,0.8600000143051147,31605,0.0,0.0
2023-06-30 00:00:00+03:00,0.8519999980926514,0.8960000276565552,0.8519999980926514,0.8690000176429749,86412,0.0,0.0
2023-07-03 00:00:00+03:00,0.8690000176429749,0.921999990940094,0.8399999737739563,0.8399999737739563,151056,0.0,0.0
2023-07-04 00:00:00+03:00,0.8399999737739563,0.8600000143051147,0.8080000281333923,0.824999988079071,78934,0.0,0.0
2023-07-05 00:00:00+03:00,0.8270000219345093,0.8479999899864197,0.8080000281333923,0.8230000138282776,158134,0.0,0.0
2023-07-06 00:00:00+03:00,0.8230000138282776,0.8560000061988831,0.8230000138282776,0.8379999995231628,40508,0.0,0.0
2023-07-07 00:00:00+03:00,0.8579999804496765,0.8579999804496765,0.8169999718666077,0.8399999737739563,48086,0.0,0.0
2023-07-10 00:00:00+03:00,0.8309999704360962,0.8379999995231628,0.8309999704360962,0.8379999995231628,14529,0.0,0.0
2023-07-11 00:00:00+03:00,0.8389999866485596,0.9470000267028809,0.8389999866485596,0.8999999761581421,91602,0.0,0.0
2023-07-12 00:00:00+03:00,0.902999997138977,0.9459999799728394,0.902999997138977,0.9279999732971191,35558,0.0,0.0
2023-07-13 00:00:00+03:00,0.9340000152587891,0.9470000267028809,0.8999999761581421,0.8999999761581421,28009,0.0,0.0
2023-07-14 00:00:00+03:00,0.9359999895095825,0.9459999799728394,0.8999999761581421,0.8999999761581421,19455,0.0,0.0
2023-07-17 00:00:00+03:00,0.8999999761581421,0.9290000200271606,0.8899999856948853,0.9100000262260437,22873,0.0,0.0
2023-07-18 00:00:00+03:00,0.8999999761581421,0.9290000200271606,0.8610000014305115,0.8700000047683716,53304,0.0,0.0
2023-07-19 00:00:00+03:00,0.8799999952316284,0.8899999856948853,0.8529999852180481,0.8610000014305115,5966,0.0,0.0
2023-07-20 00:00:00+03:00,0.8989999890327454,0.8989999890327454,0.8500000238418579,0.8550000190734863,11087,0.0,0.0
2023-07-21 00:00:00+03:00,0.8550000190734863,0.8690000176429749,0.8500000238418579,0.8579999804496765,34374,0.0,0.0
2023-07-24 00:00:00+03:00,0.859000027179718,0.8849999904632568,0.8460000157356262,0.875,25960,0.0,0.0
2023-07-25 00:00:00+03:00,0.8799999952316284,0.8799999952316284,0.8619999885559082,0.8650000095367432,8140,0.0,0.0
2023-07-26 00:00:00+03:00,0.8690000176429749,0.8690000176429749,0.8600000143051147,0.8600000143051147,10027,0.0,0.0
2023-07-27 00:00:00+03:00,0.8600000143051147,0.8790000081062317,0.8600000143051147,0.8650000095367432,32302,0.0,0.0
2023-07-28 00:00:00+03:00,0.8650000095367432,0.8989999890327454,0.8539999723434448,0.8539999723434448,10944,0.0,0.0
2023-07-31 00:00:00+03:00,0.8700000047683716,0.8790000081062317,0.8560000061988831,0.8579999804496765,13234,0.0,0.0
2023-08-01 00:00:00+03:00,0.8579999804496765,0.8889999985694885,0.8500000238418579,0.8539999723434448,57457,0.0,0.0
2023-08-02 00:00:00+03:00,0.8539999723434448,0.8730000257492065,0.8500000238418579,0.8500000238418579,17929,0.0,0.0
2023-08-03 00:00:00+03:00,0.8500000238418579,0.8500000238418579,0.8199999928474426,0.8399999737739563,14486,0.0,0.0
2023-08-04 00:00:00+03:00,0.8330000042915344,0.8790000081062317,0.8330000042915344,0.843999981880188,14381,0.0,0.0
2023-08-07 00:00:00+03:00,0.8489999771118164,0.8489999771118164,0.8309999704360962,0.8360000252723694,11840,0.0,0.0
2023-08-08 00:00:00+03:00,0.8399999737739563,0.8489999771118164,0.8209999799728394,0.8489999771118164,8126,0.0,0.0
2023-08-09 00:00:00+03:00,0.8399999737739563,0.8489999771118164,0.8309999704360962,0.8489999771118164,10008,0.0,0.0
2023-08-10 00:00:00+03:00,0.8320000171661377,0.8460000157356262,0.8149999976158142,0.8299999833106995,20406,0.0,0.0
2023-08-11 00:00:00+03:00,0.8299999833106995,0.8299999833106995,0.8199999928474426,0.8299999833106995,9692,0.0,0.0
2023-08-14 00:00:00+03:00,0.8299999833106995,0.8489999771118164,0.8100000023841858,0.8399999737739563,4780,0.0,0.0
2023-08-15 00:00:00+03:00,0.843999981880188,0.843999981880188,0.8080000281333923,0.8270000219345093,19735,0.0,0.0
2023-08-16 00:00:00+03:00,0.8270000219345093,0.8270000219345093,0.8029999732971191,0.8040000200271606,14226,0.0,0.0
2023-08-17 00:00:00+03:00,0.8100000023841858,0.8289999961853027,0.8029999732971191,0.8109999895095825,33667,0.0,0.0
2023-08-18 00:00:00+03:00,0.8109999895095825,0.8289999961853027,0.8009999990463257,0.8040000200271606,57294,0.0,0.0
2023-08-21 00:00:00+03:00,0.8040000200271606,0.8190000057220459,0.796999990940094,0.8119999766349792,9408,0.0,0.0
2023-08-22 00:00:00+03:00,0.8119999766349792,0.828000009059906,0.8090000152587891,0.8090000152587891,17628,0.0,0.0
2023-08-23 00:00:00+03:00,0.8289999961853027,0.8289999961853027,0.8109999895095825,0.8199999928474426,6419,0.0,0.0
2023-08-24 00:00:00+03:00,0.8190000057220459,0.8240000009536743,0.8159999847412109,0.8199999928474426,4522,0.0,0.0
2023-08-25 00:00:00+03:00,0.8199999928474426,0.8389999866485596,0.8159999847412109,0.8199999928474426,7166,0.0,0.0
2023-08-28 00:00:00+03:00,0.8199999928474426,0.8379999995231628,0.8040000200271606,0.8379999995231628,32856,0.0,0.0
2023-08-29 00:00:00+03:00,0.8460000157356262,0.8460000157356262,0.8270000219345093,0.8270000219345093,17424,0.0,0.0
2023-08-30 00:00:00+03:00,0.8270000219345093,0.8450000286102295,0.8220000267028809,0.8370000123977661,5311,0.0,0.0
2023-08-31 00:00:00+03:00,0.8899999856948853,0.9259999990463257,0.8830000162124634,0.9020000100135803,263180,0.0,0.0
2023-09-01 00:00:00+03:00,0.9100000262260437,0.9879999756813049,0.9100000262260437,0.9309999942779541,146873,0.0,0.0
2023-09-04 00:00:00+03:00,0.9290000200271606,0.9559999704360962,0.8880000114440918,0.8880000114440918,54939,0.0,0.0
2023-09-05 00:00:00+03:00,0.9100000262260437,0.9100000262260437,0.8799999952316284,0.8899999856948853,5516,0.0,0.0
2023-09-06 00:00:00+03:00,0.9559999704360962,1.1779999732971191,0.949999988079071,1.1339999437332153,511618,0.0,0.0
2023-09-07 00:00:00+03:00,1.1339999437332153,1.1360000371932983,0.9800000190734863,1.0199999809265137,270592,0.0,0.0
2023-09-08 00:00:00+03:00,1.059999942779541,1.0880000591278076,0.996999979019165,1.0839999914169312,768993,0.0,0.0
2023-09-11 00:00:00+03:00,1.100000023841858,1.1460000276565552,1.059999942779541,1.0740000009536743,86051,0.0,0.0
2023-09-12 00:00:00+03:00,1.1039999723434448,1.1039999723434448,1.0080000162124634,1.0579999685287476,50365,0.0,0.0
2023-09-13 00:00:00+03:00,1.0399999618530273,1.062000036239624,1.0240000486373901,1.0299999713897705,21587,0.0,0.0
2023-09-14 00:00:00+03:00,1.0160000324249268,1.0720000267028809,1.0160000324249268,1.0260000228881836,26719,0.0,0.0
2023-09-15 00:00:00+03:00,1.0759999752044678,1.0759999752044678,1.0260000228881836,1.034000039100647,698567,0.0,0.0
2023-09-18 00:00:00+03:00,1.065999984741211,1.065999984741211,1.0140000581741333,1.0440000295639038,34791,0.0,0.0
2023-09-19 00:00:00+03:00,1.0119999647140503,1.065999984741211,1.0119999647140503,1.0299999713897705,28416,0.0,0.0
2023-09-20 00:00:00+03:00,1.0299999713897705,1.0679999589920044,1.0299999713897705,1.0499999523162842,31660,0.0,0.0
2023-09-21 00:00:00+03:00,1.0640000104904175,1.0640000104904175,1.0420000553131104,1.0499999523162842,25618,0.0,0.0
2023-09-22 00:00:00+03:00,1.100000023841858,1.100000023841858,1.059999942779541,1.0700000524520874,31025,0.0,0.0
2023-09-25 00:00:00+03:00,1.0679999589920044,1.0679999589920044,1.0420000553131104,1.0479999780654907,28247,0.0,0.0
2023-09-26 00:00:00+03:00,1.0679999589920044,1.0679999589920044,1.0399999618530273,1.0579999685287476,19201,0.0,0.0
2023-09-27 00:00:00+03:00,1.0299999713897705,1.059999942779541,0.9990000128746033,1.055999994277954,43802,0.0,0.0
2023-09-28 00:00:00+03:00,1.0759999752044678,1.0759999752044678,0.9829999804496765,1.027999997138977,54463,0.0,0.0
2023-09-29 00:00:00+03:00,1.0199999809265137,1.0479999780654907,0.9980000257492065,1.031999945640564,48496,0.0,0.0
2023-10-02 00:00:00+03:00,1.0859999656677246,1.0859999656677246,1.0299999713897705,1.0679999589920044,54347,0.0,0.0
2023-10-03 00:00:00+03:00,1.065999984741211,1.1399999856948853,1.0499999523162842,1.0820000171661377,130549,0.0,0.0
2023-10-04 00:00:00+03:00,1.0839999914169312,1.1239999532699585,1.0520000457763672,1.0520000457763672,48254,0.0,0.0
2023-10-05 00:00:00+03:00,1.0520000457763672,1.1059999465942383,1.0499999523162842,1.090000033378601,50687,0.0,0.0
2023-10-06 00:00:00+03:00,1.090000033378601,1.1200000047683716,1.059999942779541,1.100000023841858,36794,0.0,0.0
2023-10-09 00:00:00+03:00,1.0779999494552612,1.100000023841858,1.0499999523162842,1.0740000009536743,30857,0.0,0.0
2023-10-10 00:00:00+03:00,1.0740000009536743,1.0959999561309814,1.065999984741211,1.0800000429153442,24814,0.0,0.0
2023-10-11 00:00:00+03:00,1.0679999589920044,1.0959999561309814,1.0520000457763672,1.0880000591278076,29119,0.0,0.0
2023-10-12 00:00:00+03:00,1.0540000200271606,1.128000020980835,1.0540000200271606,1.1239999532699585,55145,0.0,0.0
2023-10-13 00:00:00+03:00,1.1239999532699585,1.1979999542236328,1.1119999885559082,1.1160000562667847,24717,0.0,0.0
2023-10-16 00:00:00+03:00,1.1160000562667847,1.1679999828338623,1.100000023841858,1.1299999952316284,15668,0.0,0.0
2023-10-17 00:00:00+03:00,1.1799999475479126,1.1799999475479126,1.0820000171661377,1.090000033378601,35902,0.0,0.0
2023-10-18 00:00:00+03:00,1.090000033378601,1.100000023841858,1.0440000295639038,1.0740000009536743,38993,0.0,0.0
2023-10-19 00:00:00+03:00,1.0740000009536743,1.0980000495910645,1.0219999551773071,1.055999994277954,58856,0.0,0.0
2023-10-20 00:00:00+03:00,1.0579999685287476,1.0880000591278076,1.0,1.0479999780654907,69543,0.0,0.0
2023-10-23 00:00:00+03:00,1.0499999523162842,1.0579999685287476,1.0260000228881836,1.0399999618530273,29386,0.0,0.0
2023-10-24 00:00:00+03:00,1.0399999618530273,1.059999942779541,1.0240000486373901,1.0440000295639038,44709,0.0,0.0
2023-10-25 00:00:00+03:00,1.100000023841858,1.1399999856948853,1.0219999551773071,1.0299999713897705,68375,0.0,0.0
2023-10-26 00:00:00+03:00,1.027999997138977,1.0299999713897705,1.0119999647140503,1.0199999809265137,16181,0.0,0.0
2023-10-27 00:00:00+03:00,1.0299999713897705,1.100000023841858,1.0099999904632568,1.0199999809265137,41913,0.0,0.0
2023-10-30 00:00:00+02:00,1.00600004196167,1.0880000591278076,1.00600004196167,1.027999997138977,47880,0.0,0.0
2023-10-31 00:00:00+02:00,1.027999997138977,1.0720000267028809,1.003999948501587,1.055999994277954,50684,0.0,0.0
2023-11-01 00:00:00+02:00,1.0479999780654907,1.1200000047683716,1.0180000066757202,1.0800000429153442,52518,0.0,0.0
2023-11-02 00:00:00+02:00,1.0779999494552612,1.1180000305175781,1.0399999618530273,1.062000036239624,44630,0.0,0.0
2023-11-03 00:00:00+02:00,1.062000036239624,1.1100000143051147,1.0499999523162842,1.059999942779541,10178,0.0,0.0
2023-11-06 00:00:00+02:00,1.0679999589920044,1.0800000429153442,1.0240000486373901,1.0240000486373901,24452,0.0,0.0
2023-11-07 00:00:00+02:00,1.0240000486373901,1.0379999876022339,1.0019999742507935,1.0379999876022339,38250,0.0,0.0
2023-11-08 00:00:00+02:00,1.0379999876022339,1.0379999876022339,1.0019999742507935,1.0260000228881836,7556,0.0,0.0
2023-11-09 00:00:00+02:00,1.0199999809265137,1.059999942779541,1.0160000324249268,1.0260000228881836,15453,0.0,0.0
2023-11-10 00:00:00+02:00,1.0499999523162842,1.0499999523162842,1.0099999904632568,1.0099999904632568,12180,0.0,0.0
2023-11-13 00:00:00+02:00,1.0299999713897705,1.0299999713897705,1.0,1.0119999647140503,18722,0.0,0.0
