Date,Open,High,Low,Close,Volume,Dividends,Stock Splits
2021-10-11 00:00:00+03:00,45.85649835699998,51.248306012260336,39.932634296912546,41.74732208251953,76776,0.0,0.0
2021-10-12 00:00:00+03:00,41.538304448627066,41.538304448627066,38.041941942236136,39.42908477783203,12148,0.0,0.0
2021-10-13 00:00:00+03:00,39.433830986184276,39.433830986184276,38.02293442972159,38.117942810058594,9459,0.0,0.0
2021-10-14 00:00:00+03:00,38.00393717904067,39.14405601927947,38.00393717904067,38.764015197753906,7477,0.0,0.0
2021-10-15 00:00:00+03:00,38.95403289794922,39.33407369303011,38.57399210286832,38.95403289794922,5355,0.0,0.0
2021-10-18 00:00:00+03:00,38.95403012034922,40.66420632759464,38.95403012034922,40.474185943603516,8907,0.0,0.0
2021-10-19 00:00:00+03:00,40.47418712662778,42.1843670081976,40.47418712662778,41.994346618652344,2760,0.0,0.0
2021-10-20 00:00:00+03:00,42.75442340157249,42.75442340157249,41.044247190377064,41.804325103759766,1650,0.0,0.0
2021-10-21 00:00:00+03:00,41.61430806303804,41.61430806303804,40.664209688884945,41.04425048828125,1423,0.0,0.0
2021-10-22 00:00:00+03:00,41.61430740356445,41.8043278002513,40.85422944115468,41.61430740356445,3027,0.0,0.0
2021-10-25 00:00:00+03:00,41.614309188510695,41.99434999818533,41.23427200317383,41.23427200317383,2278,0.0,0.0
2021-10-26 00:00:00+03:00,41.04425164911421,41.04425164911421,39.52409203287278,39.90413284301758,3304,0.0,0.0
2021-10-27 00:00:00+03:00,39.714111328125,40.09415212764947,39.14405375317597,39.714111328125,2114,0.0,0.0
2021-10-28 00:00:00+03:00,39.71410926851483,39.71410926851483,38.9540313332219,39.33407211303711,840,0.0,0.0
2021-10-29 00:00:00+03:00,39.33407304316898,39.90413060203444,38.00393390669947,39.52408981323242,4566,0.0,0.0
2021-11-01 00:00:00+02:00,39.714112437945175,40.09415324808998,38.00393604096912,39.90413284301758,2542,0.0,0.0
2021-11-02 00:00:00+02:00,39.90413126300843,40.47418883131636,39.52409046791139,40.28417205810547,3144,0.0,0.0
2021-11-03 00:00:00+02:00,40.284170438237645,40.47418720380776,38.9540313332219,39.33407211303711,1289,0.0,0.0
2021-11-04 00:00:00+02:00,39.33407306597435,40.85422897338867,38.954032276951985,40.85422897338867,9227,0.0,0.0
2021-11-05 00:00:00+02:00,40.66420922886488,40.66420922886488,38.383975331295545,40.28417205810547,9200,0.0,0.0
2021-11-08 00:00:00+02:00,40.28417139083647,40.854228949701934,39.14405264876797,39.52408981323242,1685,0.0,0.0
2021-11-09 00:00:00+02:00,39.33407530415611,39.33407530415611,38.19395649655171,38.57399368286133,4348,0.0,0.0
2021-11-10 00:00:00+02:00,39.1440544128418,39.714111997397595,38.76401360691278,39.1440544128418,2718,0.0,0.0
2021-11-11 00:00:00+02:00,38.95403289794922,39.14405329548967,38.57399210286832,38.95403289794922,2681,0.0,0.0
2021-11-12 00:00:00+02:00,38.95403444199335,39.90413284301758,38.57399363184855,39.90413284301758,5503,0.0,0.0
2021-11-15 00:00:00+02:00,39.90413172788724,39.90413172788724,39.3340741529382,39.714111328125,985,0.0,0.0
2021-11-16 00:00:00+02:00,39.714111997397595,39.714111997397595,38.95403400987729,39.1440544128418,2146,0.0,0.0
2021-11-17 00:00:00+02:00,38.76401360691278,39.334074815806304,38.76401360691278,39.1440544128418,1079,0.0,0.0
2021-11-18 00:00:00+02:00,39.1440528285937,39.239061214061884,38.81151623077989,38.85902404785156,1466,0.0,0.0
2021-11-19 00:00:00+02:00,38.764012953651495,39.714111328125,38.33646796027089,39.714111328125,5376,0.0,0.0
2021-11-22 00:00:00+02:00,39.85662706970571,40.66420922886488,39.00153709290619,40.28417205810547,5285,0.0,0.0
2021-11-23 00:00:00+02:00,40.37918206977719,40.37918206977719,39.096550677295845,39.23906326293945,2688,0.0,0.0
2021-11-24 00:00:00+02:00,39.28656743261672,39.90413284301758,37.71890724552941,39.90413284301758,4041,0.0,0.0
2021-11-25 00:00:00+02:00,39.90413216521096,39.90413216521096,38.90652958594823,39.09654998779297,1036,0.0,0.0
2021-11-26 00:00:00+02:00,37.62389217361706,38.24145753383637,36.103736305236815,38.00393295288086,4027,0.0,0.0
2021-11-29 00:00:00+02:00,38.0039340725432,38.19395446777344,36.436270342315765,38.19395446777344,1732,0.0,0.0
2021-11-30 00:00:00+02:00,37.81391413532478,37.86141832862332,37.29136076036552,37.62389373779297,878,0.0,0.0
2021-12-01 00:00:00+02:00,37.62389217361706,38.00393295288086,37.62389217361706,38.00393295288086,768,0.0,0.0
2021-12-02 00:00:00+02:00,38.24145841433723,38.24145841433723,36.15124132893452,37.481380462646484,1448,0.0,0.0
2021-12-03 00:00:00+02:00,37.386370053848545,38.241460051314895,36.19874707088845,36.43627166748047,3605,0.0,0.0
2021-12-07 00:00:00+02:00,36.48377902326448,37.433877397575145,36.34126281738281,36.34126281738281,2081,0.0,0.0
2021-12-08 00:00:00+02:00,36.34126305950502,37.33886563431017,35.153640083704204,35.723697662353516,3033,0.0,0.0
2021-12-09 00:00:00+02:00,36.34126615524292,37.338868815029045,34.013524199516624,34.20354461669922,9003,0.0,0.0
2021-12-10 00:00:00+02:00,34.06102706947514,34.678592495151335,33.25344485836429,33.96601867675781,4695,0.0,0.0
2021-12-13 00:00:00+02:00,33.77599427704091,35.438666323548354,33.49096550822141,34.583580017089844,2877,0.0,0.0
2021-12-14 00:00:00+02:00,34.53607467956863,35.05863168828547,33.20593912154332,33.68098831176758,2518,0.0,0.0
2021-12-15 00:00:00+02:00,33.63348457745213,34.203542163780035,33.2534437703417,33.775997161865234,3658,0.0,0.0
2021-12-16 00:00:00+02:00,33.8235008832978,34.58358248688105,33.8235008832978,34.3460578918457,1448,0.0,0.0
2021-12-17 00:00:00+02:00,34.48857119171573,34.631087401436716,33.72849319665858,33.82350158691406,1141,0.0,0.0
2021-12-20 00:00:00+02:00,33.72849341543932,33.72849341543932,32.82589920480648,33.1584358215332,2493,0.0,0.0
2021-12-21 00:00:00+02:00,33.15843492738843,34.15603750199184,33.15843492738843,33.68098831176758,463,0.0,0.0
2021-12-22 00:00:00+02:00,33.72849116509776,34.1085319519043,33.538470771694485,34.1085319519043,1205,0.0,0.0
2021-12-23 00:00:00+02:00,34.1085321949447,34.916114342241094,33.63348302022033,34.82110595703125,2920,0.0,0.0
2021-12-27 00:00:00+02:00,33.823501539337954,36.10373914563978,33.823501539337954,35.15364074707031,3162,0.0,0.0
2021-12-28 00:00:00+02:00,34.77359820087473,36.531282325029956,34.77359820087473,36.19874572753906,5936,0.0,0.0
2021-12-29 00:00:00+02:00,36.05623356827965,36.05623356827965,35.58118438720703,35.58118438720703,972,0.0,0.0
2021-12-30 00:00:00+02:00,35.53368042515824,36.00872960932165,35.15363962809245,35.62868881225586,1064,0.0,0.0
2022-01-03 00:00:00+02:00,35.67619323730469,37.861418773768605,35.62868904344762,35.67619323730469,773,0.0,0.0
2022-01-04 00:00:00+02:00,36.15124241100356,37.52888577836815,35.343660242723104,37.00633239746094,8989,0.0,0.0
2022-01-05 00:00:00+02:00,37.053835702755244,37.2438560978933,36.721302729516836,36.86381530761719,260,0.0,0.0
2022-01-07 00:00:00+02:00,36.67379556503471,36.67379556503471,36.2462541987886,36.293758392333984,776,0.0,0.0
2022-01-10 00:00:00+02:00,37.05383781648608,37.05383781648608,34.15603840442332,34.536075592041016,2099,0.0,0.0
2022-01-11 00:00:00+02:00,34.63108405677845,35.53367817438435,34.63108405677845,35.2486457824707,732,0.0,0.0
2022-01-12 00:00:00+02:00,35.248646886233516,35.248646886233516,34.488568940783644,34.773597717285156,367,0.0,0.0
2022-01-13 00:00:00+02:00,35.96122203190666,35.96122203190666,34.86861107562715,35.01112365722656,737,0.0,0.0
2022-01-14 00:00:00+02:00,35.72369605518188,35.72369605518188,34.726093525257824,34.773597717285156,431,0.0,0.0
2022-01-17 00:00:00+02:00,34.77359750668671,36.38876539619675,34.726093314947086,35.39116287231445,637,0.0,0.0
2022-01-18 00:00:00+02:00,35.29615583053032,37.053836362073085,35.29615583053032,36.293758392333984,2131,0.0,0.0
2022-01-19 00:00:00+02:00,35.628686594659044,36.531280713257885,35.628686594659044,35.91371536254883,889,0.0,0.0
2022-01-20 00:00:00+02:00,35.62868904344762,36.103738230693594,35.39116444982464,35.67619323730469,745,0.0,0.0
2022-01-21 00:00:00+02:00,35.628690179136335,36.10373938152482,33.96601797077664,35.20114517211914,3194,0.0,0.0
2022-01-24 00:00:00+02:00,34.203543512856754,34.29855190621287,32.54087125875955,34.01352310180664,4138,0.0,0.0
2022-01-25 00:00:00+02:00,32.63587621584468,35.771203607204434,32.63587621584468,34.0610237121582,845,0.0,0.0
2022-01-26 00:00:00+02:00,34.44106694814321,35.15364074707031,34.44106694814321,35.15364074707031,555,0.0,0.0
2022-01-27 00:00:00+02:00,34.678591496929386,37.861419677734375,34.441066897635345,37.861419677734375,671,0.0,0.0
2022-01-28 00:00:00+02:00,37.86141621165942,37.86141621165942,34.86860870913785,36.57878494262695,1582,0.0,0.0
2022-01-31 00:00:00+02:00,36.57878848780697,38.57399368286133,36.57878848780697,38.57399368286133,933,0.0,0.0
2022-02-01 00:00:00+02:00,36.19874446498214,38.00393271886312,36.05623189188888,37.95642852783203,3146,0.0,0.0
2022-02-02 00:00:00+02:00,38.28896172515997,38.573990497439084,37.90892457023365,38.00393295288086,3262,0.0,0.0
2022-02-03 00:00:00+02:00,38.28896172515997,38.28896172515997,37.33886340133795,38.00393295288086,955,0.0,0.0
2022-02-04 00:00:00+02:00,38.00393295288086,38.00393295288086,37.33886340133795,38.00393295288086,814,0.0,0.0
2022-02-07 00:00:00+02:00,37.43387517781515,38.05143690989421,37.19635059832226,37.95642852783203,705,0.0,0.0
2022-02-08 00:00:00+02:00,38.43148201232459,39.04904381391092,38.00393699624921,38.05144119262695,958,0.0,0.0
2022-02-09 00:00:00+02:00,38.90652983355081,38.90652983355081,37.62389483118938,38.47898483276367,1444,0.0,0.0
2022-02-10 00:00:00+02:00,38.09894334635422,38.52648833950705,37.67140197753906,37.67140197753906,1351,0.0,0.0
2022-02-11 00:00:00+02:00,37.67139863371102,37.95642739573366,37.10133748532839,37.76640701293945,400,0.0,0.0
2022-02-14 00:00:00+02:00,37.10134055303835,37.528885543592374,36.19874637838822,36.95882797241211,1148,0.0,0.0
2022-02-15 00:00:00+02:00,36.81631199776622,38.05143915927536,35.7712052359518,37.00633239746094,3073,0.0,0.0
2022-02-16 00:00:00+02:00,36.1037357875279,37.813912021017,36.1037357875279,36.57878494262695,308,0.0,0.0
2022-02-17 00:00:00+02:00,35.913718279845575,37.81391505258172,35.913718279845575,36.43627166748047,141,0.0,0.0
2022-02-18 00:00:00+02:00,36.19874572753906,36.578786517717916,36.19874572753906,36.19874572753906,234,0.0,0.0
2022-02-21 00:00:00+02:00,36.198745964665996,37.006331743001915,36.103737578667705,36.911319732666016,712,0.0,0.0
2022-02-22 00:00:00+02:00,36.05623293115059,36.81631088256836,34.77359799031664,36.81631088256836,1114,0.0,0.0
2022-02-23 00:00:00+02:00,37.861416754572566,38.00393295288086,36.53128127582422,38.00393295288086,998,0.0,0.0
2022-02-24 00:00:00+02:00,36.67379556503471,36.67379556503471,34.77359882851814,36.293758392333984,1406,0.0,0.0
2022-02-25 00:00:00+02:00,36.38876791617643,37.76641131805478,35.43866951823794,35.81871032714844,551,0.0,0.0
2022-02-28 00:00:00+02:00,35.153639401031555,37.90892610111773,35.0586310145476,36.246253967285156,464,0.0,0.0
2022-03-01 00:00:00+02:00,36.24625442301975,37.243856990994914,35.7712052359518,37.00633239746094,1316,0.0,0.0
2022-03-02 00:00:00+02:00,36.76880893310379,37.908927741947664,35.10613672730499,36.53128433227539,1006,0.0,0.0
2022-03-03 00:00:00+02:00,37.90892457023365,39.904129600524904,37.101338820382445,38.00393295288086,865,0.0,0.0
2022-03-04 00:00:00+02:00,38.00393565583226,38.0514398505345,35.5811854826405,37.81391525268555,1071,0.0,0.0
2022-03-07 00:00:00+02:00,35.29615626912579,37.671402219286676,35.20114425651674,37.053836822509766,921,0.0,0.0
2022-03-08 00:00:00+02:00,37.00633422943404,37.05383842562497,36.19874839683694,36.673797607421875,745,0.0,0.0
2022-03-09 00:00:00+02:00,37.71890418060175,39.99913798317211,36.151240496560426,38.00393295288086,2476,0.0,0.0
2022-03-10 00:00:00+02:00,39.2865642403056,39.2865642403056,37.90892457023365,38.00393295288086,264,0.0,0.0
2022-03-11 00:00:00+02:00,38.9540310368347,39.33407181375831,37.95642852783203,37.95642852783203,552,0.0,0.0
2022-03-14 00:00:00+02:00,39.52409093536782,39.52409093536782,38.003934985675855,39.049041748046875,321,0.0,0.0
2022-03-15 00:00:00+02:00,38.051437172283954,38.7640109156763,38.051437172283954,38.669002532958984,116,0.0,0.0
2022-03-16 00:00:00+02:00,39.61910224600204,39.61910224600204,38.906528477636314,39.571598052978516,714,0.0,0.0
2022-03-17 00:00:00+02:00,38.2414606660831,39.761616658974894,38.2414606660831,39.23906326293945,729,0.0,0.0
2022-03-18 00:00:00+02:00,39.524091361521485,39.524091361521485,38.43148039350525,39.09654998779297,262,0.0,0.0
2022-03-21 00:00:00+02:00,38.52648923577402,39.191558837890625,38.14645205194864,39.191558837890625,1034,0.0,0.0
2022-03-22 00:00:00+02:00,38.95403426115615,38.95403426115615,38.5264892578125,38.5264892578125,282,0.0,0.0
2022-03-23 00:00:00+02:00,38.954034493508715,39.0015386887552,38.09894448172098,38.57399368286133,255,0.0,0.0
2022-03-24 00:00:00+02:00,38.05144119262695,38.669006618551144,38.00393699624921,38.05144119262695,274,0.0,0.0
2022-03-25 00:00:00+02:00,39.66660619734389,39.66660619734389,38.57399164277184,38.85902404785156,425,0.0,0.0
2022-03-28 00:00:00+03:00,38.9065280618511,39.52408981323242,38.9065280618511,39.52408981323242,442,0.0,0.0
2022-03-29 00:00:00+03:00,38.95403529794007,41.85183475987047,38.95403529794007,40.04664993286133,548,0.0,0.0
2022-03-30 00:00:00+03:00,40.09415412908881,40.09415412908881,38.24146148151433,40.04664993286133,325,0.0,0.0
2022-03-31 00:00:00+03:00,40.33167787456265,40.52169827975857,39.23906326293945,39.23906326293945,117,0.0,0.0
2022-04-01 00:00:00+03:00,41.091752428282135,41.091752428282135,38.859022821220286,40.664207458496094,195,0.0,0.0
2022-04-04 00:00:00+03:00,40.75922057668157,41.139257741258014,38.71650767885948,40.18915939331055,1716,0.0,0.0
2022-04-05 00:00:00+03:00,41.186764441892144,41.80432985540022,40.18916184066492,40.61670684814453,1967,0.0,0.0
2022-04-06 00:00:00+03:00,42.35949820176496,42.35949820176496,38.825504302978516,38.825504302978516,977,0.8,0.0
2022-04-07 00:00:00+03:00,42.214262588413156,42.214262588413156,39.30961139122542,39.4548454284668,1201,0.0,0.0
2022-04-08 00:00:00+03:00,42.45631544635339,45.89348887042768,42.26267499439558,44.634803771972656,3305,0.0,0.0
2022-04-11 00:00:00+03:00,44.392751750991884,44.392751750991884,41.48810050377004,42.1174430847168,932,0.0,0.0
2022-04-12 00:00:00+03:00,42.64996268196286,46.426010864011204,42.64996268196286,45.11891555786133,1928,0.0,0.0
2022-04-13 00:00:00+03:00,45.11891495826985,46.377600131195884,43.618179206075446,45.0220947265625,1673,0.0,0.0
2022-04-14 00:00:00+03:00,44.53798720524043,46.232367153265876,44.53798720524043,46.03872299194336,3957,0.0,0.0
2022-04-19 00:00:00+03:00,46.038723133567075,46.038723133567075,44.05387878417969,44.05387878417969,974,0.0,0.0
2022-04-20 00:00:00+03:00,44.05387601877113,44.48957443237305,44.05387601877113,44.48957443237305,219,0.0,0.0
2022-04-21 00:00:00+03:00,44.053878203682274,44.537986755371094,44.053878203682274,44.537986755371094,219,0.0,0.0
2022-04-22 00:00:00+03:00,44.53798719518911,44.53798719518911,42.79519713059013,42.89201736450195,161,0.0,0.0
2022-04-25 00:00:00+03:00,42.698371285471445,43.521358010579036,42.21426275074521,42.6015510559082,318,0.0,0.0
2022-04-26 00:00:00+03:00,44.48957443237305,44.48957443237305,43.76341164085484,44.48957443237305,105,0.0,0.0
2022-04-27 00:00:00+03:00,42.60154962993593,43.32771240771893,41.82697673899171,43.230892181396484,258,0.0,0.0
2022-04-28 00:00:00+03:00,43.230895723465224,43.424536191975804,41.488101959228516,41.488101959228516,787,0.0,0.0
2022-04-29 00:00:00+03:00,41.58492445771822,42.69837188720703,41.58492445771822,42.69837188720703,148,0.0,0.0
2022-05-02 00:00:00+03:00,42.69837244137307,42.69837244137307,40.713528133954156,41.63333511352539,439,0.0,0.0
2022-05-03 00:00:00+03:00,40.761935582293,41.63333238874163,39.696898324149,40.66511535644531,382,0.0,0.0
2022-05-04 00:00:00+03:00,40.71352870448882,41.149227142333984,40.71352870448882,41.149227142333984,293,0.0,0.0
2022-05-05 00:00:00+03:00,41.39128008887613,42.26267693655028,40.665117280299356,40.95558166503906,239,0.0,0.0
2022-05-06 00:00:00+03:00,40.66511535644531,40.66511535644531,39.79371854999668,40.66511535644531,961,0.0,0.0
2022-05-09 00:00:00+03:00,40.277827952164536,40.277827952164536,37.85728531817737,38.535037994384766,855,0.0,0.0
2022-05-10 00:00:00+03:00,35.67879751049945,37.37317738102299,34.61376021212379,36.06608581542969,3373,0.0,0.0
2022-05-11 00:00:00+03:00,35.72721277722457,36.792250119079014,34.71058185864379,35.436744689941406,1100,0.0,0.0
2022-05-12 00:00:00+03:00,34.08124237771071,35.727212172831656,33.88759822061617,35.33992385864258,1161,0.0,0.0
2022-05-13 00:00:00+03:00,33.936006957447596,35.96926498413086,33.936006957447596,35.96926498413086,351,0.0,0.0
2022-05-16 00:00:00+03:00,36.01767492554728,36.74383771157261,35.146278104934915,35.38833236694336,633,0.0,0.0
2022-05-17 00:00:00+03:00,34.85581420898438,36.30813980102539,34.85581420898438,36.30813980102539,899,0.0,0.0
2022-05-18 00:00:00+03:00,35.291511565891724,37.37317596925589,35.291511565891724,37.2763557434082,841,0.0,0.0
2022-05-19 00:00:00+03:00,37.47000297521108,39.212793038218656,35.63038898492493,36.017677307128906,661,0.0,0.0
2022-05-20 00:00:00+03:00,36.30813919686958,36.985891867235466,36.21131896972656,36.21131896972656,481,0.0,0.0
2022-05-23 00:00:00+03:00,37.51841055719476,37.51841055719476,36.7922477722168,36.7922477722168,70,0.0,0.0
2022-05-24 00:00:00+03:00,36.840660095214844,37.324768647565776,36.840660095214844,36.840660095214844,182,0.0,0.0
2022-05-25 00:00:00+03:00,36.98589324951172,36.98589324951172,36.98589324951172,36.98589324951172,22,0.0,0.0
2022-05-27 00:00:00+03:00,36.98589192023524,36.98589192023524,36.30813924889816,36.7922477722168,139,0.0,0.0
2022-05-30 00:00:00+03:00,36.792248261080815,37.71205520629883,36.792248261080815,37.71205520629883,554,0.0,0.0
2022-05-31 00:00:00+03:00,37.7120547052132,37.76046481885408,36.7922477722168,36.7922477722168,281,0.0,0.0
2022-06-01 00:00:00+03:00,36.792248535309064,37.470001220703125,36.45337403933953,37.470001220703125,59,0.0,0.0
2022-06-02 00:00:00+03:00,36.7922506952948,36.93748474121094,36.743840577807816,36.93748474121094,83,0.0,0.0
2022-06-03 00:00:00+03:00,37.76046781885518,37.76046781885518,36.93748474121094,36.93748474121094,247,0.0,0.0
2022-06-06 00:00:00+03:00,36.88906777965245,37.615230560302734,36.79224755294771,37.615230560302734,120,0.0,0.0
2022-06-07 00:00:00+03:00,36.40496179394427,37.421592712402344,33.839188673075476,37.421592712402344,1825,0.0,0.0
2022-06-08 00:00:00+03:00,37.37317675574069,37.37317675574069,35.872441062790735,35.96926498413086,367,0.0,0.0
2022-06-09 00:00:00+03:00,35.824031829833984,35.824031829833984,35.824031829833984,35.824031829833984,36,0.0,0.0
2022-06-10 00:00:00+03:00,35.82403299543593,35.82403299543593,34.85581588745117,34.85581588745117,560,0.0,0.0
2022-06-13 00:00:00+03:00,34.37170498090493,35.77562043008358,34.226470947265625,34.226470947265625,275,0.0,0.0
2022-06-14 00:00:00+03:00,34.80740606377367,34.85581618088942,34.61376190185547,34.61376190185547,335,0.0,0.0
2022-06-15 00:00:00+03:00,34.42011610483348,34.80740441027202,32.38686173491868,34.081241607666016,2894,0.0,0.0
2022-06-16 00:00:00+03:00,34.081241403902396,34.081241403902396,32.87097007346165,32.91938018798828,262,0.0,0.0
2022-06-17 00:00:00+03:00,32.91937909807478,33.887596130371094,32.91937909807478,33.887596130371094,355,0.0,0.0
2022-06-20 00:00:00+03:00,34.66216901751717,34.66216901751717,33.887596130371094,33.887596130371094,21,0.0,0.0
2022-06-21 00:00:00+03:00,33.93600624329493,33.93600624329493,32.91937909807478,33.887596130371094,87,0.0,0.0
2022-06-22 00:00:00+03:00,35.24310451493066,35.24310451493066,32.91938195814978,35.1946907043457,15,0.0,0.0
2022-06-23 00:00:00+03:00,35.1946907043457,35.1946907043457,35.1946907043457,35.1946907043457,0,0.0,0.0
2022-06-27 00:00:00+03:00,32.91937909807478,34.032830162597485,32.91937909807478,33.887596130371094,81,0.0,0.0
2022-06-28 00:00:00+03:00,33.88759767686999,35.87244194496708,32.870970485254894,35.824031829833984,410,0.0,0.0
2022-06-29 00:00:00+03:00,34.323297641580204,35.7756233215332,34.323297641580204,35.7756233215332,266,0.0,0.0
2022-06-30 00:00:00+03:00,35.775621480413356,35.775621480413356,34.081241607666016,34.081241607666016,452,0.0,0.0
2022-07-01 00:00:00+03:00,35.00104924251731,36.743839263916016,35.00104924251731,36.743839263916016,121,0.0,0.0
2022-07-04 00:00:00+03:00,35.72720968388335,35.72720968388335,34.1296501159668,34.1296501159668,389,0.0,0.0
2022-07-05 00:00:00+03:00,35.09786956073604,35.09786956073604,34.08124235352987,34.758995056152344,1287,0.0,0.0
2022-07-06 00:00:00+03:00,34.758995056152344,34.758995056152344,34.758995056152344,34.758995056152344,0,0.0,0.0
2022-07-07 00:00:00+03:00,34.758994618330846,36.25973035229919,33.88759776972727,34.42011642456055,1889,0.0,0.0
2022-07-08 00:00:00+03:00,35.04945793224308,35.04945793224308,33.936006847883625,33.98441696166992,213,0.0,0.0
2022-07-11 00:00:00+03:00,33.8875975801825,33.8875975801825,33.20984488988784,33.25825500488281,393,0.0,0.0
2022-07-12 00:00:00+03:00,33.50031029045681,33.54872410037676,33.1130256652832,33.1130256652832,307,0.0,0.0
2022-07-13 00:00:00+03:00,33.16143578174801,33.693954449771184,33.1130256652832,33.1130256652832,85,0.0,0.0
2022-07-14 00:00:00+03:00,33.11302655775026,33.83918940465945,32.96779251098633,32.96779251098633,165,0.0,0.0
2022-07-15 00:00:00+03:00,34.37170498090493,34.37170498090493,34.226470947265625,34.226470947265625,21,0.0,0.0
2022-07-18 00:00:00+03:00,34.22647145798134,34.80740390775213,33.161434173583984,33.161434173583984,57,0.0,0.0
2022-07-19 00:00:00+03:00,33.936008139329594,34.71058106975175,33.11302509327888,33.59713363647461,139,0.0,0.0
2022-07-20 00:00:00+03:00,34.66216935472864,34.66216935472864,33.20984379215519,34.226470947265625,166,0.0,0.0
2022-07-21 00:00:00+03:00,33.016201756538585,33.69395446777344,33.016201756538585,33.69395446777344,137,0.0,0.0
2022-07-22 00:00:00+03:00,33.20984340875417,33.30666732788086,33.20984340875417,33.30666732788086,35,0.0,0.0
2022-07-25 00:00:00+03:00,33.25825661391909,33.25825661391909,33.20984649658203,33.20984649658203,78,0.0,0.0
2022-07-26 00:00:00+03:00,33.839185955985656,33.88759606882157,33.30666732788086,33.30666732788086,59,0.0,0.0
2022-07-27 00:00:00+03:00,33.83918910232934,33.83918910232934,33.20984649658203,33.20984649658203,57,0.0,0.0
2022-07-28 00:00:00+03:00,33.016200137777545,33.209844287701145,32.967790023660385,33.161434173583984,1046,0.0,0.0
2022-07-29 00:00:00+03:00,33.887596130371094,34.032830162597485,33.79077590452341,33.887596130371094,244,0.0,0.0
2022-08-01 00:00:00+03:00,32.919379584865446,34.807403564453125,32.919379584865446,34.807403564453125,1215,0.0,0.0
2022-08-02 00:00:00+03:00,34.75899372841769,34.85581395647035,33.16143411136415,34.56534957885742,1034,0.0,0.0
2022-08-03 00:00:00+03:00,34.56535207983114,34.56535207983114,34.32329779873072,34.371707916259766,233,0.0,0.0
2022-08-04 00:00:00+03:00,34.37170791093852,34.37170791093852,33.79077911376953,33.79077911376953,464,0.0,0.0
2022-08-05 00:00:00+03:00,33.79077763966216,34.17806225639463,33.01620101928711,33.01620101928711,242,0.0,0.0
2022-08-08 00:00:00+03:00,33.500308990478516,33.500308990478516,33.500308990478516,33.500308990478516,10,0.0,0.0
2022-08-09 00:00:00+03:00,33.30666705780489,33.54872131347656,33.30666705780489,33.54872131347656,1017,0.0,0.0
2022-08-10 00:00:00+03:00,33.016201738898445,33.1130256652832,32.96779162243364,33.1130256652832,435,0.0,0.0
2022-08-11 00:00:00+03:00,33.11302378344302,33.40348815917969,33.11302378344302,33.40348815917969,81,0.0,0.0
2022-08-12 00:00:00+03:00,33.06461422502316,33.06461422502316,32.72573603642676,32.91938018798828,798,0.0,0.0
2022-08-15 00:00:00+03:00,32.91937986288856,33.35507827623543,32.58050537109375,32.58050537109375,1325,0.0,0.0
2022-08-16 00:00:00+03:00,32.628917825976345,33.79077911376953,32.628917825976345,33.79077911376953,148,0.0,0.0
2022-08-17 00:00:00+03:00,33.79077645579852,33.839186569512144,32.9193796351336,33.40348815917969,259,0.0,0.0
2022-08-18 00:00:00+03:00,32.87097007346165,32.91938018798828,32.87097007346165,32.91938018798828,170,0.0,0.0
2022-08-19 00:00:00+03:00,32.96778942236185,34.807403272900935,32.96778942236185,33.064613342285156,34,0.0,0.0
2022-08-22 00:00:00+03:00,32.8709716796875,33.01620203036401,32.8709716796875,32.8709716796875,314,0.0,0.0
2022-08-23 00:00:00+03:00,32.8709716796875,33.01620203036401,32.8709716796875,32.8709716796875,116,0.0,0.0
2022-08-24 00:00:00+03:00,32.91938209150225,32.96779220882812,32.6289176940918,32.6289176940918,148,0.0,0.0
2022-08-25 00:00:00+03:00,33.887596630553446,33.887596630553446,32.58050509504264,32.82255935668945,247,0.0,0.0
2022-08-26 00:00:00+03:00,32.6289154851423,33.35507827623543,32.58050537109375,32.58050537109375,305,0.0,0.0
2022-08-29 00:00:00+03:00,32.58050665168585,32.58050665168585,29.724265489095984,30.498838424682617,1447,0.0,0.0
2022-08-30 00:00:00+03:00,31.418643951416016,31.467054065132928,31.418643951416016,31.418643951416016,199,0.0,0.0
2022-08-31 00:00:00+03:00,31.660699086974773,31.660699086974773,29.33697662990221,30.982946395874023,293,0.0,0.0
2022-09-01 00:00:00+03:00,30.159961700439453,30.740892318320142,30.06313962300475,30.159961700439453,1169,0.0,0.0
2022-09-02 00:00:00+03:00,30.159962060777982,30.2083740234375,30.11155194484601,30.2083740234375,113,0.0,0.0
2022-09-05 00:00:00+03:00,30.11155187155541,30.88612480494696,29.91790771484375,29.91790771484375,556,0.0,0.0
2022-09-06 00:00:00+03:00,29.917907052408307,29.917907052408307,29.82108497619629,29.82108497619629,217,0.0,0.0
2022-09-07 00:00:00+03:00,29.82108497619629,30.014729128620324,29.82108497619629,29.82108497619629,317,0.0,0.0
2022-09-08 00:00:00+03:00,30.014729128620324,30.014729128620324,29.82108497619629,29.82108497619629,84,0.0,0.0
2022-09-09 00:00:00+03:00,29.82108495666953,30.063139223677325,29.046512040935582,29.530620574951172,1065,0.0,0.0
2022-09-12 00:00:00+03:00,29.530620858688984,29.96631928218032,29.28856658935547,29.28856658935547,270,0.0,0.0
2022-09-13 00:00:00+03:00,29.336975762334372,31.37023377550809,29.336975762334372,29.43379783630371,287,0.0,0.0
2022-09-14 00:00:00+03:00,29.191744212300325,30.20837324109066,29.191744212300325,29.240156173706055,751,0.0,0.0
2022-09-15 00:00:00+03:00,30.934536661695162,30.934536661695162,29.046512603759766,29.046512603759766,381,0.0,0.0
2022-09-16 00:00:00+03:00,29.046513185662736,29.046513185662736,27.83624180292679,28.56240463256836,317,0.0,0.0
2022-09-19 00:00:00+03:00,30.644070427621045,30.644070427621045,28.126705632616357,29.046512603759766,131,0.0,0.0
2022-09-20 00:00:00+03:00,28.17511815138652,29.046513177361863,28.17511815138652,28.271940231323242,134,0.0,0.0
2022-09-21 00:00:00+03:00,28.17511759499248,29.53062114715576,28.17511759499248,29.046512603759766,201,0.0,0.0
2022-09-22 00:00:00+03:00,29.530620661110035,29.530620661110035,28.126705169677734,28.126705169677734,218,0.0,0.0
2022-09-23 00:00:00+03:00,28.12670602839119,28.513994345939604,26.190271827559368,27.110078811645508,391,0.0,0.0
2022-09-26 00:00:00+03:00,27.1584881304656,28.659225700077602,24.25383691451302,25.851396560668945,1016,0.0,0.0
2022-09-27 00:00:00+03:00,24.253836620845988,24.8831791873976,23.914962127136643,24.108604431152344,2381,0.0,0.0
2022-09-28 00:00:00+03:00,24.157016851647604,24.157016851647604,22.607869156421113,22.753101348876953,1804,0.0,0.0
2022-09-29 00:00:00+03:00,23.62449666158885,23.62449666158885,22.801511764526367,22.801511764526367,486,0.0,0.0
2022-09-30 00:00:00+03:00,24.060194186166274,24.060194186166274,22.801510906626085,23.23720932006836,376,0.0,0.0
2022-10-03 00:00:00+03:00,23.23720970017185,23.576086044311523,23.091977508891276,23.576086044311523,44,0.0,0.0
2022-10-04 00:00:00+03:00,23.721317704146788,24.350658416748047,23.62449562988641,24.350658416748047,144,0.0,0.0
2022-10-05 00:00:00+03:00,23.091978073120117,24.447481636071647,23.091978073120117,23.091978073120117,287,0.0,0.0
2022-10-06 00:00:00+03:00,23.140388569816366,24.011783599853516,23.140388569816366,24.011783599853516,199,0.0,0.0
2022-10-07 00:00:00+03:00,23.188799506345475,23.285619735717773,23.188799506345475,23.285619735717773,34,0.0,0.0
2022-10-10 00:00:00+03:00,23.527673419149707,24.447480349196603,23.479263305664062,23.479263305664062,434,0.0,0.0
2022-10-11 00:00:00+03:00,23.188799679382477,24.20542686919778,23.188799679382477,24.15701675415039,396,0.0,0.0
2022-10-12 00:00:00+03:00,24.205427374441765,24.205427374441765,23.237210279464094,23.382442474365234,85,0.0,0.0
2022-10-13 00:00:00+03:00,23.721319122335508,23.721319122335508,22.99515629205993,23.14038848876953,1123,0.0,0.0
2022-10-14 00:00:00+03:00,23.18879977297199,23.18879977297199,22.753101348876953,22.753101348876953,1400,0.0,0.0
2022-10-17 00:00:00+03:00,22.7531006846159,22.7531006846159,22.31740227324078,22.656278610229492,1086,0.0,0.0
2022-10-18 00:00:00+03:00,22.753101348876953,23.23720988821476,22.753101348876953,22.753101348876953,324,0.0,0.0
2022-10-19 00:00:00+03:00,23.140386944261955,23.188798904418945,23.140386944261955,23.188798904418945,200,0.0,0.0
2022-10-20 00:00:00+03:00,23.140388089824352,23.140388089824352,22.220582962036133,22.220582962036133,913,0.0,0.0
2022-10-21 00:00:00+03:00,22.414224347627194,22.801510798445374,22.36581423379772,22.656278610229492,143,0.0,0.0
2022-10-24 00:00:00+03:00,22.84992342609002,22.84992342609002,22.753101348876953,22.753101348876953,23,0.0,0.0
2022-10-25 00:00:00+03:00,22.36581488675221,22.753101348876953,21.881706347414404,22.753101348876953,1344,0.0,0.0
2022-10-26 00:00:00+03:00,21.930115989920843,22.41422451882297,21.542829536144637,21.833293914794922,2411,0.0,0.0
2022-10-27 00:00:00+03:00,21.83329399691835,22.220582298878778,21.78488388253704,22.123760223388672,647,0.0,0.0
2022-10-28 00:00:00+03:00,21.78488408195202,22.172170540730107,21.494419699550324,21.59123992919922,312,0.0,0.0
2022-10-31 00:00:00+02:00,21.591239351573233,23.28561917928455,21.446007164257754,21.784883499145508,2270,0.0,0.0
2022-11-01 00:00:00+02:00,21.736473496262107,23.237209184040395,21.736473496262107,22.365814208984375,1930,0.0,0.0
2022-11-02 00:00:00+02:00,22.268992577161917,22.268992577161917,20.526202592422855,21.010311126708984,1188,0.0,0.0
2022-11-03 00:00:00+02:00,21.155544069558044,22.26899336864477,21.155544069558044,21.97852897644043,97,0.0,0.0
2022-11-04 00:00:00+02:00,21.73647470069429,22.41422556474694,21.397598345304182,21.97852897644043,2204,0.0,0.0
2022-11-07 00:00:00+02:00,21.542829238043893,22.801510657081316,21.542829238043893,21.784883499145508,474,0.0,0.0
2022-11-08 00:00:00+02:00,22.268993377685547,22.849924009057638,21.88170690568001,22.268993377685547,422,0.0,0.0
2022-11-09 00:00:00+02:00,22.172170999482514,22.26899307786221,21.639652338485522,22.220582962036133,633,0.0,0.0
2022-11-10 00:00:00+02:00,21.68806190603269,22.70469093322754,21.68806190603269,22.70469093322754,706,0.0,0.0
2022-11-11 00:00:00+02:00,24.544303161364816,26.383915230079932,24.544303161364816,26.141860961914062,4258,0.0,0.0
2022-11-14 00:00:00+02:00,26.6259686849385,27.884650102262793,26.045038089739805,27.15848731994629,2317,0.0,0.0
2022-11-15 00:00:00+02:00,28.852868264733875,30.78930242603756,26.14186117759973,27.88465118408203,1033,0.0,0.0
2022-11-16 00:00:00+02:00,27.59418592145366,30.014728546142578,27.545775807650866,30.014728546142578,428,0.0,0.0
2022-11-17 00:00:00+02:00,28.99810230421367,30.934536465517354,27.73941899132976,27.88465118408203,1606,0.0,0.0
2022-11-18 00:00:00+02:00,27.642595929739503,27.642595929739503,27.44895362854004,27.44895362854004,21,0.0,0.0
2022-11-21 00:00:00+02:00,28.320348799872882,28.320348799872882,26.916433334350586,26.916433334350586,55,0.0,0.0
2022-11-22 00:00:00+02:00,26.67437904702013,26.67437904702013,25.657751880992546,26.62596893310547,182,0.0,0.0
2022-11-23 00:00:00+02:00,26.38391437054092,26.577558517456055,26.38391437054092,26.577558517456055,159,0.0,0.0
2022-11-24 00:00:00+02:00,26.577558517456055,27.110077151381496,26.577558517456055,26.577558517456055,24,0.0,0.0
2022-11-25 00:00:00+02:00,27.303721298296633,27.303721298296633,26.577558517456055,26.577558517456055,11,0.0,0.0
2022-11-28 00:00:00+02:00,26.625969516515752,27.110078053179677,26.43232536315918,26.43232536315918,264,0.0,0.0
2022-11-29 00:00:00+02:00,28.02988551211603,28.02988551211603,27.642597198486328,27.642597198486328,187,0.0,0.0
2022-11-30 00:00:00+02:00,25.85139731033868,26.81961441040039,25.85139731033868,26.81961441040039,165,0.0,0.0
2022-12-01 00:00:00+02:00,26.964846606064132,27.303722960431244,26.81961441040039,26.81961441040039,33,0.0,0.0
2022-12-02 00:00:00+02:00,27.206899642944336,27.206899642944336,26.23868258694438,27.206899642944336,300,0.0,0.0
2022-12-05 00:00:00+02:00,27.545775896174185,27.545775896174185,25.17364337766478,26.916433334350586,196,0.0,0.0
2022-12-07 00:00:00+02:00,25.754573847541838,26.093450183705706,25.27046532351559,26.0450382232666,421,0.0,0.0
2022-12-08 00:00:00+02:00,25.996629342964503,26.093451421708966,25.657752990722656,25.657752990722656,343,0.0,0.0
2022-12-09 00:00:00+02:00,25.173644432078227,27.110078619161165,24.44748161192212,25.36728858947754,1443,0.0,0.0
2022-12-12 00:00:00+02:00,26.09345114656748,27.497364810012254,26.09345114656748,26.190271377563477,361,0.0,0.0
2022-12-13 00:00:00+02:00,26.238683500399805,27.11007851179042,26.238683500399805,27.061668395996094,683,0.0,0.0
2022-12-14 00:00:00+02:00,26.093451306289296,27.11007851179042,26.093451306289296,27.061668395996094,189,0.0,0.0
2022-12-15 00:00:00+02:00,27.013256055914177,27.255310324957723,26.72279167175293,26.72279167175293,270,0.0,0.0
2022-12-16 00:00:00+02:00,27.30372268362333,27.49736499363597,24.786357879638672,24.786357879638672,357,0.0,0.0
2022-12-19 00:00:00+02:00,24.834767017351062,26.62596893310547,24.834767017351062,26.62596893310547,539,0.0,0.0
2022-12-20 00:00:00+02:00,26.625969594790007,26.72279167175293,25.657752518615826,26.72279167175293,291,0.0,0.0
2022-12-21 00:00:00+02:00,25.754574595578745,26.72279167175293,25.754574595578745,26.72279167175293,116,0.0,0.0
2022-12-22 00:00:00+02:00,25.899807392045968,26.335505825182626,24.25383758544922,24.25383758544922,1701,0.0,0.0
2022-12-23 00:00:00+02:00,26.238682345568026,26.238682345568026,25.367287372529745,25.754573822021484,194,0.0,0.0
2022-12-27 00:00:00+02:00,25.754573991373142,25.754573991373142,24.83476705189545,24.931589126586914,728,0.0,0.0
2022-12-28 00:00:00+02:00,24.83476677786544,25.851395780816976,24.83476677786544,25.173643112182617,595,0.0,0.0
2022-12-29 00:00:00+02:00,24.73794621574907,24.834768295288086,24.689536099343343,24.834768295288086,660,0.0,0.0
2022-12-30 00:00:00+02:00,24.737945255517843,25.125233558640875,24.39907076037643,24.68953514099121,1306,0.0,0.0
2023-01-02 00:00:00+02:00,24.447481337189085,25.851396845738478,24.39907122174705,25.609342575073242,810,0.0,0.0
2023-01-03 00:00:00+02:00,25.609342482066662,25.754574674592853,24.35065917114212,25.028411865234375,1372,0.0,0.0
2023-01-04 00:00:00+02:00,24.641126051566022,25.125234603881836,24.350659812139988,25.125234603881836,1290,0.0,0.0
2023-01-05 00:00:00+02:00,24.68953544152472,24.786357518484046,24.302248980414934,24.737945556640625,404,0.0,0.0
2023-01-09 00:00:00+02:00,24.20542658834831,25.076821576183352,24.20542658834831,24.399070739746094,220,0.0,0.0
2023-01-10 00:00:00+02:00,24.447481155395508,24.447481155395508,24.399071040313455,24.447481155395508,151,0.0,0.0
2023-01-11 00:00:00+02:00,24.93159008661793,25.41569863198915,24.44748154124671,25.07682228088379,719,0.0,0.0
2023-01-12 00:00:00+02:00,25.07682235337857,25.464108821449646,25.07682235337857,25.36728858947754,50,0.0,0.0
2023-01-13 00:00:00+02:00,25.318876626763938,25.36728858947754,25.318876626763938,25.36728858947754,16,0.0,0.0
2023-01-16 00:00:00+02:00,25.706162805957312,25.706162805957312,24.786357685465923,25.609342575073242,132,0.0,0.0
2023-01-17 00:00:00+02:00,25.415697372876682,25.415697372876682,25.173643112182617,25.173643112182617,3,0.0,0.0
2023-01-18 00:00:00+02:00,24.68953456390219,25.173643084763015,24.54430237698943,24.8831787109375,373,0.0,0.0
2023-01-19 00:00:00+02:00,25.70616231987044,25.70616231987044,24.59271306521045,24.68953514099121,393,0.0,0.0
2023-01-20 00:00:00+02:00,24.64112502646458,24.786357216771968,24.64112502646458,24.68953514099121,84,0.0,0.0
2023-01-23 00:00:00+02:00,24.883180327723927,25.318876916771618,24.49589200848922,25.125234603881836,1613,0.0,0.0
2023-01-24 00:00:00+02:00,25.3188765535694,25.3188765535694,24.83476800819818,25.07682228088379,353,0.0,0.0
2023-01-25 00:00:00+02:00,25.125234603881836,25.125234603881836,25.125234603881836,25.125234603881836,59,0.0,0.0
2023-01-26 00:00:00+02:00,25.754573822021484,25.754573822021484,24.83476688859207,25.754573822021484,498,0.0,0.0
2023-01-27 00:00:00+02:00,25.07682265728854,25.70616340637207,24.786358264396938,25.70616340637207,360,0.0,0.0
2023-01-30 00:00:00+02:00,25.706162030663673,25.706162030663673,24.931589126586914,24.931589126586914,202,0.0,0.0
2023-01-31 00:00:00+02:00,24.980000114715594,25.657752814545546,24.495891571044922,24.495891571044922,715,0.0,0.0
2023-02-01 00:00:00+02:00,25.609343084872652,25.609343084872652,24.834768295288086,24.834768295288086,579,0.0,0.0
2023-02-02 00:00:00+02:00,25.609342015511892,26.09345054626465,25.318875789023743,26.09345054626465,894,0.0,0.0
2023-02-03 00:00:00+02:00,26.04503975400363,26.04503975400363,25.318876925285718,25.415699005126953,233,0.0,0.0
2023-02-06 00:00:00+02:00,25.22205492065381,26.964846822810152,25.22205492065381,25.99662971496582,136,0.0,0.0
2023-02-07 00:00:00+02:00,26.045039280136574,26.045039280136574,23.91496279602215,24.495891571044922,2981,0.0,0.0
2023-02-08 00:00:00+02:00,24.495891070146502,24.64112510765995,23.285619735717773,23.285619735717773,641,0.0,0.0
2023-02-09 00:00:00+02:00,24.641125902338498,24.641125902338498,23.721318919817804,24.25383758544922,219,0.0,0.0
2023-02-10 00:00:00+02:00,23.721317976393458,24.108604431152344,23.430853597006166,24.108604431152344,697,0.0,0.0
2023-02-13 00:00:00+02:00,24.15701764379936,24.15701764379936,23.4792649278107,24.011783599853516,286,0.0,0.0
2023-02-14 00:00:00+02:00,24.011783592961553,24.011783592961553,23.624497118248154,23.7213191986084,318,0.0,0.0
2023-02-15 00:00:00+02:00,23.527674082732993,23.963372503302217,23.479263967881973,23.576086044311523,156,0.0,0.0
2023-02-16 00:00:00+02:00,23.721318909616183,24.253837575018583,23.721318909616183,23.9633731842041,436,0.0,0.0
2023-02-17 00:00:00+02:00,24.20542658834831,24.544302929930687,24.108604512649418,24.399070739746094,462,0.0,0.0
2023-02-20 00:00:00+02:00,23.914962105189968,24.495890863431438,23.57608576506412,23.818140029907227,606,0.0,0.0
2023-02-21 00:00:00+02:00,24.495891571044922,24.495891571044922,24.495891571044922,24.495891571044922,1,0.0,0.0
2023-02-22 00:00:00+02:00,23.576085223257405,24.495890300486494,23.576085223257405,24.302248001098633,201,0.0,0.0
2023-02-23 00:00:00+02:00,23.721318331813823,24.15701675415039,23.721318331813823,24.15701675415039,151,0.0,0.0
2023-02-24 00:00:00+02:00,24.8831791873976,24.8831791873976,23.52767382565027,24.108604431152344,594,0.0,0.0
2023-02-27 00:00:00+02:00,23.479264645125784,24.399071627646478,23.479264645125784,24.25383758544922,580,0.0,0.0
2023-02-28 00:00:00+02:00,24.931589675273713,24.931589675273713,23.769728446861215,24.15701675415039,193,0.0,0.0
2023-03-01 00:00:00+02:00,24.060194886077685,24.108605001545087,23.624496459960938,23.624496459960938,572,0.0,0.0
2023-03-02 00:00:00+02:00,24.06019457973177,24.06019457973177,23.576086044311523,23.576086044311523,117,0.0,0.0
2023-03-03 00:00:00+02:00,23.47926434106049,23.914962768554688,23.47926434106049,23.914962768554688,171,0.0,0.0
2023-03-06 00:00:00+02:00,23.818139510430342,24.689534475514787,23.479263177695437,24.59271240234375,348,0.0,0.0
2023-03-07 00:00:00+02:00,24.544303533448513,24.544303533448513,23.237210096192193,24.495891571044922,216,0.0,0.0
2023-03-08 00:00:00+02:00,24.4958914654669,24.4958914654669,23.4792642668312,23.624496459960938,293,0.0,0.0
2023-03-09 00:00:00+02:00,23.479264914165373,23.818141271962762,23.43085479736328,23.43085479736328,640,0.0,0.0
2023-03-10 00:00:00+02:00,24.06019526338478,24.06019526338478,23.57608671420894,23.9633731842041,840,0.0,0.0
2023-03-13 00:00:00+02:00,23.285620753501846,23.818141271962762,22.99515635923413,23.43085479736328,650,0.0,0.0
2023-03-14 00:00:00+02:00,23.23720944626298,24.108604431152344,23.23720944626298,24.108604431152344,164,0.0,0.0
2023-03-15 00:00:00+02:00,23.76972931542473,24.544304111579105,23.188800526718428,23.7213191986084,728,0.0,0.0
2023-03-16 00:00:00+02:00,23.721317847569782,23.914961997261344,23.23720932006836,23.23720932006836,64,0.0,0.0
2023-03-17 00:00:00+02:00,23.479263305664062,24.15701597482782,23.430853192178418,23.479263305664062,277,0.0,0.0
2023-03-20 00:00:00+02:00,23.479264914165373,23.527675030967465,23.43085479736328,23.43085479736328,176,0.0,0.0
2023-03-21 00:00:00+02:00,23.430853192178418,23.479263305664062,23.430853192178418,23.479263305664062,129,0.0,0.0
2023-03-22 00:00:00+02:00,23.721318254162373,23.86655044555664,23.721318254162373,23.86655044555664,44,0.0,0.0
2023-03-23 00:00:00+02:00,24.060195563411323,24.060195563411323,24.011783599853516,24.011783599853516,37,0.0,0.0
2023-03-24 00:00:00+02:00,23.963372135189736,24.011782249297106,23.527673721313477,23.527673721313477,373,0.0,0.0
2023-03-27 00:00:00+03:00,23.47926434106049,24.060194962143573,23.47926434106049,23.914962768554688,82,0.0,0.0
2023-03-28 00:00:00+03:00,23.479263305664062,23.479263305664062,23.479263305664062,23.479263305664062,10,0.0,0.0
2023-03-29 00:00:00+03:00,24.060194886077685,24.108605001545087,23.576086344493536,23.624496459960938,252,0.0,0.0
2023-03-30 00:00:00+03:00,23.672908782958984,23.721318899164213,23.672908782958984,23.672908782958984,26,0.0,0.0
2023-03-31 00:00:00+03:00,24.10860388321601,24.59271240234375,24.10860388321601,24.59271240234375,630,0.0,0.0
2023-04-03 00:00:00+03:00,24.20542660881491,24.786357216771968,24.20542660881491,24.68953514099121,104,0.0,0.0
2023-04-04 00:00:00+03:00,24.883178738040723,25.46410748632451,24.883178738040723,25.173643112182617,290,0.0,0.0
2023-04-05 00:00:00+03:00,24.205427338536754,25.36728858947754,24.205427338536754,25.36728858947754,115,0.0,0.0
2023-04-06 00:00:00+03:00,24.39907078052699,25.367287845679215,24.39907078052699,24.979999542236328,541,0.0,0.0
2023-04-11 00:00:00+03:00,25.07682228088379,25.270466437723293,24.68953581393232,25.07682228088379,672,0.0,0.0
2023-04-12 00:00:00+03:00,25.17364369395777,25.17364369395777,24.495891009660216,24.979999542236328,82,0.0,0.0
2023-04-13 00:00:00+03:00,25.399999618530273,25.399999618530273,24.5,25.299999237060547,802,0.82,0.0
2023-04-14 00:00:00+03:00,25.799999237060547,26.399999618530273,25.299999237060547,25.299999237060547,75,0.0,0.0
2023-04-17 00:00:00+03:00,25.299999237060547,25.799999237060547,25.299999237060547,25.700000762939453,85,0.0,0.0
2023-04-18 00:00:00+03:00,25.700000762939453,26.0,25.299999237060547,25.399999618530273,1003,0.0,0.0
2023-04-19 00:00:00+03:00,27.5,27.5,25.399999618530273,25.799999237060547,171,0.0,0.0
2023-04-20 00:00:00+03:00,26.799999237060547,26.799999237060547,25.299999237060547,25.899999618530273,156,0.0,0.0
2023-04-21 00:00:00+03:00,27.5,29.0,26.399999618530273,27.600000381469727,2170,0.0,0.0
2023-04-24 00:00:00+03:00,27.600000381469727,27.600000381469727,25.5,27.0,576,0.0,0.0
2023-04-25 00:00:00+03:00,26.5,27.5,26.299999237060547,26.399999618530273,972,0.0,0.0
2023-04-26 00:00:00+03:00,26.0,26.399999618530273,26.0,26.0,399,0.0,0.0
2023-04-27 00:00:00+03:00,25.899999618530273,25.899999618530273,25.600000381469727,25.899999618530273,144,0.0,0.0
2023-04-28 00:00:00+03:00,25.899999618530273,26.100000381469727,25.700000762939453,25.799999237060547,355,0.0,0.0
2023-05-02 00:00:00+03:00,26.0,26.399999618530273,25.0,26.399999618530273,515,0.0,0.0
2023-05-03 00:00:00+03:00,25.399999618530273,26.200000762939453,25.399999618530273,26.200000762939453,203,0.0,0.0
2023-05-04 00:00:00+03:00,25.799999237060547,25.799999237060547,25.399999618530273,25.799999237060547,159,0.0,0.0
2023-05-05 00:00:00+03:00,25.899999618530273,26.200000762939453,25.700000762939453,26.0,875,0.0,0.0
2023-05-08 00:00:00+03:00,26.299999237060547,26.299999237060547,24.799999237060547,26.299999237060547,417,0.0,0.0
2023-05-09 00:00:00+03:00,25.399999618530273,25.399999618530273,25.399999618530273,25.399999618530273,15,0.0,0.0
2023-05-10 00:00:00+03:00,25.5,26.299999237060547,25.5,26.100000381469727,377,0.0,0.0
2023-05-11 00:00:00+03:00,26.200000762939453,27.100000381469727,26.200000762939453,26.700000762939453,522,0.0,0.0
2023-05-12 00:00:00+03:00,27.0,27.5,26.200000762939453,27.5,286,0.0,0.0
2023-05-15 00:00:00+03:00,27.899999618530273,28.299999237060547,27.0,27.0,34,0.0,0.0
2023-05-16 00:00:00+03:00,28.0,28.0,27.700000762939453,27.700000762939453,171,0.0,0.0
2023-05-17 00:00:00+03:00,28.799999237060547,28.799999237060547,26.5,26.5,146,0.0,0.0
2023-05-19 00:00:00+03:00,26.0,26.399999618530273,25.700000762939453,25.799999237060547,513,0.0,0.0
2023-05-22 00:00:00+03:00,25.799999237060547,27.799999237060547,25.799999237060547,27.5,201,0.0,0.0
2023-05-23 00:00:00+03:00,27.700000762939453,27.899999618530273,26.700000762939453,27.899999618530273,323,0.0,0.0
2023-05-24 00:00:00+03:00,28.0,28.5,27.899999618530273,27.899999618530273,3537,0.0,0.0
2023-05-25 00:00:00+03:00,26.899999618530273,27.5,26.899999618530273,27.5,58,0.0,0.0
2023-05-26 00:00:00+03:00,27.899999618530273,28.0,27.5,28.0,129,0.0,0.0
2023-05-29 00:00:00+03:00,28.5,28.5,27.5,27.5,540,0.0,0.0
2023-05-30 00:00:00+03:00,27.899999618530273,27.899999618530273,26.5,26.5,647,0.0,0.0
2023-05-31 00:00:00+03:00,26.5,27.5,25.700000762939453,26.5,854,0.0,0.0
2023-06-01 00:00:00+03:00,25.399999618530273,27.0,25.399999618530273,26.700000762939453,582,0.0,0.0
2023-06-02 00:00:00+03:00,26.600000381469727,27.399999618530273,25.5,27.399999618530273,304,0.0,0.0
2023-06-05 00:00:00+03:00,28.399999618530273,28.399999618530273,26.299999237060547,26.5,820,0.0,0.0
2023-06-06 00:00:00+03:00,27.0,27.0,26.100000381469727,26.100000381469727,17,0.0,0.0
2023-06-07 00:00:00+03:00,26.600000381469727,26.600000381469727,25.5,25.5,709,0.0,0.0
2023-06-08 00:00:00+03:00,25.399999618530273,25.799999237060547,25.100000381469727,25.5,994,0.0,0.0
2023-06-09 00:00:00+03:00,26.0,26.0,25.100000381469727,25.100000381469727,1119,0.0,0.0
2023-06-12 00:00:00+03:00,25.200000762939453,26.0,25.200000762939453,25.5,589,0.0,0.0
2023-06-13 00:00:00+03:00,25.5,25.899999618530273,25.299999237060547,25.899999618530273,863,0.0,0.0
2023-06-14 00:00:00+03:00,25.799999237060547,25.799999237060547,25.200000762939453,25.200000762939453,106,0.0,0.0
2023-06-15 00:00:00+03:00,25.299999237060547,26.0,25.200000762939453,25.5,733,0.0,0.0
2023-06-16 00:00:00+03:00,26.0,26.0,25.100000381469727,25.200000762939453,966,0.0,0.0
2023-06-19 00:00:00+03:00,25.0,25.200000762939453,25.0,25.200000762939453,267,0.0,0.0
2023-06-20 00:00:00+03:00,25.100000381469727,25.399999618530273,25.100000381469727,25.399999618530273,20,0.0,0.0
2023-06-21 00:00:00+03:00,24.799999237060547,24.799999237060547,24.100000381469727,24.700000762939453,2539,0.0,0.0
2023-06-22 00:00:00+03:00,24.100000381469727,24.799999237060547,24.100000381469727,24.799999237060547,188,0.0,0.0
2023-06-26 00:00:00+03:00,24.899999618530273,24.899999618530273,23.399999618530273,23.700000762939453,2181,0.0,0.0
2023-06-27 00:00:00+03:00,23.600000381469727,25.0,23.600000381469727,23.700000762939453,437,0.0,0.0
2023-06-28 00:00:00+03:00,23.700000762939453,24.0,23.700000762939453,24.0,130,0.0,0.0
2023-06-29 00:00:00+03:00,24.899999618530273,24.899999618530273,24.0,24.0,52,0.0,0.0
2023-06-30 00:00:00+03:00,23.600000381469727,24.899999618530273,23.600000381469727,24.899999618530273,96,0.0,0.0
2023-07-03 00:00:00+03:00,23.799999237060547,25.0,23.600000381469727,25.0,841,0.0,0.0
2023-07-04 00:00:00+03:00,23.899999618530273,25.0,23.899999618530273,24.700000762939453,954,0.0,0.0
2023-07-05 00:00:00+03:00,24.100000381469727,24.100000381469727,23.5,23.700000762939453,1482,0.0,0.0
2023-07-06 00:00:00+03:00,23.200000762939453,23.899999618530273,23.200000762939453,23.600000381469727,672,0.0,0.0
2023-07-07 00:00:00+03:00,23.700000762939453,23.700000762939453,22.899999618530273,23.5,389,0.0,0.0
2023-07-10 00:00:00+03:00,23.5,23.5,23.100000381469727,23.299999237060547,86,0.0,0.0
2023-07-11 00:00:00+03:00,23.100000381469727,23.399999618530273,23.100000381469727,23.399999618530273,112,0.0,0.0
2023-07-12 00:00:00+03:00,23.299999237060547,23.399999618530273,23.299999237060547,23.399999618530273,52,0.0,0.0
2023-07-13 00:00:00+03:00,23.399999618530273,23.399999618530273,23.100000381469727,23.399999618530273,302,0.0,0.0
2023-07-14 00:00:00+03:00,23.299999237060547,23.299999237060547,22.899999618530273,23.299999237060547,440,0.0,0.0
2023-07-17 00:00:00+03:00,23.700000762939453,23.700000762939453,22.799999237060547,23.600000381469727,530,0.0,0.0
2023-07-18 00:00:00+03:00,23.0,23.799999237060547,23.0,23.200000762939453,536,0.0,0.0
2023-07-19 00:00:00+03:00,23.200000762939453,23.200000762939453,22.799999237060547,23.100000381469727,493,0.0,0.0
2023-07-20 00:00:00+03:00,22.700000762939453,23.200000762939453,22.299999237060547,23.0,525,0.0,0.0
2023-07-21 00:00:00+03:00,22.5,23.799999237060547,22.5,23.799999237060547,573,0.0,0.0
2023-07-24 00:00:00+03:00,23.899999618530273,23.899999618530273,22.600000381469727,23.299999237060547,525,0.0,0.0
2023-07-25 00:00:00+03:00,23.100000381469727,23.399999618530273,23.100000381469727,23.399999618530273,356,0.0,0.0
2023-07-26 00:00:00+03:00,23.399999618530273,23.799999237060547,23.299999237060547,23.5,875,0.0,0.0
2023-07-27 00:00:00+03:00,23.600000381469727,23.600000381469727,23.600000381469727,23.600000381469727,8,0.0,0.0
2023-07-28 00:00:00+03:00,23.899999618530273,23.899999618530273,23.100000381469727,23.100000381469727,674,0.0,0.0
2023-07-31 00:00:00+03:00,23.5,23.5,22.600000381469727,23.200000762939453,392,0.0,0.0
2023-08-01 00:00:00+03:00,23.299999237060547,24.600000381469727,23.299999237060547,23.600000381469727,254,0.0,0.0
2023-08-02 00:00:00+03:00,24.0,24.0,22.700000762939453,23.0,185,0.0,0.0
2023-08-03 00:00:00+03:00,22.799999237060547,23.100000381469727,22.5,22.700000762939453,4758,0.0,0.0
2023-08-04 00:00:00+03:00,23.399999618530273,23.399999618530273,22.600000381469727,23.200000762939453,610,0.0,0.0
2023-08-07 00:00:00+03:00,23.100000381469727,23.200000762939453,22.600000381469727,23.200000762939453,364,0.0,0.0
2023-08-08 00:00:00+03:00,23.200000762939453,23.200000762939453,23.0,23.200000762939453,172,0.0,0.0
2023-08-09 00:00:00+03:00,22.700000762939453,23.899999618530273,22.700000762939453,23.799999237060547,134,0.0,0.0
2023-08-10 00:00:00+03:00,23.399999618530273,23.399999618530273,22.899999618530273,23.299999237060547,430,0.0,0.0
2023-08-11 00:00:00+03:00,23.299999237060547,23.600000381469727,22.799999237060547,23.600000381469727,163,0.0,0.0
2023-08-14 00:00:00+03:00,22.700000762939453,23.700000762939453,22.700000762939453,23.5,664,0.0,0.0
2023-08-15 00:00:00+03:00,22.5,22.899999618530273,22.399999618530273,22.5,1462,0.0,0.0
2023-08-16 00:00:00+03:00,23.0,23.0,22.0,22.200000762939453,182,0.0,0.0
2023-08-17 00:00:00+03:00,22.0,22.700000762939453,22.0,22.5,702,0.0,0.0
2023-08-18 00:00:00+03:00,23.0,23.0,22.5,22.5,110,0.0,0.0
2023-08-21 00:00:00+03:00,23.399999618530273,23.399999618530273,23.299999237060547,23.299999237060547,233,0.0,0.0
2023-08-22 00:00:00+03:00,23.0,23.100000381469727,22.700000762939453,22.700000762939453,339,0.0,0.0
2023-08-23 00:00:00+03:00,22.600000381469727,22.899999618530273,22.600000381469727,22.899999618530273,15,0.0,0.0
2023-08-24 00:00:00+03:00,23.0,23.899999618530273,22.700000762939453,22.700000762939453,1052,0.0,0.0
2023-08-25 00:00:00+03:00,22.899999618530273,23.600000381469727,22.899999618530273,23.399999618530273,103,0.0,0.0
2023-08-28 00:00:00+03:00,23.399999618530273,23.399999618530273,22.100000381469727,23.299999237060547,1243,0.0,0.0
2023-08-29 00:00:00+03:00,23.0,23.0,22.700000762939453,23.0,789,0.0,0.0
2023-08-30 00:00:00+03:00,23.0,23.0,22.5,22.700000762939453,545,0.0,0.0
2023-08-31 00:00:00+03:00,22.600000381469727,23.100000381469727,22.5,23.0,460,0.0,0.0
2023-09-01 00:00:00+03:00,22.899999618530273,22.899999618530273,22.799999237060547,22.899999618530273,190,0.0,0.0
2023-09-04 00:00:00+03:00,23.0,23.0,22.399999618530273,22.399999618530273,245,0.0,0.0
2023-09-05 00:00:00+03:00,22.399999618530273,22.899999618530273,22.399999618530273,22.899999618530273,28,0.0,0.0
2023-09-06 00:00:00+03:00,22.399999618530273,23.0,22.399999618530273,22.5,398,0.0,0.0
2023-09-07 00:00:00+03:00,22.399999618530273,22.399999618530273,22.299999237060547,22.299999237060547,170,0.0,0.0
2023-09-08 00:00:00+03:00,22.899999618530273,22.899999618530273,22.299999237060547,22.299999237060547,22,0.0,0.0
2023-09-11 00:00:00+03:00,22.299999237060547,22.899999618530273,22.299999237060547,22.899999618530273,83,0.0,0.0
2023-09-12 00:00:00+03:00,22.100000381469727,22.200000762939453,22.100000381469727,22.200000762939453,40,0.0,0.0
2023-09-13 00:00:00+03:00,22.100000381469727,23.0,22.100000381469727,22.299999237060547,560,0.0,0.0
2023-09-14 00:00:00+03:00,22.5,23.0,22.5,22.700000762939453,665,0.0,0.0
2023-09-15 00:00:00+03:00,22.899999618530273,23.200000762939453,22.5,23.0,671,0.0,0.0
2023-09-18 00:00:00+03:00,23.0,23.0,22.0,22.0,249,0.0,0.0
2023-09-19 00:00:00+03:00,22.100000381469727,22.5,22.100000381469727,22.100000381469727,85,0.0,0.0
2023-09-20 00:00:00+03:00,22.5,22.5,22.100000381469727,22.100000381469727,305,0.0,0.0
2023-09-21 00:00:00+03:00,22.100000381469727,22.899999618530273,22.0,22.899999618530273,927,0.0,0.0
2023-09-22 00:00:00+03:00,22.899999618530273,22.899999618530273,21.899999618530273,22.5,451,0.0,0.0
2023-09-25 00:00:00+03:00,22.299999237060547,22.299999237060547,21.700000762939453,21.700000762939453,717,0.0,0.0
2023-09-26 00:00:00+03:00,22.0,22.399999618530273,21.899999618530273,21.899999618530273,538,0.0,0.0
2023-09-27 00:00:00+03:00,21.700000762939453,21.700000762939453,20.899999618530273,21.5,840,0.0,0.0
2023-09-28 00:00:00+03:00,21.5,21.5,21.5,21.5,276,0.0,0.0
2023-09-29 00:00:00+03:00,21.399999618530273,22.399999618530273,21.0,22.399999618530273,3615,0.0,0.0
2023-10-02 00:00:00+03:00,22.399999618530273,22.399999618530273,21.100000381469727,21.399999618530273,930,0.0,0.0
2023-10-03 00:00:00+03:00,21.100000381469727,21.200000762939453,20.899999618530273,21.0,174,0.0,0.0
2023-10-04 00:00:00+03:00,20.899999618530273,21.5,19.950000762939453,21.200000762939453,1745,0.0,0.0
2023-10-05 00:00:00+03:00,20.299999237060547,21.299999237060547,19.700000762939453,20.5,1776,0.0,0.0
2023-10-06 00:00:00+03:00,20.200000762939453,20.799999237060547,20.100000381469727,20.700000762939453,489,0.0,0.0
2023-10-09 00:00:00+03:00,20.0,20.100000381469727,19.799999237060547,20.100000381469727,224,0.0,0.0
2023-10-10 00:00:00+03:00,20.299999237060547,20.5,20.299999237060547,20.5,74,0.0,0.0
2023-10-11 00:00:00+03:00,20.100000381469727,20.700000762939453,20.100000381469727,20.600000381469727,636,0.0,0.0
2023-10-12 00:00:00+03:00,20.600000381469727,20.899999618530273,20.399999618530273,20.600000381469727,1608,0.0,0.0
2023-10-13 00:00:00+03:00,20.899999618530273,20.899999618530273,20.600000381469727,20.600000381469727,524,0.0,0.0
2023-10-16 00:00:00+03:00,21.299999237060547,21.299999237060547,20.0,20.600000381469727,1006,0.0,0.0
2023-10-17 00:00:00+03:00,20.100000381469727,20.299999237060547,19.899999618530273,19.899999618530273,1526,0.0,0.0
2023-10-18 00:00:00+03:00,19.850000381469727,19.950000762939453,18.950000762939453,19.049999237060547,1808,0.0,0.0
2023-10-19 00:00:00+03:00,19.200000762939453,19.399999618530273,19.149999618530273,19.149999618530273,622,0.0,0.0
2023-10-20 00:00:00+03:00,19.0,19.200000762939453,18.299999237060547,18.799999237060547,1073,0.0,0.0
2023-10-23 00:00:00+03:00,18.600000381469727,19.149999618530273,18.600000381469727,19.149999618530273,474,0.0,0.0
2023-10-24 00:00:00+03:00,19.149999618530273,19.149999618530273,18.600000381469727,18.950000762939453,355,0.0,0.0
2023-10-25 00:00:00+03:00,18.350000381469727,18.950000762939453,17.899999618530273,18.049999237060547,1757,0.0,0.0
2023-10-26 00:00:00+03:00,18.100000381469727,18.350000381469727,18.049999237060547,18.049999237060547,1317,0.0,0.0
2023-10-27 00:00:00+03:00,18.049999237060547,18.200000762939453,17.399999618530273,17.549999237060547,2762,0.0,0.0
2023-10-30 00:00:00+02:00,17.850000381469727,17.850000381469727,17.0,17.0,2160,0.0,0.0
2023-10-31 00:00:00+02:00,17.850000381469727,17.850000381469727,17.200000762939453,17.5,5933,0.0,0.0
2023-11-01 00:00:00+02:00,18.0,18.25,18.0,18.149999618530273,827,0.0,0.0
2023-11-02 00:00:00+02:00,17.950000762939453,19.350000381469727,17.950000762939453,19.0,7707,0.0,0.0
2023-11-03 00:00:00+02:00,18.600000381469727,19.25,18.25,19.25,1868,0.0,0.0
2023-11-06 00:00:00+02:00,18.549999237060547,18.899999618530273,18.549999237060547,18.899999618530273,175,0.0,0.0
2023-11-07 00:00:00+02:00,18.5,18.5,18.100000381469727,18.200000762939453,167,0.0,0.0
2023-11-08 00:00:00+02:00,18.399999618530273,18.399999618530273,17.600000381469727,18.25,237,0.0,0.0
2023-11-09 00:00:00+02:00,18.149999618530273,18.25,17.950000762939453,17.950000762939453,953,0.0,0.0
2023-11-10 00:00:00+02:00,18.0,18.0,18.0,18.0,13,0.0,0.0
2023-11-13 00:00:00+02:00,18.0,18.549999237060547,18.0,18.5,1113,0.0,0.0
