Date,Open,High,Low,Close,Volume,Dividends,Stock Splits
2021-11-17 00:00:00+02:00,13.940451414895906,15.893738177495516,13.91667898592819,15.449989318847656,369081,0.0,0.0
2021-11-18 00:00:00+02:00,15.442065710677431,15.451971046790561,14.857664104750599,15.253868103027344,94801,0.0,0.0
2021-11-19 00:00:00+02:00,15.265754320344588,15.798649312134417,15.265754320344588,15.432160377502441,28494,0.0,0.0
2021-11-22 00:00:00+02:00,15.699598785595299,15.947226520733238,15.551021577737629,15.848175048828125,33421,0.0,0.0
2021-11-23 00:00:00+02:00,15.848174555572248,15.848174555572248,15.1052913732798,15.20434284210205,20148,0.0,0.0
2021-11-24 00:00:00+02:00,15.10529184159846,15.154817577545062,14.857664106490288,15.055766105651855,26539,0.0,0.0
2021-11-25 00:00:00+02:00,15.006240371509193,15.006240371509193,14.362408638000488,14.857664108276367,25695,0.0,0.0
2021-11-26 00:00:00+02:00,14.907189840572693,14.907189840572693,14.263357162597055,14.758612632751465,15262,0.0,0.0
2021-11-29 00:00:00+02:00,14.659562110900879,14.758612638193377,14.263357167856354,14.659562110900879,9457,0.0,0.0
2021-11-30 00:00:00+02:00,14.560510638983537,14.80813837415205,14.510984903024866,14.659562110900879,6007,0.0,0.0
2021-12-01 00:00:00+02:00,14.65956210732872,15.055766105651855,14.560510635435513,15.055766105651855,7756,0.0,0.0
2021-12-02 00:00:00+02:00,15.105292319755234,15.105292319755234,14.857664576808427,15.006240844726562,3256,0.0,0.0
2021-12-03 00:00:00+02:00,15.105291366577148,15.105291366577148,14.857663639256211,15.105291366577148,6667,0.0,0.0
2021-12-07 00:00:00+02:00,15.105292312292356,15.84817554076575,15.105292312292356,15.303394317626953,55634,0.0,0.0
2021-12-08 00:00:00+02:00,15.45197105045736,15.848175048828125,15.352919578552246,15.848175048828125,223473,0.0,0.0
2021-12-09 00:00:00+02:00,15.451971506888684,15.947226991793773,15.35292003205772,15.897700309753418,225438,0.0,0.0
2021-12-10 00:00:00+02:00,15.749124058301463,15.897700326075585,15.402445785286892,15.600547790527344,1114,0.0,0.0
2021-12-13 00:00:00+02:00,15.650073049642742,15.897699840155838,15.650073049642742,15.848175048828125,4871,0.0,0.0
2021-12-14 00:00:00+02:00,15.84817457113237,15.84817457113237,15.650072577918179,15.69959831237793,2577,0.0,0.0
2021-12-15 00:00:00+02:00,15.848175525344509,15.848175525344509,15.451971515060844,15.798649787902832,1564,0.0,0.0
2021-12-16 00:00:00+02:00,15.848175517650297,15.99675178527832,15.848175517650297,15.99675178527832,3660,0.0,0.0
2021-12-17 00:00:00+02:00,15.996751312060951,19.810218811035156,15.798649312875568,19.810218811035156,15325,0.0,0.0
2021-12-20 00:00:00+02:00,18.324453412290957,18.324453412290957,15.996752195582417,17.135839462280273,7827,0.0,0.0
2021-12-21 00:00:00+02:00,17.3339414525382,18.324452392683238,17.3339414525382,17.631093978881836,19056,0.0,0.0
2021-12-22 00:00:00+02:00,17.631093986121414,17.631093986121414,16.095802783966064,16.838685989379883,8462,0.0,0.0
2021-12-23 00:00:00+02:00,17.23488952646315,18.175875650501936,16.93773700795071,17.680620193481445,10009,0.0,0.0
2021-12-27 00:00:00+02:00,17.482518211653126,17.482518211653126,16.04627844124946,17.185365676879883,7605,0.0,0.0
2021-12-28 00:00:00+02:00,17.036789422837842,17.036789422837842,16.14532803932036,16.5910587310791,11800,0.0,0.0
2021-12-29 00:00:00+02:00,16.591058257894442,16.78916120174828,16.19485425943645,16.442481994628906,1334,0.0,0.0
2021-12-30 00:00:00+02:00,16.78916119805217,17.82919692993164,16.392955310431716,17.82919692993164,3774,0.0,0.0
2022-01-03 00:00:00+02:00,17.82919693750794,17.82919693750794,16.49200678934491,17.036788940429688,1180,0.0,0.0
2022-01-04 00:00:00+02:00,17.036789395252054,17.58156967163086,16.88821123873989,17.58156967163086,66575,0.0,0.0
2022-01-05 00:00:00+02:00,16.987261299780286,17.284415698827942,16.78916025633143,16.93773651123047,1690,0.0,0.0
2022-01-07 00:00:00+02:00,16.5910582505449,16.5910582505449,16.2443790435791,16.2443790435791,2397,0.0,0.0
2022-01-10 00:00:00+02:00,16.39295530677882,16.39295530677882,16.046277989062705,16.2443790435791,201518,0.0,0.0
2022-01-11 00:00:00+02:00,16.244379054527847,16.29390573512759,16.04627799987793,16.04627799987793,14347,0.0,0.0
2022-01-12 00:00:00+02:00,16.244379527741607,16.293906209784108,15.699599250022274,15.99675178527832,19879,0.0,0.0
2022-01-13 00:00:00+02:00,16.04627748609656,16.04627748609656,15.105291366577148,15.105291366577148,44875,0.0,0.0
2022-01-14 00:00:00+02:00,14.907189844228924,14.95671558018148,14.362408638000488,14.857664108276367,16759,0.0,0.0
2022-01-17 00:00:00+02:00,14.659562109090984,14.659562109090984,14.213832374767662,14.362408638000488,66768,0.0,0.0
2022-01-18 00:00:00+02:00,16.24437959566284,16.24437959566284,13.768102160676134,14.015729904174805,11397,0.0,0.0
2022-01-19 00:00:00+02:00,13.47094916581218,14.065255163212079,13.47094916581218,13.768101692199707,7847,0.0,0.0
2022-01-20 00:00:00+02:00,13.520473494297677,13.91667842362634,13.42142297043412,13.718576431274414,26381,0.0,0.0
2022-01-21 00:00:00+02:00,13.768101693913623,13.768101693913623,12.529963018395316,13.07474422454834,18458,0.0,0.0
2022-01-24 00:00:00+02:00,12.579488759881638,12.926167967029397,11.688029290965753,11.985182762145996,13818,0.0,0.0
2022-01-25 00:00:00+02:00,11.935657456206316,14.015729940160917,11.63850397431998,13.025218963623047,14583,0.0,0.0
2022-01-26 00:00:00+02:00,13.02521895483753,13.57000018049088,13.02521895483753,13.322372436523438,132284,0.0,0.0
2022-01-27 00:00:00+02:00,13.76810217770385,13.76810217770385,12.529963458679227,13.520474433898926,5583,0.0,0.0
2022-01-28 00:00:00+02:00,13.124269492638135,13.470948687274728,13.074743758457934,13.223320960998535,2189,0.0,0.0
2022-01-31 00:00:00+02:00,13.371897700914486,13.966204643249512,13.223321437643152,13.966204643249512,3146,0.0,0.0
2022-02-01 00:00:00+02:00,13.966205103151154,14.758613126191747,13.966205103151154,14.312883377075195,2114,0.0,0.0
2022-02-02 00:00:00+02:00,12.975694115322609,14.808138847351074,12.975694115322609,14.808138847351074,3137,0.0,0.0
2022-02-03 00:00:00+02:00,13.272846223835689,14.857664106364506,13.272846223835689,14.065255165100098,1793,0.0,0.0
2022-02-04 00:00:00+02:00,14.06525516346026,14.808138368691875,14.06525516346026,14.758612632751465,2652,0.0,0.0
2022-02-07 00:00:00+02:00,14.758612632751465,14.758612632751465,14.11478089940067,14.758612632751465,1474,0.0,0.0
2022-02-08 00:00:00+02:00,13.173795274439042,14.758612161560585,13.173795274439042,14.709087371826172,2640,0.0,0.0
2022-02-09 00:00:00+02:00,13.12426996398779,14.560510639046392,13.12426996398779,14.164306640625,6751,0.0,0.0
2022-02-10 00:00:00+02:00,14.16430613749482,14.362408129668738,13.223320966200106,13.421422958374023,5913,0.0,0.0
2022-02-11 00:00:00+02:00,13.173796176878655,14.263357684295384,13.025218963623047,13.025218963623047,4294,0.0,0.0
2022-02-14 00:00:00+02:00,13.025218488602638,13.718576902592766,12.92616796133608,13.07474422454834,687,0.0,0.0
2022-02-15 00:00:00+02:00,12.92616796133608,14.263357164120945,12.529963018395316,13.07474422454834,2150,0.0,0.0
2022-02-16 00:00:00+02:00,13.867152663896668,13.867152663896668,13.124269485473633,13.124269485473633,676,0.0,0.0
2022-02-17 00:00:00+02:00,13.0747446841219,14.312883403160429,12.381387190385299,13.619525909423828,3876,0.0,0.0
2022-02-18 00:00:00+02:00,13.867152671466709,13.867152671466709,13.173795226818335,13.223320960998535,184,0.0,0.0
2022-02-21 00:00:00+02:00,13.173795208474171,13.173795208474171,12.232810038859903,12.728065490722656,3839,0.0,0.0
2022-02-22 00:00:00+02:00,12.23281049019869,13.669051164666895,11.935657019192375,12.77759075164795,1760,0.0,0.0
2022-02-23 00:00:00+02:00,12.777591228460912,13.718577412532547,12.579489221939209,12.827116966247559,2023,0.0,0.0
2022-02-24 00:00:00+02:00,12.331861486680095,14.213832911579491,11.935657473345948,12.529963493347168,3967,0.0,0.0
2022-02-25 00:00:00+02:00,12.876642686307015,14.164307143862693,12.876642686307015,13.322372436523438,3548,0.0,0.0
2022-02-28 00:00:00+02:00,13.32237196332648,13.6195254344578,12.876642228941922,13.173795700073242,438,0.0,0.0
2022-03-01 00:00:00+02:00,12.629014934051147,13.76810217770385,12.579489196365188,13.520474433898926,1378,0.0,0.0
2022-03-02 00:00:00+02:00,11.935657456206316,13.173796176878655,11.886131718454447,13.025218963623047,347,0.0,0.0
2022-03-03 00:00:00+02:00,12.92616845118227,13.32237246451262,12.62901496887207,12.62901496887207,791,0.0,0.0
2022-03-04 00:00:00+02:00,11.935656560851447,12.87664172904932,11.440401109734164,12.232810020446777,4989,0.0,0.0
2022-03-07 00:00:00+02:00,11.489926877065198,13.223320960998535,11.291823940344395,13.223320960998535,4916,0.0,0.0
2022-03-08 00:00:00+02:00,13.173795214135945,13.322371471908701,12.728065496192865,12.926167488098145,1160,0.0,0.0
2022-03-09 00:00:00+02:00,13.421423435178394,13.966204641478962,12.629014493707096,13.669051170349121,4992,0.0,0.0
2022-03-10 00:00:00+02:00,13.669051172212248,13.817627435484999,13.124269965837424,13.470949172973633,1072,0.0,0.0
2022-03-11 00:00:00+02:00,13.520473957126871,13.867153164078779,13.520473957126871,13.768101692199707,1158,0.0,0.0
2022-03-14 00:00:00+02:00,13.768101692199707,13.768101692199707,13.768101692199707,13.768101692199707,0,0.0,0.0
2022-03-15 00:00:00+02:00,13.124270421660997,13.520474433898926,13.124270421660997,13.520474433898926,1678,0.0,0.0
2022-03-16 00:00:00+02:00,13.124270421660997,13.76810217770385,13.124270421660997,13.520474433898926,12709,0.0,0.0
2022-03-17 00:00:00+02:00,13.520474434050795,13.817627915545017,13.124270421808417,13.619525909423828,4349,0.0,0.0
2022-03-18 00:00:00+02:00,13.569999694824219,13.76810169398318,13.569999694824219,13.569999694824219,2259,0.0,0.0
2022-03-21 00:00:00+02:00,13.669051166716121,13.718576902662072,13.569999694824219,13.569999694824219,987,0.0,0.0
2022-03-22 00:00:00+02:00,13.61952543077017,13.916678901821033,13.569999694824219,13.569999694824219,40322,0.0,0.0
2022-03-23 00:00:00+02:00,13.569999694824219,13.966204637766985,13.569999694824219,13.569999694824219,165,0.0,0.0
2022-03-24 00:00:00+02:00,13.669051166716121,13.669051166716121,13.569999694824219,13.569999694824219,130,0.0,0.0
2022-03-25 00:00:00+02:00,13.569999694824219,13.569999694824219,13.569999694824219,13.569999694824219,108,0.0,0.0
2022-03-28 00:00:00+03:00,13.569999698430893,13.966204641478962,13.124269964048551,13.669051170349121,5662,0.0,0.0
2022-03-29 00:00:00+03:00,13.669051170349121,13.669051170349121,13.223321435966781,13.669051170349121,227,0.0,0.0
2022-03-30 00:00:00+03:00,13.718576904491783,13.768101695819496,13.37189769744873,13.37189769744873,18146,0.0,0.0
2022-03-31 00:00:00+03:00,12.926167488098145,13.52047346381398,12.926167488098145,12.926167488098145,81,0.0,0.0
2022-04-01 00:00:00+03:00,13.352087020874023,13.352087020874023,13.035123822280527,13.352087020874023,1532,0.0,0.0
2022-04-04 00:00:00+03:00,12.71816063210824,13.074744230762033,12.71816063210824,12.896452903747559,48,0.0,0.0
2022-04-05 00:00:00+03:00,13.05493449701092,13.569999694824219,13.05493449701092,13.569999694824219,21435,0.0,0.0
2022-04-06 00:00:00+03:00,13.539999961853027,13.539999961853027,13.0,13.0,426,0.13,0.0
2022-04-07 00:00:00+03:00,13.300000190734863,13.779999732971191,13.300000190734863,13.779999732971191,151,0.0,0.0
2022-04-08 00:00:00+03:00,13.4399995803833,13.4399995803833,13.260000228881836,13.399999618530273,925,0.0,0.0
2022-04-11 00:00:00+03:00,13.539999961853027,13.539999961853027,13.300000190734863,13.300000190734863,1488,0.0,0.0
2022-04-12 00:00:00+03:00,13.300000190734863,13.300000190734863,13.300000190734863,13.300000190734863,0,0.0,0.0
2022-04-13 00:00:00+03:00,13.300000190734863,13.5,13.300000190734863,13.300000190734863,397,0.0,0.0
2022-04-14 00:00:00+03:00,13.479999542236328,13.699999809265137,13.479999542236328,13.699999809265137,307,0.0,0.0
2022-04-19 00:00:00+03:00,13.899999618530273,13.899999618530273,13.899999618530273,13.899999618530273,57,0.0,0.0
2022-04-20 00:00:00+03:00,13.899999618530273,13.9399995803833,13.5,13.9399995803833,1953,0.0,0.0
2022-04-21 00:00:00+03:00,13.979999542236328,13.979999542236328,13.539999961853027,13.819999694824219,545,0.0,0.0
2022-04-22 00:00:00+03:00,13.899999618530273,13.899999618530273,13.399999618530273,13.699999809265137,1161,0.0,0.0
2022-04-25 00:00:00+03:00,13.399999618530273,13.399999618530273,13.199999809265137,13.199999809265137,679,0.0,0.0
2022-04-26 00:00:00+03:00,12.0600004196167,13.15999984741211,12.0600004196167,13.020000457763672,5298,0.0,0.0
2022-04-27 00:00:00+03:00,13.5,13.819999694824219,13.0,13.260000228881836,924,0.0,0.0
2022-04-28 00:00:00+03:00,13.600000381469727,13.600000381469727,12.699999809265137,12.960000038146973,127,0.0,0.0
2022-04-29 00:00:00+03:00,13.0,13.0,12.220000267028809,12.800000190734863,710,0.0,0.0
2022-05-02 00:00:00+03:00,12.779999732971191,12.800000190734863,12.300000190734863,12.800000190734863,1003,0.0,0.0
2022-05-03 00:00:00+03:00,12.300000190734863,12.800000190734863,12.300000190734863,12.460000038146973,338018,0.0,0.0
2022-05-04 00:00:00+03:00,12.460000038146973,12.460000038146973,12.460000038146973,12.460000038146973,0,0.0,0.0
2022-05-05 00:00:00+03:00,12.34000015258789,12.34000015258789,11.699999809265137,12.0,1045,0.0,0.0
2022-05-06 00:00:00+03:00,12.279999732971191,12.579999923706055,11.699999809265137,11.699999809265137,4952,0.0,0.0
2022-05-09 00:00:00+03:00,11.699999809265137,11.699999809265137,11.0,11.199999809265137,21841,0.0,0.0
2022-05-10 00:00:00+03:00,11.0600004196167,12.220000267028809,10.920000076293945,11.220000267028809,869,0.0,0.0
2022-05-11 00:00:00+03:00,11.220000267028809,12.0,11.100000381469727,12.0,165,0.0,0.0
2022-05-12 00:00:00+03:00,11.119999885559082,11.4399995803833,11.119999885559082,11.4399995803833,125,0.0,0.0
2022-05-13 00:00:00+03:00,12.140000343322754,12.140000343322754,11.239999771118164,11.960000038146973,453,0.0,0.0
2022-05-16 00:00:00+03:00,11.520000457763672,12.300000190734863,11.520000457763672,12.300000190734863,152,0.0,0.0
2022-05-17 00:00:00+03:00,12.479999542236328,12.5,11.520000457763672,12.020000457763672,1008,0.0,0.0
2022-05-18 00:00:00+03:00,12.100000381469727,12.899999618530273,11.819999694824219,12.899999618530273,3778,0.0,0.0
2022-05-19 00:00:00+03:00,12.520000457763672,12.539999961853027,12.5,12.5,1212,0.0,0.0
2022-05-20 00:00:00+03:00,12.819999694824219,13.020000457763672,12.399999618530273,12.399999618530273,2994,0.0,0.0
2022-05-23 00:00:00+03:00,12.399999618530273,12.399999618530273,12.399999618530273,12.399999618530273,0,0.0,0.0
2022-05-24 00:00:00+03:00,11.819999694824219,11.819999694824219,11.819999694824219,11.819999694824219,38,0.0,0.0
2022-05-25 00:00:00+03:00,11.819999694824219,11.84000015258789,11.760000228881836,11.84000015258789,115,0.0,0.0
2022-05-27 00:00:00+03:00,12.0,12.0,12.0,12.0,85,0.0,0.0
2022-05-30 00:00:00+03:00,12.199999809265137,12.279999732971191,12.199999809265137,12.279999732971191,110,0.0,0.0
2022-05-31 00:00:00+03:00,12.5,12.5,11.020000457763672,11.020000457763672,2043,0.0,0.0
2022-06-01 00:00:00+03:00,11.399999618530273,11.819999694824219,11.300000190734863,11.300000190734863,920,0.0,0.0
2022-06-02 00:00:00+03:00,11.579999923706055,11.859999656677246,11.4399995803833,11.4399995803833,139,0.0,0.0
2022-06-03 00:00:00+03:00,11.4399995803833,11.4399995803833,11.260000228881836,11.4399995803833,305,0.0,0.0
2022-06-06 00:00:00+03:00,11.720000267028809,11.720000267028809,11.720000267028809,11.720000267028809,240,0.0,0.0
2022-06-07 00:00:00+03:00,12.020000457763672,12.399999618530273,11.859999656677246,12.020000457763672,571,0.0,0.0
2022-06-08 00:00:00+03:00,12.020000457763672,13.699999809265137,12.020000457763672,12.9399995803833,513,0.0,0.0
2022-06-09 00:00:00+03:00,12.9399995803833,12.9399995803833,12.9399995803833,12.9399995803833,61,0.0,0.0
2022-06-10 00:00:00+03:00,11.15999984741211,11.760000228881836,11.15999984741211,11.760000228881836,166,0.0,0.0
2022-06-13 00:00:00+03:00,11.520000457763672,11.600000381469727,11.520000457763672,11.600000381469727,173,0.0,0.0
2022-06-14 00:00:00+03:00,11.5600004196167,11.5600004196167,11.520000457763672,11.520000457763672,114,0.0,0.0
2022-06-15 00:00:00+03:00,11.520000457763672,11.520000457763672,11.5,11.5,124,0.0,0.0
2022-06-16 00:00:00+03:00,11.399999618530273,11.399999618530273,11.279999732971191,11.279999732971191,268,0.0,0.0
2022-06-17 00:00:00+03:00,11.300000190734863,11.520000457763672,11.300000190734863,11.520000457763672,210,0.0,0.0
2022-06-20 00:00:00+03:00,11.0600004196167,11.199999809265137,11.0600004196167,11.199999809265137,43,0.0,0.0
2022-06-21 00:00:00+03:00,11.199999809265137,11.199999809265137,11.199999809265137,11.199999809265137,0,0.0,0.0
2022-06-22 00:00:00+03:00,11.0600004196167,11.0600004196167,11.0600004196167,11.0600004196167,100,0.0,0.0
2022-06-23 00:00:00+03:00,11.0600004196167,11.260000228881836,11.0600004196167,11.260000228881836,364,0.0,0.0
2022-06-27 00:00:00+03:00,11.260000228881836,11.260000228881836,11.260000228881836,11.260000228881836,43,0.0,0.0
2022-06-28 00:00:00+03:00,11.260000228881836,11.859999656677246,11.260000228881836,11.819999694824219,78,0.0,0.0
2022-06-29 00:00:00+03:00,11.84000015258789,11.84000015258789,11.84000015258789,11.84000015258789,15,0.0,0.0
2022-06-30 00:00:00+03:00,11.9399995803833,12.680000305175781,11.720000267028809,12.600000381469727,1165,0.0,0.0
2022-07-01 00:00:00+03:00,11.640000343322754,11.739999771118164,11.640000343322754,11.720000267028809,238,0.0,0.0
2022-07-04 00:00:00+03:00,12.479999542236328,13.0,12.399999618530273,13.0,774,0.0,0.0
2022-07-05 00:00:00+03:00,13.0,13.0,13.0,13.0,0,0.0,0.0
2022-07-06 00:00:00+03:00,12.880000114440918,12.880000114440918,11.739999771118164,12.859999656677246,741,0.0,0.0
2022-07-07 00:00:00+03:00,12.880000114440918,12.880000114440918,12.880000114440918,12.880000114440918,9,0.0,0.0
2022-07-08 00:00:00+03:00,12.779999732971191,12.779999732971191,12.600000381469727,12.600000381469727,734,0.0,0.0
2022-07-11 00:00:00+03:00,12.100000381469727,12.880000114440918,12.039999961853027,12.880000114440918,750,0.0,0.0
2022-07-12 00:00:00+03:00,12.0600004196167,12.859999656677246,12.020000457763672,12.5,1395,0.0,0.0
2022-07-13 00:00:00+03:00,12.0,12.479999542236328,11.84000015258789,12.279999732971191,284,0.0,0.0
2022-07-14 00:00:00+03:00,12.279999732971191,12.279999732971191,12.279999732971191,12.279999732971191,0,0.0,0.0
2022-07-15 00:00:00+03:00,12.5,12.5,12.140000343322754,12.5,416,0.0,0.0
2022-07-18 00:00:00+03:00,12.520000457763672,12.899999618530273,12.520000457763672,12.899999618530273,80,0.0,0.0
2022-07-19 00:00:00+03:00,12.899999618530273,12.899999618530273,12.699999809265137,12.800000190734863,197,0.0,0.0
2022-07-20 00:00:00+03:00,12.800000190734863,12.800000190734863,12.800000190734863,12.800000190734863,0,0.0,0.0
2022-07-21 00:00:00+03:00,13.979999542236328,13.979999542236328,12.699999809265137,12.699999809265137,125,0.0,0.0
2022-07-22 00:00:00+03:00,13.399999618530273,13.399999618530273,12.239999771118164,13.140000343322754,810,0.0,0.0
2022-07-25 00:00:00+03:00,13.119999885559082,13.260000228881836,12.520000457763672,13.100000381469727,213,0.0,0.0
2022-07-26 00:00:00+03:00,13.0,13.800000190734863,12.520000457763672,12.720000267028809,413,0.0,0.0
2022-07-27 00:00:00+03:00,12.720000267028809,13.15999984741211,12.699999809265137,12.899999618530273,231,0.0,0.0
2022-07-28 00:00:00+03:00,13.180000305175781,13.199999809265137,12.479999542236328,13.199999809265137,569,0.0,0.0
2022-07-29 00:00:00+03:00,12.699999809265137,13.84000015258789,12.699999809265137,13.0,682,0.0,0.0
2022-08-01 00:00:00+03:00,13.899999618530273,13.899999618530273,12.9399995803833,12.9399995803833,837,0.0,0.0
2022-08-02 00:00:00+03:00,13.520000457763672,13.520000457763672,12.380000114440918,12.5,267,0.0,0.0
2022-08-03 00:00:00+03:00,13.0,13.779999732971191,13.0,13.680000305175781,263,0.0,0.0
2022-08-04 00:00:00+03:00,13.579999923706055,13.579999923706055,12.520000457763672,13.199999809265137,168,0.0,0.0
2022-08-05 00:00:00+03:00,13.579999923706055,13.579999923706055,13.579999923706055,13.579999923706055,1,0.0,0.0
2022-08-08 00:00:00+03:00,12.520000457763672,13.359999656677246,12.520000457763672,13.359999656677246,143,0.0,0.0
2022-08-09 00:00:00+03:00,13.199999809265137,13.199999809265137,13.199999809265137,13.199999809265137,151,0.0,0.0
2022-08-10 00:00:00+03:00,12.640000343322754,13.140000343322754,12.640000343322754,13.140000343322754,521,0.0,0.0
2022-08-11 00:00:00+03:00,13.140000343322754,13.15999984741211,12.699999809265137,13.140000343322754,236,0.0,0.0
2022-08-12 00:00:00+03:00,13.140000343322754,13.960000038146973,13.140000343322754,13.760000228881836,1224,0.0,0.0
2022-08-15 00:00:00+03:00,14.0,14.319999694824219,12.800000190734863,14.079999923706055,415,0.0,0.0
2022-08-16 00:00:00+03:00,14.079999923706055,14.5,14.0,14.0,185,0.0,0.0
2022-08-17 00:00:00+03:00,14.0,14.479999542236328,14.0,14.0,557,0.0,0.0
2022-08-18 00:00:00+03:00,14.479999542236328,14.479999542236328,14.0,14.4399995803833,329,0.0,0.0
2022-08-19 00:00:00+03:00,14.479999542236328,14.479999542236328,14.0,14.0,258,0.0,0.0
2022-08-22 00:00:00+03:00,14.020000457763672,14.5,14.0,14.5,1986,0.0,0.0
2022-08-23 00:00:00+03:00,14.640000343322754,14.640000343322754,13.579999923706055,14.479999542236328,661,0.0,0.0
2022-08-24 00:00:00+03:00,14.020000457763672,14.680000305175781,14.0,14.5,1156,0.0,0.0
2022-08-25 00:00:00+03:00,14.0,14.199999809265137,13.399999618530273,14.199999809265137,537,0.0,0.0
2022-08-26 00:00:00+03:00,13.039999961853027,13.640000343322754,13.039999961853027,13.420000076293945,120,0.0,0.0
2022-08-29 00:00:00+03:00,13.15999984741211,13.319999694824219,13.079999923706055,13.079999923706055,458,0.0,0.0
2022-08-30 00:00:00+03:00,13.760000228881836,14.0,13.119999885559082,14.0,426,0.0,0.0
2022-08-31 00:00:00+03:00,13.9399995803833,13.9399995803833,13.140000343322754,13.800000190734863,325,0.0,0.0
2022-09-01 00:00:00+03:00,13.800000190734863,13.979999542236328,13.239999771118164,13.319999694824219,688,0.0,0.0
2022-09-02 00:00:00+03:00,13.979999542236328,14.199999809265137,13.0600004196167,13.619999885559082,577,0.0,0.0
2022-09-05 00:00:00+03:00,13.979999542236328,14.180000305175781,13.0600004196167,14.0,423,0.0,0.0
2022-09-06 00:00:00+03:00,14.0,14.0,12.699999809265137,12.979999542236328,1160,0.0,0.0
2022-09-07 00:00:00+03:00,12.84000015258789,13.199999809265137,12.600000381469727,12.600000381469727,900,0.0,0.0
2022-09-08 00:00:00+03:00,12.640000343322754,13.9399995803833,12.640000343322754,12.960000038146973,877,0.0,0.0
2022-09-09 00:00:00+03:00,12.960000038146973,13.819999694824219,12.9399995803833,13.180000305175781,417,0.0,0.0
2022-09-12 00:00:00+03:00,13.720000267028809,13.720000267028809,12.640000343322754,12.760000228881836,136,0.0,0.0
2022-09-13 00:00:00+03:00,12.739999771118164,13.0,12.739999771118164,13.0,627,0.0,0.0
2022-09-14 00:00:00+03:00,12.640000343322754,13.0,12.600000381469727,12.800000190734863,841,0.0,0.0
2022-09-15 00:00:00+03:00,12.600000381469727,13.899999618530273,12.600000381469727,12.739999771118164,156,0.0,0.0
2022-09-16 00:00:00+03:00,12.640000343322754,12.9399995803833,12.15999984741211,12.9399995803833,375,0.0,0.0
2022-09-19 00:00:00+03:00,12.199999809265137,12.199999809265137,12.199999809265137,12.199999809265137,39,0.0,0.0
2022-09-20 00:00:00+03:00,12.979999542236328,12.979999542236328,11.640000343322754,11.65999984741211,608,0.0,0.0
2022-09-21 00:00:00+03:00,10.920000076293945,11.800000190734863,10.800000190734863,11.600000381469727,1367,0.0,0.0
2022-09-22 00:00:00+03:00,10.899999618530273,11.9399995803833,10.899999618530273,11.279999732971191,1248,0.0,0.0
2022-09-23 00:00:00+03:00,11.9399995803833,11.979999542236328,10.960000038146973,10.960000038146973,446,0.0,0.0
2022-09-26 00:00:00+03:00,11.5,11.5,10.699999809265137,10.739999771118164,510,0.0,0.0
2022-09-27 00:00:00+03:00,10.680000305175781,10.680000305175781,10.0600004196167,10.65999984741211,961,0.0,0.0
2022-09-28 00:00:00+03:00,10.0,10.9399995803833,9.34000015258789,10.399999618530273,1780,0.0,0.0
2022-09-29 00:00:00+03:00,10.9399995803833,10.960000038146973,10.34000015258789,10.34000015258789,3355,0.0,0.0
2022-09-30 00:00:00+03:00,10.779999732971191,10.779999732971191,10.460000038146973,10.479999542236328,180,0.0,0.0
2022-10-03 00:00:00+03:00,11.180000305175781,11.180000305175781,9.520000457763672,11.079999923706055,197,0.0,0.0
2022-10-04 00:00:00+03:00,10.880000114440918,10.880000114440918,10.399999618530273,10.5,2729,0.0,0.0
2022-10-05 00:00:00+03:00,10.5,10.5,10.199999809265137,10.279999732971191,69,0.0,0.0
2022-10-06 00:00:00+03:00,10.199999809265137,12.579999923706055,10.199999809265137,12.180000305175781,329,0.0,0.0
2022-10-07 00:00:00+03:00,11.0,11.880000114440918,11.0,11.779999732971191,205,0.0,0.0
2022-10-10 00:00:00+03:00,11.800000190734863,11.800000190734863,10.140000343322754,11.760000228881836,286,0.0,0.0
2022-10-11 00:00:00+03:00,10.699999809265137,11.399999618530273,10.699999809265137,11.34000015258789,331,0.0,0.0
2022-10-12 00:00:00+03:00,10.960000038146973,10.960000038146973,10.960000038146973,10.960000038146973,244,0.0,0.0
2022-10-13 00:00:00+03:00,10.960000038146973,10.960000038146973,10.960000038146973,10.960000038146973,0,0.0,0.0
2022-10-14 00:00:00+03:00,10.960000038146973,10.960000038146973,10.960000038146973,10.960000038146973,0,0.0,0.0
2022-10-17 00:00:00+03:00,10.399999618530273,10.399999618530273,10.119999885559082,10.399999618530273,2874,0.0,0.0
2022-10-18 00:00:00+03:00,10.399999618530273,10.399999618530273,10.119999885559082,10.380000114440918,586,0.0,0.0
2022-10-19 00:00:00+03:00,10.180000305175781,11.180000305175781,10.180000305175781,11.180000305175781,188,0.0,0.0
2022-10-20 00:00:00+03:00,10.5,10.5,10.5,10.5,235,0.0,0.0
2022-10-21 00:00:00+03:00,10.520000457763672,10.520000457763672,10.5,10.5,70,0.0,0.0
2022-10-24 00:00:00+03:00,10.399999618530273,10.760000228881836,10.399999618530273,10.760000228881836,293,0.0,0.0
2022-10-25 00:00:00+03:00,10.699999809265137,10.760000228881836,10.600000381469727,10.760000228881836,39,0.0,0.0
2022-10-26 00:00:00+03:00,11.0,11.720000267028809,11.0,11.479999542236328,229,0.0,0.0
2022-10-27 00:00:00+03:00,10.5,11.0,10.5,10.760000228881836,315,0.0,0.0
2022-10-28 00:00:00+03:00,10.760000228881836,11.479999542236328,10.760000228881836,11.479999542236328,418,0.0,0.0
2022-10-31 00:00:00+02:00,10.5,11.0,10.100000381469727,10.859999656677246,5692,0.0,0.0
2022-11-01 00:00:00+02:00,10.859999656677246,11.140000343322754,10.859999656677246,11.0600004196167,165,0.0,0.0
2022-11-02 00:00:00+02:00,10.0,10.600000381469727,10.0,10.300000190734863,578,0.0,0.0
2022-11-03 00:00:00+02:00,10.079999923706055,10.279999732971191,10.0,10.0,1832,0.0,0.0
2022-11-04 00:00:00+02:00,10.100000381469727,10.100000381469727,10.0,10.079999923706055,584,0.0,0.0
2022-11-07 00:00:00+02:00,10.5,10.5,10.0,10.0,462,0.0,0.0
2022-11-08 00:00:00+02:00,9.949999809265137,10.279999732971191,9.899999618530273,9.899999618530273,1931,0.0,0.0
2022-11-09 00:00:00+02:00,9.989999771118164,9.989999771118164,9.800000190734863,9.800000190734863,581,0.0,0.0
2022-11-10 00:00:00+02:00,10.279999732971191,10.279999732971191,9.699999809265137,9.989999771118164,383,0.0,0.0
2022-11-11 00:00:00+02:00,10.180000305175781,10.180000305175781,9.800000190734863,9.899999618530273,544,0.0,0.0
2022-11-14 00:00:00+02:00,10.180000305175781,10.180000305175781,9.850000381469727,10.100000381469727,816,0.0,0.0
2022-11-15 00:00:00+02:00,10.0,10.020000457763672,9.729999542236328,9.729999542236328,2572,0.0,0.0
2022-11-16 00:00:00+02:00,9.989999771118164,10.279999732971191,9.989999771118164,10.140000343322754,1254,0.0,0.0
2022-11-17 00:00:00+02:00,10.300000190734863,10.300000190734863,9.729999542236328,10.119999885559082,314,0.0,0.0
2022-11-18 00:00:00+02:00,9.710000038146973,10.239999771118164,9.710000038146973,10.079999923706055,1643,0.0,0.0
2022-11-21 00:00:00+02:00,10.020000457763672,10.020000457763672,9.989999771118164,9.989999771118164,274,0.0,0.0
2022-11-22 00:00:00+02:00,9.970000267028809,9.970000267028809,9.699999809265137,9.760000228881836,300,0.0,0.0
2022-11-23 00:00:00+02:00,9.760000228881836,9.899999618530273,9.600000381469727,9.899999618530273,1987,0.0,0.0
2022-11-24 00:00:00+02:00,9.850000381469727,9.850000381469727,9.520000457763672,9.569999694824219,146,0.0,0.0
2022-11-25 00:00:00+02:00,9.789999961853027,9.789999961853027,8.390000343322754,8.789999961853027,7578,0.0,0.0
2022-11-28 00:00:00+02:00,8.720000267028809,8.8100004196167,8.119999885559082,8.239999771118164,7304,0.0,0.0
2022-11-29 00:00:00+02:00,8.479999542236328,8.479999542236328,8.119999885559082,8.260000228881836,62354,0.0,0.0
2022-11-30 00:00:00+02:00,8.390000343322754,8.390000343322754,8.140000343322754,8.369999885559082,1878,0.0,0.0
2022-12-01 00:00:00+02:00,8.109999656677246,8.399999618530273,8.109999656677246,8.399999618530273,76526,0.0,0.0
2022-12-02 00:00:00+02:00,8.399999618530273,9.350000381469727,8.390000343322754,9.300000190734863,3583,0.0,0.0
2022-12-05 00:00:00+02:00,9.390000343322754,9.390000343322754,8.630000114440918,8.710000038146973,876,0.0,0.0
2022-12-07 00:00:00+02:00,8.710000038146973,9.109999656677246,8.5600004196167,9.109999656677246,390,0.0,0.0
2022-12-08 00:00:00+02:00,9.100000381469727,9.109999656677246,8.59000015258789,8.59000015258789,338,0.0,0.0
2022-12-09 00:00:00+02:00,9.180000305175781,9.180000305175781,8.050000190734863,8.149999618530273,24814,0.0,0.0
2022-12-12 00:00:00+02:00,8.199999809265137,8.199999809265137,7.829999923706055,7.960000038146973,1375,0.0,0.0
2022-12-13 00:00:00+02:00,7.920000076293945,8.119999885559082,7.829999923706055,7.829999923706055,3187,0.0,0.0
2022-12-14 00:00:00+02:00,7.820000171661377,8.100000381469727,7.099999904632568,7.599999904632568,78066,0.0,0.0
2022-12-15 00:00:00+02:00,7.599999904632568,7.710000038146973,7.409999847412109,7.590000152587891,4229,0.0,0.0
2022-12-16 00:00:00+02:00,7.590000152587891,7.599999904632568,7.199999809265137,7.449999809265137,732,0.0,0.0
2022-12-19 00:00:00+02:00,7.260000228881836,7.489999771118164,7.230000019073486,7.230000019073486,2767,0.0,0.0
2022-12-20 00:00:00+02:00,7.230000019073486,7.340000152587891,7.159999847412109,7.21999979019165,3992,0.0,0.0
2022-12-21 00:00:00+02:00,7.260000228881836,7.260000228881836,7.059999942779541,7.25,5449,0.0,0.0
2022-12-22 00:00:00+02:00,7.150000095367432,7.320000171661377,7.0,7.210000038146973,6997,0.0,0.0
2022-12-23 00:00:00+02:00,7.25,7.309999942779541,7.150000095367432,7.199999809265137,2067,0.0,0.0
2022-12-27 00:00:00+02:00,7.159999847412109,7.480000019073486,7.110000133514404,7.210000038146973,6855,0.0,0.0
2022-12-28 00:00:00+02:00,7.210000038146973,7.21999979019165,7.090000152587891,7.119999885559082,1599,0.0,0.0
2022-12-29 00:00:00+02:00,7.090000152587891,7.710000038146973,7.090000152587891,7.480000019073486,32770,0.0,0.0
2022-12-30 00:00:00+02:00,7.449999809265137,8.260000228881836,7.309999942779541,7.960000038146973,16814,0.0,0.0
2023-01-02 00:00:00+02:00,7.960000038146973,7.960000038146973,7.670000076293945,7.690000057220459,941,0.0,0.0
2023-01-03 00:00:00+02:00,7.690000057220459,7.690000057220459,7.519999980926514,7.690000057220459,1095,0.0,0.0
2023-01-04 00:00:00+02:00,7.690000057220459,7.800000190734863,7.510000228881836,7.510000228881836,2053,0.0,0.0
2023-01-05 00:00:00+02:00,7.619999885559082,7.889999866485596,7.550000190734863,7.559999942779541,549,0.0,0.0
2023-01-09 00:00:00+02:00,7.789999961853027,7.900000095367432,7.610000133514404,7.610000133514404,5396,0.0,0.0
2023-01-10 00:00:00+02:00,7.559999942779541,7.739999771118164,7.199999809265137,7.739999771118164,1003,0.0,0.0
2023-01-11 00:00:00+02:00,7.679999828338623,7.889999866485596,7.340000152587891,7.769999980926514,11045,0.0,0.0
2023-01-12 00:00:00+02:00,7.590000152587891,7.889999866485596,7.559999942779541,7.610000133514404,4260,0.0,0.0
2023-01-13 00:00:00+02:00,7.889999866485596,7.889999866485596,7.519999980926514,7.619999885559082,220,0.0,0.0
2023-01-16 00:00:00+02:00,7.840000152587891,7.840000152587891,7.619999885559082,7.659999847412109,37,0.0,0.0
2023-01-17 00:00:00+02:00,7.699999809265137,7.869999885559082,7.699999809265137,7.840000152587891,1901,0.0,0.0
2023-01-18 00:00:00+02:00,7.789999961853027,7.789999961853027,7.789999961853027,7.789999961853027,1,0.0,0.0
2023-01-19 00:00:00+02:00,7.599999904632568,7.630000114440918,7.440000057220459,7.440000057220459,1911,0.0,0.0
2023-01-20 00:00:00+02:00,7.510000228881836,7.610000133514404,7.380000114440918,7.400000095367432,4217,0.0,0.0
2023-01-23 00:00:00+02:00,7.449999809265137,7.639999866485596,7.400000095367432,7.449999809265137,1699,0.0,0.0
2023-01-24 00:00:00+02:00,7.590000152587891,7.650000095367432,7.510000228881836,7.639999866485596,1426,0.0,0.0
2023-01-25 00:00:00+02:00,7.590000152587891,7.590000152587891,7.460000038146973,7.460000038146973,66,0.0,0.0
2023-01-26 00:00:00+02:00,7.329999923706055,7.449999809265137,7.300000190734863,7.449999809265137,1067,0.0,0.0
2023-01-27 00:00:00+02:00,7.289999961853027,7.539999961853027,7.28000020980835,7.489999771118164,4852,0.0,0.0
2023-01-30 00:00:00+02:00,7.5,7.5,7.300000190734863,7.320000171661377,3317,0.0,0.0
2023-01-31 00:00:00+02:00,7.320000171661377,7.360000133514404,7.21999979019165,7.300000190734863,2439,0.0,0.0
2023-02-01 00:00:00+02:00,7.289999961853027,7.300000190734863,7.25,7.300000190734863,391,0.0,0.0
2023-02-02 00:00:00+02:00,7.579999923706055,7.579999923706055,7.440000057220459,7.440000057220459,162,0.0,0.0
2023-02-03 00:00:00+02:00,7.320000171661377,7.590000152587891,7.300000190734863,7.309999942779541,1802,0.0,0.0
2023-02-06 00:00:00+02:00,7.5,7.5,7.230000019073486,7.269999980926514,878,0.0,0.0
2023-02-07 00:00:00+02:00,7.369999885559082,7.369999885559082,7.369999885559082,7.369999885559082,3,0.0,0.0
2023-02-08 00:00:00+02:00,7.5,7.789999961853027,7.489999771118164,7.489999771118164,2206,0.0,0.0
2023-02-09 00:00:00+02:00,7.489999771118164,7.769999980926514,7.489999771118164,7.489999771118164,465,0.0,0.0
2023-02-10 00:00:00+02:00,7.489999771118164,7.489999771118164,7.449999809265137,7.449999809265137,1697,0.0,0.0
2023-02-13 00:00:00+02:00,7.449999809265137,7.5,7.449999809265137,7.5,55,0.0,0.0
2023-02-14 00:00:00+02:00,7.550000190734863,7.670000076293945,7.550000190734863,7.670000076293945,1385,0.0,0.0
2023-02-15 00:00:00+02:00,7.679999828338623,7.699999809265137,7.670000076293945,7.699999809265137,6648,0.0,0.0
2023-02-16 00:00:00+02:00,7.920000076293945,8.899999618530273,7.920000076293945,8.899999618530273,1103,0.0,0.0
2023-02-17 00:00:00+02:00,8.899999618530273,9.350000381469727,8.800000190734863,8.930000305175781,7657,0.0,0.0
2023-02-20 00:00:00+02:00,9.039999961853027,9.039999961853027,8.079999923706055,8.5,5260,0.0,0.0
2023-02-21 00:00:00+02:00,8.0600004196167,8.390000343322754,7.840000152587891,8.380000114440918,3991,0.0,0.0
2023-02-22 00:00:00+02:00,8.239999771118164,8.289999961853027,7.900000095367432,7.900000095367432,6953,0.0,0.0
2023-02-23 00:00:00+02:00,7.829999923706055,8.319999694824219,7.829999923706055,7.849999904632568,1819,0.0,0.0
2023-02-24 00:00:00+02:00,7.900000095367432,8.09000015258789,7.900000095367432,8.069999694824219,506,0.0,0.0
2023-02-27 00:00:00+02:00,8.300000190734863,8.350000381469727,7.840000152587891,7.900000095367432,474,0.0,0.0
2023-02-28 00:00:00+02:00,7.849999904632568,8.0,7.840000152587891,8.0,149,0.0,0.0
2023-03-01 00:00:00+02:00,8.0,8.0,7.820000171661377,7.820000171661377,384,0.0,0.0
2023-03-02 00:00:00+02:00,7.800000190734863,7.800000190734863,7.639999866485596,7.789999961853027,372,0.0,0.0
2023-03-03 00:00:00+02:00,8.010000228881836,8.199999809265137,8.010000228881836,8.050000190734863,2538,0.0,0.0
2023-03-06 00:00:00+02:00,8.1899995803833,8.199999809265137,8.1899995803833,8.199999809265137,1372,0.0,0.0
2023-03-07 00:00:00+02:00,8.289999961853027,9.1899995803833,8.270000457763672,8.579999923706055,2454,0.0,0.0
2023-03-08 00:00:00+02:00,8.949999809265137,8.949999809265137,8.5,8.5,458,0.0,0.0
2023-03-09 00:00:00+02:00,8.869999885559082,8.869999885559082,8.279999732971191,8.279999732971191,218,0.0,0.0
2023-03-10 00:00:00+02:00,8.300000190734863,8.300000190734863,8.0600004196167,8.220000267028809,713,0.0,0.0
2023-03-13 00:00:00+02:00,8.220000267028809,8.220000267028809,7.619999885559082,7.789999961853027,2272,0.0,0.0
2023-03-14 00:00:00+02:00,7.800000190734863,8.0,7.75,8.0,3058,0.0,0.0
2023-03-15 00:00:00+02:00,7.900000095367432,7.900000095367432,7.900000095367432,7.900000095367432,10,0.0,0.0
2023-03-16 00:00:00+02:00,8.670000076293945,8.670000076293945,7.900000095367432,8.529999732971191,3072,0.0,0.0
2023-03-17 00:00:00+02:00,8.25,8.270000457763672,8.199999809265137,8.199999809265137,2210,0.0,0.0
2023-03-20 00:00:00+02:00,8.210000038146973,8.210000038146973,8.050000190734863,8.050000190734863,20126,0.0,0.0
2023-03-21 00:00:00+02:00,8.100000381469727,8.220000267028809,8.100000381469727,8.220000267028809,1247,0.0,0.0
2023-03-22 00:00:00+02:00,8.239999771118164,8.789999961853027,8.239999771118164,8.779999732971191,403,0.0,0.0
2023-03-23 00:00:00+02:00,8.710000038146973,8.710000038146973,8.5,8.520000457763672,264,0.0,0.0
2023-03-24 00:00:00+02:00,8.520000457763672,8.779999732971191,8.520000457763672,8.760000228881836,620,0.0,0.0
2023-03-27 00:00:00+03:00,8.75,8.890000343322754,8.75,8.800000190734863,649,0.0,0.0
2023-03-28 00:00:00+03:00,8.800000190734863,8.800000190734863,7.900000095367432,8.020000457763672,193,0.0,0.0
2023-03-29 00:00:00+03:00,8.119999885559082,8.119999885559082,8.119999885559082,8.119999885559082,159,0.0,0.0
2023-03-30 00:00:00+03:00,8.479999542236328,8.479999542236328,8.050000190734863,8.050000190734863,420,0.0,0.0
2023-03-31 00:00:00+03:00,8.229999542236328,8.239999771118164,7.71999979019165,7.909999847412109,1838,0.0,0.0
2023-04-03 00:00:00+03:00,8.199999809265137,8.359999656677246,7.659999847412109,8.319999694824219,1446,0.0,0.0
2023-04-04 00:00:00+03:00,8.319999694824219,8.399999618530273,8.319999694824219,8.399999618530273,1000,0.0,0.0
2023-04-05 00:00:00+03:00,8.380000114440918,8.399999618530273,8.380000114440918,8.399999618530273,119,0.0,0.0
2023-04-06 00:00:00+03:00,8.399999618530273,8.699999809265137,8.399999618530273,8.699999809265137,1878,0.0,0.0
2023-04-11 00:00:00+03:00,8.699999809265137,8.699999809265137,8.180000305175781,8.279999732971191,681,0.0,0.0
2023-04-12 00:00:00+03:00,8.5,8.699999809265137,8.199999809265137,8.239999771118164,287,0.0,0.0
2023-04-13 00:00:00+03:00,8.220000267028809,8.680000305175781,8.220000267028809,8.260000228881836,430,0.0,0.0
2023-04-14 00:00:00+03:00,8.680000305175781,8.680000305175781,8.34000015258789,8.34000015258789,1152,0.0,0.0
2023-04-17 00:00:00+03:00,8.399999618530273,8.399999618530273,8.34000015258789,8.359999656677246,63,0.0,0.0
2023-04-18 00:00:00+03:00,8.699999809265137,8.699999809265137,8.239999771118164,8.680000305175781,2006,0.0,0.0
2023-04-19 00:00:00+03:00,8.680000305175781,8.680000305175781,8.680000305175781,8.680000305175781,76,0.0,0.0
2023-04-20 00:00:00+03:00,8.260000228881836,8.680000305175781,8.260000228881836,8.680000305175781,107,0.0,0.0
2023-04-21 00:00:00+03:00,8.34000015258789,8.680000305175781,8.279999732971191,8.279999732971191,311,0.0,0.0
2023-04-24 00:00:00+03:00,8.680000305175781,8.680000305175781,7.900000095367432,8.65999984741211,12316,0.0,0.0
2023-04-25 00:00:00+03:00,8.65999984741211,8.65999984741211,8.640000343322754,8.640000343322754,221836,0.0,0.0
2023-04-26 00:00:00+03:00,8.619999885559082,8.619999885559082,8.619999885559082,8.619999885559082,105,0.0,0.0
2023-04-27 00:00:00+03:00,8.399999618530273,8.680000305175781,8.399999618530273,8.680000305175781,584,0.0,0.0
2023-04-28 00:00:00+03:00,8.699999809265137,8.699999809265137,7.760000228881836,8.539999961853027,6852,0.0,0.0
2023-05-02 00:00:00+03:00,7.880000114440918,8.039999961853027,7.880000114440918,8.039999961853027,115,0.0,0.0
2023-05-03 00:00:00+03:00,8.319999694824219,8.319999694824219,7.820000171661377,7.820000171661377,474,0.0,0.0
2023-05-04 00:00:00+03:00,8.0,8.199999809265137,8.0,8.199999809265137,623,0.0,0.0
2023-05-05 00:00:00+03:00,8.020000457763672,8.020000457763672,8.020000457763672,8.020000457763672,300,0.0,0.0
2023-05-08 00:00:00+03:00,8.100000381469727,8.199999809265137,7.739999771118164,8.199999809265137,1250,0.0,0.0
2023-05-09 00:00:00+03:00,8.0,8.0,8.0,8.0,42,0.0,0.0
2023-05-10 00:00:00+03:00,8.0,8.140000343322754,7.820000171661377,7.880000114440918,1696,0.0,0.0
2023-05-11 00:00:00+03:00,7.579999923706055,8.0,7.579999923706055,8.0,1647,0.0,0.0
2023-05-12 00:00:00+03:00,8.0,8.0,8.0,8.0,0,0.0,0.0
2023-05-15 00:00:00+03:00,7.440000057220459,7.980000019073486,7.440000057220459,7.980000019073486,132,0.0,0.0
2023-05-16 00:00:00+03:00,7.980000019073486,7.980000019073486,7.840000152587891,7.840000152587891,686,0.0,0.0
2023-05-17 00:00:00+03:00,7.539999961853027,7.960000038146973,7.539999961853027,7.960000038146973,73,0.0,0.0
2023-05-19 00:00:00+03:00,7.960000038146973,7.960000038146973,7.960000038146973,7.960000038146973,200,0.0,0.0
2023-05-22 00:00:00+03:00,8.399999618530273,8.399999618530273,7.960000038146973,7.960000038146973,1540,0.0,0.0
2023-05-23 00:00:00+03:00,8.0,8.0,7.679999828338623,7.920000076293945,1433,0.0,0.0
2023-05-24 00:00:00+03:00,7.920000076293945,7.920000076293945,7.920000076293945,7.920000076293945,0,0.0,0.0
2023-05-25 00:00:00+03:00,7.920000076293945,7.920000076293945,7.920000076293945,7.920000076293945,0,0.0,0.0
2023-05-26 00:00:00+03:00,7.619999885559082,7.760000228881836,7.619999885559082,7.760000228881836,151,0.0,0.0
2023-05-29 00:00:00+03:00,7.71999979019165,7.71999979019165,7.519999980926514,7.619999885559082,120,0.0,0.0
2023-05-30 00:00:00+03:00,7.400000095367432,7.400000095367432,7.199999809265137,7.300000190734863,3765,0.0,0.0
2023-05-31 00:00:00+03:00,7.300000190734863,7.980000019073486,7.300000190734863,7.440000057220459,90,0.0,0.0
2023-06-01 00:00:00+03:00,7.599999904632568,8.079999923706055,7.460000038146973,7.559999942779541,1302,0.0,0.0
2023-06-02 00:00:00+03:00,7.860000133514404,7.880000114440918,7.0,7.840000152587891,965,0.0,0.0
2023-06-05 00:00:00+03:00,7.260000228881836,7.900000095367432,7.059999942779541,7.400000095367432,400,0.0,0.0
2023-06-06 00:00:00+03:00,7.400000095367432,7.539999961853027,7.0,7.460000038146973,2262,0.0,0.0
2023-06-07 00:00:00+03:00,7.460000038146973,7.460000038146973,7.119999885559082,7.440000057220459,866,0.0,0.0
2023-06-08 00:00:00+03:00,7.099999904632568,7.119999885559082,7.019999980926514,7.099999904632568,416,0.0,0.0
2023-06-09 00:00:00+03:00,7.5,7.5,7.139999866485596,7.300000190734863,201,0.0,0.0
2023-06-12 00:00:00+03:00,7.300000190734863,7.960000038146973,7.300000190734863,7.900000095367432,1159,0.0,0.0
2023-06-13 00:00:00+03:00,7.880000114440918,7.880000114440918,7.380000114440918,7.460000038146973,269,0.0,0.0
2023-06-14 00:00:00+03:00,7.400000095367432,7.400000095367432,7.400000095367432,7.400000095367432,52,0.0,0.0
2023-06-15 00:00:00+03:00,7.579999923706055,7.579999923706055,7.440000057220459,7.440000057220459,158,0.0,0.0
2023-06-16 00:00:00+03:00,7.800000190734863,7.800000190734863,7.420000076293945,7.420000076293945,862,0.0,0.0
2023-06-19 00:00:00+03:00,8.100000381469727,8.100000381469727,7.699999809265137,8.100000381469727,1161,0.0,0.0
2023-06-20 00:00:00+03:00,8.100000381469727,8.420000076293945,8.100000381469727,8.420000076293945,125,0.0,0.0
2023-06-21 00:00:00+03:00,8.079999923706055,8.119999885559082,8.0,8.119999885559082,1265,0.0,0.0
2023-06-22 00:00:00+03:00,8.119999885559082,8.420000076293945,7.940000057220459,8.140000343322754,531,0.0,0.0
2023-06-26 00:00:00+03:00,8.140000343322754,8.300000190734863,8.0,8.0,700,0.0,0.0
2023-06-27 00:00:00+03:00,8.0,8.0,8.0,8.0,0,0.0,0.0
2023-06-28 00:00:00+03:00,8.119999885559082,8.119999885559082,7.639999866485596,7.739999771118164,194,0.0,0.0
2023-06-29 00:00:00+03:00,7.960000038146973,8.140000343322754,7.960000038146973,8.140000343322754,69,0.0,0.0
2023-06-30 00:00:00+03:00,8.100000381469727,8.119999885559082,8.100000381469727,8.119999885559082,300,0.0,0.0
2023-07-03 00:00:00+03:00,8.140000343322754,8.140000343322754,7.980000019073486,8.0,1270,0.0,0.0
2023-07-04 00:00:00+03:00,8.140000343322754,8.140000343322754,8.039999961853027,8.0600004196167,1069,0.0,0.0
2023-07-05 00:00:00+03:00,8.100000381469727,8.140000343322754,7.820000171661377,7.820000171661377,643,0.0,0.0
2023-07-06 00:00:00+03:00,7.820000171661377,7.820000171661377,7.820000171661377,7.820000171661377,68,0.0,0.0
2023-07-07 00:00:00+03:00,7.679999828338623,7.820000171661377,7.679999828338623,7.820000171661377,467,0.0,0.0
2023-07-10 00:00:00+03:00,7.820000171661377,8.119999885559082,7.820000171661377,8.119999885559082,1089,0.0,0.0
2023-07-11 00:00:00+03:00,8.020000457763672,8.020000457763672,8.020000457763672,8.020000457763672,458,0.0,0.0
2023-07-12 00:00:00+03:00,8.119999885559082,8.119999885559082,7.679999828338623,8.0,395,0.0,0.0
2023-07-13 00:00:00+03:00,8.0,8.0,8.0,8.0,355,0.0,0.0
2023-07-14 00:00:00+03:00,7.900000095367432,7.900000095367432,7.699999809265137,7.800000190734863,110,0.0,0.0
2023-07-17 00:00:00+03:00,7.800000190734863,8.0,7.699999809265137,8.0,816,0.0,0.0
2023-07-18 00:00:00+03:00,7.78000020980835,8.0,7.78000020980835,8.0,1980,0.0,0.0
2023-07-19 00:00:00+03:00,8.0,8.0,7.880000114440918,7.880000114440918,619,0.0,0.0
2023-07-20 00:00:00+03:00,7.980000019073486,7.980000019073486,7.960000038146973,7.980000019073486,314,0.0,0.0
2023-07-21 00:00:00+03:00,7.980000019073486,8.079999923706055,7.71999979019165,7.860000133514404,2406,0.0,0.0
2023-07-24 00:00:00+03:00,7.900000095367432,7.900000095367432,7.559999942779541,7.599999904632568,1537,0.0,0.0
2023-07-25 00:00:00+03:00,7.559999942779541,8.119999885559082,7.559999942779541,7.579999923706055,410,0.0,0.0
2023-07-26 00:00:00+03:00,7.579999923706055,7.800000190734863,7.579999923706055,7.659999847412109,1698,0.0,0.0
2023-07-27 00:00:00+03:00,7.5,7.639999866485596,7.400000095367432,7.400000095367432,607,0.0,0.0
2023-07-28 00:00:00+03:00,7.5,7.5,7.199999809265137,7.28000020980835,310,0.0,0.0
2023-07-31 00:00:00+03:00,7.239999771118164,7.300000190734863,7.239999771118164,7.300000190734863,29,0.0,0.0
2023-08-01 00:00:00+03:00,7.239999771118164,8.079999923706055,7.239999771118164,8.079999923706055,652,0.0,0.0
2023-08-02 00:00:00+03:00,8.0,8.0,7.460000038146973,7.599999904632568,924,0.0,0.0
2023-08-03 00:00:00+03:00,7.519999980926514,7.519999980926514,7.460000038146973,7.460000038146973,45,0.0,0.0
2023-08-04 00:00:00+03:00,7.480000019073486,7.980000019073486,7.480000019073486,7.900000095367432,350,0.0,0.0
2023-08-07 00:00:00+03:00,7.679999828338623,7.980000019073486,7.679999828338623,7.980000019073486,343,0.0,0.0
2023-08-08 00:00:00+03:00,7.800000190734863,7.800000190734863,7.800000190734863,7.800000190734863,40,0.0,0.0
2023-08-09 00:00:00+03:00,7.800000190734863,7.800000190734863,7.800000190734863,7.800000190734863,0,0.0,0.0
2023-08-10 00:00:00+03:00,7.699999809265137,7.699999809265137,7.699999809265137,7.699999809265137,5,0.0,0.0
2023-08-11 00:00:00+03:00,7.519999980926514,7.860000133514404,7.440000057220459,7.820000171661377,1327,0.0,0.0
2023-08-14 00:00:00+03:00,7.800000190734863,7.800000190734863,7.400000095367432,7.400000095367432,2882,0.0,0.0
2023-08-15 00:00:00+03:00,7.400000095367432,7.71999979019165,7.159999847412109,7.159999847412109,1570,0.0,0.0
2023-08-16 00:00:00+03:00,7.320000171661377,7.320000171661377,6.5,6.980000019073486,7180,0.0,0.0
2023-08-17 00:00:00+03:00,7.239999771118164,7.420000076293945,6.699999809265137,6.820000171661377,3668,0.0,0.0
2023-08-18 00:00:00+03:00,7.480000019073486,7.480000019073486,6.760000228881836,6.840000152587891,1768,0.0,0.0
2023-08-21 00:00:00+03:00,7.480000019073486,7.480000019073486,6.840000152587891,6.880000114440918,2498,0.0,0.0
2023-08-22 00:00:00+03:00,6.840000152587891,7.0,6.699999809265137,6.699999809265137,1175,0.0,0.0
2023-08-23 00:00:00+03:00,6.699999809265137,6.699999809265137,6.679999828338623,6.699999809265137,1109,0.0,0.0
2023-08-24 00:00:00+03:00,6.699999809265137,6.820000171661377,6.5,6.5,614,0.0,0.0
2023-08-25 00:00:00+03:00,6.519999980926514,6.920000076293945,6.5,6.539999961853027,3077,0.0,0.0
2023-08-28 00:00:00+03:00,6.300000190734863,6.539999961853027,6.300000190734863,6.360000133514404,1511,0.0,0.0
2023-08-29 00:00:00+03:00,6.420000076293945,6.579999923706055,6.239999771118164,6.239999771118164,6573,0.0,0.0
2023-08-30 00:00:00+03:00,6.239999771118164,6.260000228881836,6.21999979019165,6.21999979019165,988,0.0,0.0
2023-08-31 00:00:00+03:00,6.21999979019165,6.21999979019165,6.159999847412109,6.179999828338623,2205,0.0,0.0
2023-09-01 00:00:00+03:00,6.21999979019165,6.260000228881836,5.900000095367432,6.159999847412109,4434,0.0,0.0
2023-09-04 00:00:00+03:00,5.920000076293945,6.28000020980835,5.920000076293945,6.019999980926514,4464,0.0,0.0
2023-09-05 00:00:00+03:00,6.019999980926514,6.239999771118164,5.900000095367432,6.099999904632568,5803,0.0,0.0
2023-09-06 00:00:00+03:00,6.260000228881836,6.260000228881836,5.960000038146973,6.179999828338623,1112,0.0,0.0
2023-09-07 00:00:00+03:00,6.179999828338623,6.340000152587891,6.179999828338623,6.239999771118164,4116,0.0,0.0
2023-09-08 00:00:00+03:00,6.260000228881836,6.260000228881836,6.019999980926514,6.099999904632568,2574,0.0,0.0
2023-09-11 00:00:00+03:00,6.0,6.059999942779541,6.0,6.039999961853027,970,0.0,0.0
2023-09-12 00:00:00+03:00,5.940000057220459,5.940000057220459,5.800000190734863,5.800000190734863,2865,0.0,0.0
2023-09-13 00:00:00+03:00,5.840000152587891,5.840000152587891,5.360000133514404,5.800000190734863,3148,0.0,0.0
2023-09-14 00:00:00+03:00,5.900000095367432,5.900000095367432,5.659999847412109,5.900000095367432,2013,0.0,0.0
2023-09-15 00:00:00+03:00,5.619999885559082,5.78000020980835,5.539999961853027,5.599999904632568,8584,0.0,0.0
2023-09-18 00:00:00+03:00,5.760000228881836,5.760000228881836,5.440000057220459,5.699999809265137,511,0.0,0.0
2023-09-19 00:00:00+03:00,6.420000076293945,6.420000076293945,5.5,5.599999904632568,2262,0.0,0.0
2023-09-20 00:00:00+03:00,5.5,5.920000076293945,5.5,5.800000190734863,698,0.0,0.0
2023-09-21 00:00:00+03:00,5.800000190734863,5.800000190734863,5.800000190734863,5.800000190734863,0,0.0,0.0
2023-09-22 00:00:00+03:00,5.5,6.039999961853027,5.400000095367432,5.480000019073486,4296,0.0,0.0
2023-09-25 00:00:00+03:00,5.559999942779541,5.559999942779541,5.400000095367432,5.519999980926514,2074,0.0,0.0
2023-09-26 00:00:00+03:00,5.519999980926514,5.519999980926514,5.380000114440918,5.380000114440918,2416,0.0,0.0
2023-09-27 00:00:00+03:00,5.659999847412109,5.659999847412109,5.420000076293945,5.5,1363,0.0,0.0
2023-09-28 00:00:00+03:00,5.440000057220459,5.920000076293945,5.440000057220459,5.78000020980835,1249,0.0,0.0
2023-09-29 00:00:00+03:00,6.059999942779541,6.059999942779541,5.400000095367432,5.659999847412109,2039,0.0,0.0
2023-10-02 00:00:00+03:00,5.659999847412109,5.659999847412109,5.360000133514404,5.5,2264,0.0,0.0
2023-10-03 00:00:00+03:00,5.480000019073486,5.480000019073486,5.0,5.199999809265137,7838,0.0,0.0
2023-10-04 00:00:00+03:00,5.039999961853027,5.21999979019165,5.0,5.0,3229,0.0,0.0
2023-10-05 00:00:00+03:00,5.019999980926514,5.179999828338623,5.0,5.0,1050,0.0,0.0
2023-10-06 00:00:00+03:00,4.989999771118164,5.039999961853027,4.699999809265137,4.800000190734863,59800,0.0,0.0
2023-10-09 00:00:00+03:00,5.039999961853027,5.039999961853027,4.699999809265137,4.699999809265137,3715,0.0,0.0
2023-10-10 00:00:00+03:00,4.769999980926514,4.789999961853027,4.579999923706055,4.769999980926514,2872,0.0,0.0
2023-10-11 00:00:00+03:00,4.769999980926514,4.769999980926514,4.599999904632568,4.679999828338623,14947,0.0,0.0
2023-10-12 00:00:00+03:00,4.769999980926514,4.809999942779541,4.610000133514404,4.699999809265137,2911,0.0,0.0
2023-10-13 00:00:00+03:00,5.019999980926514,5.019999980926514,5.019999980926514,5.019999980926514,1,0.0,0.0
2023-10-16 00:00:00+03:00,5.099999904632568,5.21999979019165,4.900000095367432,4.900000095367432,1241,0.0,0.0
2023-10-17 00:00:00+03:00,4.900000095367432,4.900000095367432,4.75,4.800000190734863,1301,0.0,0.0
2023-10-18 00:00:00+03:00,4.800000190734863,4.800000190734863,4.800000190734863,4.800000190734863,0,0.0,0.0
2023-10-19 00:00:00+03:00,4.590000152587891,4.869999885559082,4.590000152587891,4.710000038146973,769,0.0,0.0
2023-10-20 00:00:00+03:00,4.920000076293945,4.920000076293945,4.559999942779541,4.559999942779541,1345,0.0,0.0
2023-10-23 00:00:00+03:00,4.559999942779541,4.920000076293945,4.53000020980835,4.920000076293945,441,0.0,0.0
2023-10-24 00:00:00+03:00,4.940000057220459,4.940000057220459,4.800000190734863,4.800000190734863,1068,0.0,0.0
2023-10-25 00:00:00+03:00,4.53000020980835,4.920000076293945,4.53000020980835,4.920000076293945,843,0.0,0.0
2023-10-26 00:00:00+03:00,4.920000076293945,5.21999979019165,4.789999961853027,5.159999847412109,7711,0.0,0.0
2023-10-27 00:00:00+03:00,5.239999771118164,5.920000076293945,5.239999771118164,5.519999980926514,7177,0.0,0.0
2023-10-30 00:00:00+02:00,5.320000171661377,5.579999923706055,5.239999771118164,5.239999771118164,1601,0.0,0.0
2023-10-31 00:00:00+02:00,5.079999923706055,5.28000020980835,5.079999923706055,5.079999923706055,1655,0.0,0.0
2023-11-01 00:00:00+02:00,5.119999885559082,5.360000133514404,5.019999980926514,5.360000133514404,998,0.0,0.0
2023-11-02 00:00:00+02:00,5.019999980926514,5.340000152587891,4.849999904632568,4.920000076293945,8607,0.0,0.0
2023-11-03 00:00:00+02:00,5.28000020980835,5.28000020980835,4.920000076293945,4.929999828338623,4848,0.0,0.0
2023-11-06 00:00:00+02:00,4.940000057220459,5.0,4.929999828338623,4.989999771118164,7426,0.0,0.0
2023-11-07 00:00:00+02:00,4.900000095367432,5.0,4.710000038146973,4.829999923706055,8679,0.0,0.0
2023-11-08 00:00:00+02:00,4.820000171661377,5.139999866485596,4.820000171661377,5.139999866485596,94037,0.0,0.0
2023-11-09 00:00:00+02:00,5.039999961853027,5.119999885559082,5.039999961853027,5.099999904632568,1125,0.0,0.0
2023-11-10 00:00:00+02:00,5.099999904632568,5.119999885559082,4.860000133514404,5.119999885559082,3521,0.0,0.0
2023-11-13 00:00:00+02:00,5.119999885559082,5.159999847412109,4.920000076293945,5.0,3933,0.0,0.0
