Date,Open,High,Low,Close,Volume,Dividends,Stock Splits
2021-10-07 00:00:00+03:00,32.72242326002855,32.72242326002855,20.568380334875087,21.269575119018555,9080,0.0,0.0
2021-10-08 00:00:00+03:00,21.358390392783082,21.50330460928686,19.633452034566265,20.94234848022461,7963,0.0,0.0
2021-10-11 00:00:00+03:00,21.040516742640953,21.082588499761187,19.539960377403382,19.633453369140625,5150,0.0,0.0
2021-10-12 00:00:00+03:00,20.00742387487655,20.00742387487655,18.885513305664062,18.885513305664062,4493,0.0,0.0
2021-10-13 00:00:00+03:00,19.259483518051987,19.53996071487734,19.07249753134807,19.212736129760742,2617,0.0,0.0
2021-10-14 00:00:00+03:00,19.212735144671388,19.493214110346344,18.60503339388797,18.69852638244629,3292,0.0,0.0
2021-10-15 00:00:00+03:00,18.69852638244629,18.932257962226867,18.60503339388797,18.69852638244629,2260,0.0,0.0
2021-10-18 00:00:00+03:00,19.119243939343505,19.119243939343505,18.137570234326812,18.69852638244629,2249,0.0,0.0
2021-10-19 00:00:00+03:00,18.231063842773438,18.93225860595703,18.231063842773438,18.231063842773438,1376,0.0,0.0
2021-10-20 00:00:00+03:00,18.51154136657715,18.51154136657715,18.3058582076527,18.51154136657715,1699,0.0,0.0
2021-10-21 00:00:00+03:00,18.287158441708286,19.072496698397945,18.287158441708286,18.324556350708008,1549,0.0,0.0
2021-10-22 00:00:00+03:00,18.343255323056628,19.07249671695629,18.343255323056628,19.0257511138916,1207,0.0,0.0
2021-10-25 00:00:00+03:00,18.43674794969066,19.025752579777567,18.361953909086196,18.74527359008789,785,0.0,0.0
2021-10-26 00:00:00+03:00,18.455444983434546,18.661128127866377,18.324555871817054,18.418048858642578,911,0.0,0.0
2021-10-27 00:00:00+03:00,18.3432559967041,18.418050034292648,18.249763003910786,18.3432559967041,1421,0.0,0.0
2021-10-28 00:00:00+03:00,18.661128473730788,19.446466724451966,18.62373234824572,18.69852638244629,4472,0.0,0.0
2021-10-29 00:00:00+03:00,19.16598954200745,19.446466724451966,18.137570234326812,18.69852638244629,2874,0.0,0.0
2021-11-01 00:00:00+02:00,18.698526480518296,18.932258061524777,18.268461227416992,18.268461227416992,2148,0.0,0.0
2021-11-02 00:00:00+02:00,18.83876561421979,18.83876561421979,18.231063842773438,18.231063842773438,1663,0.0,0.0
2021-11-03 00:00:00+02:00,18.28715797212054,18.305856926140237,17.987981840726974,18.044076919555664,1055,0.0,0.0
2021-11-04 00:00:00+02:00,17.987982487568633,18.044077568414487,17.95058636141489,18.006681442260742,1318,0.0,0.0
2021-11-05 00:00:00+02:00,17.950585626900605,17.950585626900605,17.78229860801866,17.931886672973633,1466,0.0,0.0
2021-11-08 00:00:00+02:00,17.85709429818407,17.950587293267553,17.763601303100586,17.763601303100586,1110,0.0,0.0
2021-11-09 00:00:00+02:00,17.894490132865226,17.894490132865226,17.10915184020996,17.10915184020996,3073,0.0,0.0
2021-11-10 00:00:00+02:00,17.10915150838749,17.10915150838749,16.080733948969282,16.82867431640625,6823,0.0,0.0
2021-11-11 00:00:00+02:00,16.828673792227576,17.22134291870877,16.828673792227576,16.866071701049805,3879,0.0,0.0
2021-11-12 00:00:00+02:00,16.922167308143496,16.922167308143496,16.548197124425013,16.82867431640625,1043,0.0,0.0
2021-11-15 00:00:00+02:00,16.828673320740243,16.828673320740243,16.58559226989746,16.58559226989746,321,0.0,0.0
2021-11-16 00:00:00+02:00,16.641687679116043,17.240041732788086,16.641687679116043,17.240041732788086,1582,0.0,0.0
2021-11-17 00:00:00+02:00,17.258740830692915,17.258740830692915,16.641689537100834,16.80997657775879,857,0.0,0.0
2021-11-18 00:00:00+02:00,16.82867431640625,17.15589889587136,16.64168833293176,16.82867431640625,1493,0.0,0.0
2021-11-19 00:00:00+02:00,17.10915150838749,17.10915150838749,16.82867431640625,16.82867431640625,1480,0.0,0.0
2021-11-22 00:00:00+02:00,16.82867383527653,17.01565981340511,16.82867383527653,16.92216682434082,528,0.0,0.0
2021-11-23 00:00:00+02:00,16.82867431640625,16.82867431640625,16.454704132687766,16.82867431640625,1223,0.0,0.0
2021-11-24 00:00:00+02:00,16.501448160350588,16.828672708551828,16.501448160350588,16.78192710876465,709,0.0,0.0
2021-11-25 00:00:00+02:00,16.828674656737007,16.828674656737007,15.987241280546263,16.407957077026367,2727,0.0,0.0
2021-11-26 00:00:00+02:00,16.267717843495866,16.64168802018637,15.893747666805362,16.174224853515625,2685,0.0,0.0
2021-11-29 00:00:00+02:00,16.127479567317103,16.127479567317103,15.800254987566019,15.9404935836792,1426,0.0,0.0
2021-11-30 00:00:00+02:00,15.940493871057727,16.080734252929688,15.706762278911834,16.080734252929688,1565,0.0,0.0
2021-12-01 00:00:00+02:00,15.987240971203924,16.080733963022876,15.893747979384973,15.9404935836792,682,0.0,0.0
2021-12-02 00:00:00+02:00,15.940493270180252,16.688435406791722,15.893747666805362,16.174224853515625,1912,0.0,0.0
2021-12-03 00:00:00+02:00,16.033986225747654,16.641687984469254,15.613270446585219,15.847002029418945,761,0.0,0.0
2021-12-07 00:00:00+02:00,15.847002029418945,16.080733612252676,15.847002029418945,15.847002029418945,3021,0.0,0.0
2021-12-08 00:00:00+02:00,15.800254169684555,15.800254169684555,15.473029606871863,15.753508567810059,1503,0.0,0.0
2021-12-09 00:00:00+02:00,15.800254959659675,15.800254959659675,15.286046180409379,15.61327075958252,3828,0.0,0.0
2021-12-10 00:00:00+02:00,15.613270295046664,15.613270295046664,15.286045725609315,15.332791328430176,2369,0.0,0.0
2021-12-13 00:00:00+02:00,15.426284144474911,15.426284144474911,15.19255256652832,15.19255256652832,2072,0.0,0.0
2021-12-14 00:00:00+02:00,15.1925532161995,15.332791812318318,15.052314620080681,15.239298820495605,461,0.0,0.0
2021-12-15 00:00:00+02:00,15.052314620080681,15.286046208022212,14.771836536227793,15.239298820495605,4330,0.0,0.0
2021-12-16 00:00:00+02:00,15.426284144474911,15.426284144474911,15.052313976406452,15.19255256652832,954,0.0,0.0
2021-12-17 00:00:00+02:00,15.052314454810896,15.239298653172792,15.052314454810896,15.09906005859375,686,0.0,0.0
2021-12-20 00:00:00+02:00,15.052314454810896,15.426284634765167,14.86532847321852,15.09906005859375,4775,0.0,0.0
2021-12-21 00:00:00+02:00,14.958821464014708,15.09906005859375,14.958821464014708,15.09906005859375,1522,0.0,0.0
2021-12-22 00:00:00+02:00,15.145807445607083,15.239298653172792,15.09906005859375,15.09906005859375,715,0.0,0.0
2021-12-23 00:00:00+02:00,15.239298168825469,15.239298168825469,15.00556659087888,15.19255256652832,1090,0.0,0.0
2021-12-27 00:00:00+02:00,15.052314454810896,15.239298653172792,15.052314454810896,15.09906005859375,3325,0.0,0.0
2021-12-28 00:00:00+02:00,15.145806964231172,15.19255256652832,15.052313976406452,15.19255256652832,2643,0.0,0.0
2021-12-29 00:00:00+02:00,15.145806964231172,15.19255256652832,15.052313976406452,15.19255256652832,3369,0.0,0.0
2021-12-30 00:00:00+02:00,15.005567834930606,15.286046821658159,15.005567834930606,15.145808219909668,3814,0.0,0.0
2022-01-03 00:00:00+02:00,15.192553819115483,15.70676261970101,15.145808212964278,15.660017013549805,7628,0.0,0.0
2022-01-04 00:00:00+02:00,15.660016095698396,17.109151200217106,15.4730301155919,16.87541961669922,19145,0.0,0.0
2022-01-05 00:00:00+02:00,17.15589792029126,17.15589792029126,16.828673359433964,17.01565933227539,4074,0.0,0.0
2022-01-07 00:00:00+02:00,16.922166345854677,17.01565933227539,16.548196183402226,17.01565933227539,2526,0.0,0.0
2022-01-10 00:00:00+02:00,16.96891371339963,16.96891371339963,16.40795751972721,16.68843650817871,2591,0.0,0.0
2022-01-11 00:00:00+02:00,16.59494179157479,16.641687393188477,16.45470320350334,16.641687393188477,2485,0.0,0.0
2022-01-12 00:00:00+02:00,16.641686742942454,16.828672708551828,16.641686742942454,16.78192710876465,2884,0.0,0.0
2022-01-13 00:00:00+02:00,16.68843477803256,16.68843477803256,16.501448805117022,16.641687393188477,1609,0.0,0.0
2022-01-14 00:00:00+02:00,16.454702079192632,16.64168625610159,16.454702079192632,16.501447677612305,1205,0.0,0.0
2022-01-17 00:00:00+02:00,16.50144845447628,16.548195838327022,16.361209869384766,16.361209869384766,1892,0.0,0.0
2022-01-18 00:00:00+02:00,16.548196490433043,16.828673671668682,16.407956116584796,16.594942092895508,841,0.0,0.0
2022-01-19 00:00:00+02:00,16.407955818659254,16.68843477803256,16.220971628974116,16.641687393188477,1109,0.0,0.0
2022-01-20 00:00:00+02:00,16.407956896752324,16.73518147923977,16.03398670957975,16.45470428466797,1261,0.0,0.0
2022-01-21 00:00:00+02:00,16.454704800734266,16.454704800734266,15.660017013549805,15.660017013549805,5036,0.0,0.0
2022-01-24 00:00:00+02:00,15.332791022367012,15.613269983384765,14.25762612987498,15.566522598266602,3349,0.0,0.0
2022-01-25 00:00:00+02:00,15.37953840312287,15.753508567810059,15.37953840312287,15.753508567810059,1872,0.0,0.0
2022-01-26 00:00:00+02:00,15.473030721177073,15.706762313842773,15.192553523270448,15.706762313842773,1385,0.0,0.0
2022-01-27 00:00:00+02:00,15.66001558527252,15.706761187160275,15.566522598266602,15.566522598266602,1140,0.0,0.0
2022-01-28 00:00:00+02:00,15.706761500688385,15.706761500688385,15.286045725609315,15.332791328430176,974,0.0,0.0
2022-01-31 00:00:00+02:00,15.379539185785688,16.31446553669715,15.379539185785688,16.127479553222656,2374,0.0,0.0
2022-02-01 00:00:00+02:00,16.127480207984128,16.127480207984128,15.660017013549805,15.660017013549805,1412,0.0,0.0
2022-02-02 00:00:00+02:00,15.566522900769792,15.753508878415312,15.332791320328113,15.519777297973633,573,0.0,0.0
2022-02-03 00:00:00+02:00,15.56652259385126,15.753508567810059,15.56652259385126,15.753508567810059,575,0.0,0.0
2022-02-04 00:00:00+02:00,15.753509702314233,15.753509702314233,15.426285115936148,15.706762313842773,861,0.0,0.0
2022-02-07 00:00:00+02:00,15.70676196800585,15.847002347101837,15.519777767928694,15.61327075958252,1135,0.0,0.0
2022-02-08 00:00:00+02:00,15.847001554789458,15.847001554789458,15.753508567810059,15.753508567810059,464,0.0,0.0
2022-02-09 00:00:00+02:00,15.753509702314233,15.84700269602662,15.706762313842773,15.706762313842773,154,0.0,0.0
2022-02-10 00:00:00+02:00,15.847001252315657,15.847001252315657,15.613269680943628,15.800253868103027,417,0.0,0.0
2022-02-11 00:00:00+02:00,15.800253868103027,15.847001252315657,15.660015281925885,15.800253868103027,700,0.0,0.0
2022-02-14 00:00:00+02:00,15.706761500688385,15.706761500688385,15.145807133916291,15.332791328430176,1378,0.0,0.0
2022-02-15 00:00:00+02:00,15.332791320328113,15.660015889592552,15.332791320328113,15.519777297973633,1924,0.0,0.0
2022-02-16 00:00:00+02:00,15.660016687270668,15.84700267444074,14.958821910228698,15.379539489746094,588,0.0,0.0
2022-02-17 00:00:00+02:00,15.800254174166191,15.800254174166191,15.099059446467422,15.566522598266602,474,0.0,0.0
2022-02-18 00:00:00+02:00,15.332791784621042,15.660016363794185,15.286046180409379,15.61327075958252,887,0.0,0.0
2022-02-21 00:00:00+02:00,15.566522908995362,15.566522908995362,15.286045725609315,15.332791328430176,191,0.0,0.0
2022-02-22 00:00:00+02:00,15.239298482712684,15.3327914724631,14.958821296691895,14.958821296691895,1966,0.0,0.0
2022-02-23 00:00:00+02:00,15.192553538268545,15.239299143555618,14.958821945372106,15.00556755065918,1817,0.0,0.0
2022-02-24 00:00:00+02:00,15.005566491196204,15.005566491196204,14.02389458363399,14.678342819213867,1165,0.0,0.0
2022-02-25 00:00:00+02:00,14.818582564478941,15.706761500688385,14.584850983913753,15.332791328430176,1228,0.0,0.0
2022-02-28 00:00:00+02:00,15.192553371874572,15.800255150103451,14.538105097255334,14.865328788757324,1445,0.0,0.0
2022-03-01 00:00:00+02:00,14.72509034987419,14.912075445835253,14.491358757019043,14.491358757019043,1359,0.0,0.0
2022-03-02 00:00:00+02:00,14.117387280617065,14.912074089050293,14.117387280617065,14.912074089050293,935,0.0,0.0
2022-03-03 00:00:00+02:00,15.800253882765167,15.800253882765167,14.631596024820547,14.912074089050293,885,0.0,0.0
2022-03-04 00:00:00+02:00,14.912074535139903,15.706761367345916,14.257626293436358,14.304372787475586,2723,0.0,0.0
2022-03-07 00:00:00+02:00,14.070640802687256,15.473029342071824,13.790162738164266,14.023894309997559,2541,0.0,0.0
2022-03-08 00:00:00+02:00,14.117387403124116,14.631596151789768,14.070640910077639,14.538104057312012,2737,0.0,0.0
2022-03-09 00:00:00+02:00,14.257627164163898,14.678343852980106,14.117388565096917,14.491358757019043,3214,0.0,0.0
2022-03-10 00:00:00+02:00,14.351119523161005,14.44461162119848,14.164133543855598,14.2576265335083,1727,0.0,0.0
2022-03-11 00:00:00+02:00,14.304373270778324,14.491358361637698,14.210880279541016,14.210880279541016,4559,0.0,0.0
2022-03-14 00:00:00+02:00,14.58485127691087,14.912074961306642,14.25762670089986,14.397865295410156,1725,0.0,0.0
2022-03-15 00:00:00+02:00,14.397864468284752,14.397864468284752,14.023894309997559,14.023894309997559,1912,0.0,0.0
2022-03-16 00:00:00+02:00,13.930401892074768,14.444611549377441,13.930401892074768,14.444611549377441,232,0.0,0.0
2022-03-17 00:00:00+02:00,14.444611242819969,15.005566491196204,14.444611242819969,14.678342819213867,609,0.0,0.0
2022-03-18 00:00:00+02:00,14.63159686867523,14.63159686867523,14.210880193874022,14.584851264953613,5970,0.0,0.0
2022-03-21 00:00:00+02:00,14.117388106389564,14.725089871421167,14.117388106389564,14.397865295410156,449,0.0,0.0
2022-03-22 00:00:00+02:00,14.304372483694825,14.958820711499907,14.304372483694825,14.538104057312012,680,0.0,0.0
2022-03-23 00:00:00+02:00,14.631596636137898,14.912074712086195,14.444611549377441,14.444611549377441,854,0.0,0.0
2022-03-24 00:00:00+02:00,14.538104057312012,14.771835630929198,14.491357564265535,14.538104057312012,823,0.0,0.0
2022-03-25 00:00:00+02:00,14.678342644836246,14.678342644836246,14.538104057312012,14.538104057312012,399,0.0,0.0
2022-03-28 00:00:00+03:00,14.584851913121852,14.912075611791565,14.584851913121852,14.631597518920898,777,0.0,0.0
2022-03-29 00:00:00+03:00,14.912075285147681,14.95882178153804,14.538105097255334,14.865328788757324,711,0.0,0.0
2022-03-30 00:00:00+03:00,14.865328788757324,15.052314774318756,14.771836687591867,14.865328788757324,573,0.0,0.0
2022-03-31 00:00:00+03:00,14.631597198420792,14.95882178153804,14.631597198420792,14.865328788757324,1202,0.0,0.0
2022-04-01 00:00:00+03:00,14.725089546105188,14.865328137517245,14.584850954693131,14.818582534790039,856,0.0,0.0
2022-04-04 00:00:00+03:00,14.77183580641751,14.77183580641751,14.631596325612048,14.678342819213867,212,0.0,0.0
2022-04-05 00:00:00+03:00,14.631596795513426,15.052314359826175,14.631596795513426,14.771836280822754,343,0.0,0.0
2022-04-06 00:00:00+03:00,14.865328137517245,14.865328137517245,14.725089546105188,14.818582534790039,1029,0.0,0.0
2022-04-07 00:00:00+03:00,14.818582850022645,14.912074949081115,14.584851264953613,14.584851264953613,1210,0.0,0.0
2022-04-08 00:00:00+03:00,14.58485143086485,14.86532862284609,14.538104934996227,14.725090026855469,657,0.0,0.0
2022-04-11 00:00:00+03:00,14.725089312815689,14.77183580641751,14.35111914723153,14.678342819213867,1037,0.0,0.0
2022-04-12 00:00:00+03:00,14.771836522724092,14.771836522724092,14.678343530986847,14.725090026855469,321,0.0,0.0
2022-04-13 00:00:00+03:00,14.725089137882721,14.725089137882721,14.538104057312012,14.538104057312012,542,0.0,0.0
2022-04-14 00:00:00+03:00,14.538104057312012,14.771835630929198,14.397864578172582,14.538104057312012,1818,0.0,0.0
2022-04-19 00:00:00+03:00,14.491358757019043,14.538105253913127,14.444612260124961,14.491358757019043,656,0.0,0.0
2022-04-20 00:00:00+03:00,14.491358918293205,14.631597518920898,14.491358918293205,14.631597518920898,279,0.0,0.0
2022-04-21 00:00:00+03:00,14.538105415707529,14.631597518920898,14.44461242087888,14.631597518920898,504,0.0,0.0
2022-04-22 00:00:00+03:00,14.678343130731818,14.678343130731818,14.397865054783521,14.444611549377441,845,0.0,0.0
2022-04-25 00:00:00+03:00,14.444612096229278,14.631597190068716,14.351119995117188,14.351119995117188,1143,0.0,0.0
2022-04-26 00:00:00+03:00,14.351119995117188,14.351119995117188,14.164134009662492,14.351119995117188,691,0.0,0.0
2022-04-27 00:00:00+03:00,14.257626462616985,14.491358043971362,14.023894881262608,14.444611549377441,1964,0.0,0.0
2022-04-28 00:00:00+03:00,14.538104126434092,14.538104126434092,14.164133071899414,14.164133071899414,498,0.0,0.0
2022-04-29 00:00:00+03:00,14.257627164163898,14.538105253913127,14.257627164163898,14.491358757019043,175,0.0,0.0
2022-05-02 00:00:00+03:00,14.491358274279905,14.584851264953613,14.30437318454773,14.584851264953613,253,0.0,0.0
2022-05-03 00:00:00+03:00,14.257627164163898,14.584851750807209,14.164134170375732,14.491358757019043,1283,0.0,0.0
2022-05-04 00:00:00+03:00,14.771836280822754,14.912074874516847,14.491358201819333,14.771836280822754,1161,0.0,0.0
2022-05-05 00:00:00+03:00,14.491357564265535,14.818582123975673,14.491357564265535,14.538104057312012,576,0.0,0.0
2022-05-06 00:00:00+03:00,14.643730548416022,14.643730548416022,14.25963306427002,14.25963306427002,251,0.41,0.0
2022-05-09 00:00:00+03:00,14.25963346116285,14.25963346116285,13.539449971523526,13.587461471557617,1276,0.0,0.0
2022-05-10 00:00:00+03:00,14.019572624562775,14.163608959541978,13.63547420501709,13.63547420501709,1805,0.0,0.0
2022-05-11 00:00:00+03:00,13.971560161505703,13.971560161505703,13.68348657673803,13.923547744750977,464,0.0,0.0
2022-05-12 00:00:00+03:00,13.971559521498168,13.971559521498168,13.44342479291028,13.827522277832031,317,0.0,0.0
2022-05-13 00:00:00+03:00,13.587461120815776,13.827522277832031,13.44342479291028,13.827522277832031,1427,0.0,0.0
2022-05-16 00:00:00+03:00,13.731499038843683,13.731499038843683,13.44342545312459,13.63547420501709,1251,0.0,0.0
2022-05-17 00:00:00+03:00,13.539449691772461,13.635473605617268,13.44342486216701,13.539449691772461,1592,0.0,0.0
2022-05-18 00:00:00+03:00,13.635474247414367,13.635474247414367,13.39541307786214,13.491437911987305,1078,0.0,0.0
2022-05-19 00:00:00+03:00,13.347400387349053,13.443425219506942,12.771254141683729,13.155351638793945,1182,0.0,0.0
2022-05-20 00:00:00+03:00,13.251376150083592,13.299388564999967,13.107338905334473,13.107338905334473,1122,0.0,0.0
2022-05-23 00:00:00+03:00,13.107338905334473,13.203363735167219,12.819266247357522,13.107338905334473,3592,0.0,0.0
2022-05-24 00:00:00+03:00,13.107339537787299,13.635474295829573,13.059328036314929,13.203364372253418,3108,0.0,0.0
2022-05-25 00:00:00+03:00,13.059327761988664,13.203364094901502,13.01131534576416,13.01131534576416,1409,0.0,0.0
2022-05-27 00:00:00+03:00,13.011315266655856,13.443425178527832,13.011315266655856,13.443425178527832,3028,0.0,0.0
2022-05-30 00:00:00+03:00,13.011315266655856,13.539450010393011,13.011315266655856,13.443425178527832,1784,0.0,0.0
2022-05-31 00:00:00+03:00,13.155351286856524,13.39541244506836,13.107338872062027,13.39541244506836,1816,0.0,0.0
2022-06-01 00:00:00+03:00,13.395412803427996,13.395412803427996,13.155351638793945,13.155351638793945,521,0.0,0.0
2022-06-02 00:00:00+03:00,13.107339537787299,13.203364372253418,13.059328036314929,13.203364372253418,1001,0.0,0.0
2022-06-03 00:00:00+03:00,13.059327442403797,13.059327442403797,12.819266282916672,12.963302612304688,1315,0.0,0.0
2022-06-06 00:00:00+03:00,12.963302647898452,12.963302647898452,12.6752290725708,12.6752290725708,2806,0.0,0.0
2022-06-07 00:00:00+03:00,12.67522910974697,12.723241525069174,12.387155533574406,12.531192779541016,4012,0.0,0.0
2022-06-08 00:00:00+03:00,12.531193096464015,12.723241846849227,12.483180679927543,12.579205513000488,1280,0.0,0.0
2022-06-09 00:00:00+03:00,12.579205194863219,12.67522910974697,12.483180364218812,12.531192779541016,558,0.0,0.0
2022-06-10 00:00:00+03:00,12.483180682844075,12.627217016726467,12.387155849748696,12.435168266296387,1315,0.0,0.0
2022-06-13 00:00:00+03:00,12.291132019089638,12.291132019089638,11.570948513077674,12.003058433532715,914,0.0,0.0
2022-06-14 00:00:00+03:00,12.003058115688127,12.003058115688127,11.522935791060602,11.955045700073242,1466,0.0,0.0
2022-06-15 00:00:00+03:00,11.811009727946963,11.95504606340848,11.522936141263244,11.714984893798828,672,0.0,0.0
2022-06-16 00:00:00+03:00,11.57094796593823,11.7149842940255,11.474923136706288,11.6189603805542,1302,0.0,0.0
2022-06-17 00:00:00+03:00,11.474923859979588,11.522936277621818,11.138838768005371,11.138838768005371,1019,0.0,0.0
2022-06-20 00:00:00+03:00,11.186850269886904,11.186850269886904,11.04281393272091,11.138838768005371,1772,0.0,0.0
2022-06-21 00:00:00+03:00,11.138838371370184,11.52293586730957,11.138838371370184,11.52293586730957,2018,0.0,0.0
2022-06-22 00:00:00+03:00,11.474923771336277,11.474923771336277,11.234862600740286,11.426911354064941,1135,0.0,0.0
2022-06-23 00:00:00+03:00,10.994801123572415,11.52293586730957,10.994801123572415,11.52293586730957,1748,0.0,0.0
2022-06-27 00:00:00+03:00,11.522935908438788,11.522935908438788,10.706727581953439,11.234862327575684,1907,0.0,0.0
2022-06-28 00:00:00+03:00,11.282874743679645,11.378899575887571,10.802752414161363,11.234862327575684,2212,0.0,0.0
2022-06-29 00:00:00+03:00,11.042813938970673,11.042813938970673,10.850765184053758,10.99480152130127,1109,0.0,0.0
2022-06-30 00:00:00+03:00,10.754739762894273,10.994800922404238,10.754739762894273,10.89877700805664,1487,0.0,0.0
2022-07-01 00:00:00+03:00,10.754739761352539,10.85076459144702,10.754739761352539,10.754739761352539,983,0.0,0.0
2022-07-04 00:00:00+03:00,10.754740038465053,10.946788787841797,10.658716121657017,10.946788787841797,3578,0.0,0.0
2022-07-05 00:00:00+03:00,10.850765228271484,11.042813983971014,10.850765228271484,10.850765228271484,929,0.0,0.0
2022-07-06 00:00:00+03:00,10.946788507350115,10.994800922404238,10.802752177948395,10.89877700805664,1179,0.0,0.0
2022-07-07 00:00:00+03:00,10.994801162816543,11.234862327575684,10.898777246369287,11.234862327575684,3284,0.0,0.0
2022-07-08 00:00:00+03:00,11.042813539505005,11.57094828324216,11.042813539505005,11.52293586730957,3402,0.0,0.0
2022-07-11 00:00:00+03:00,11.522935551322258,11.6189603805542,11.522935551322258,11.6189603805542,1177,0.0,0.0
2022-07-12 00:00:00+03:00,11.522936183518908,12.003058524498863,11.426911349018642,11.570948600769043,1784,0.0,0.0
2022-07-13 00:00:00+03:00,11.474923133850098,11.474923133850098,11.474923133850098,11.474923133850098,59,0.0,0.0
2022-07-14 00:00:00+03:00,11.52293586730957,12.243119359016418,11.47492345137698,11.52293586730957,3486,0.0,0.0
2022-07-15 00:00:00+03:00,11.618960660327952,11.907033323439018,11.330887081456224,11.666972160339355,748,0.0,0.0
2022-07-18 00:00:00+03:00,11.666971844638228,12.291131401264373,11.52293551698023,11.762996673583984,978,0.0,0.0
2022-07-19 00:00:00+03:00,11.955045700073242,12.003058115688127,11.71498453775948,11.955045700073242,906,0.0,0.0
2022-07-20 00:00:00+03:00,12.003058115688127,12.099082946917896,11.955045700073242,11.955045700073242,956,0.0,0.0
2022-07-21 00:00:00+03:00,12.291131973266602,12.291131973266602,12.291131973266602,12.291131973266602,11,0.0,0.0
2022-07-22 00:00:00+03:00,11.81100968174833,12.435168353987756,11.762997264862062,12.003058433532715,920,0.0,0.0
2022-07-25 00:00:00+03:00,12.24311960220337,12.24311960220337,12.003058433532715,12.003058433532715,643,0.0,0.0
2022-07-26 00:00:00+03:00,12.243118954949262,12.243118954949262,12.003057798969865,12.051070213317871,497,0.0,0.0
2022-07-27 00:00:00+03:00,12.051070850418983,12.051070850418983,12.003058433532715,12.003058433532715,409,0.0,0.0
2022-07-28 00:00:00+03:00,12.003058433532715,12.09908326730525,12.003058433532715,12.003058433532715,306,0.0,0.0
2022-07-29 00:00:00+03:00,12.003058115688127,12.195106862387005,11.71498453775948,11.955045700073242,1650,0.0,0.0
2022-08-01 00:00:00+03:00,11.90703359976018,12.003058433532715,11.81100968174833,12.003058433532715,1150,0.0,0.0
2022-08-02 00:00:00+03:00,11.85902214050293,11.85902214050293,11.33088738441077,11.85902214050293,676,0.0,0.0
2022-08-03 00:00:00+03:00,11.859022145021031,11.859022145021031,11.570948558337312,11.714984893798828,307,0.0,0.0
2022-08-04 00:00:00+03:00,11.714984575504303,11.811009407043457,11.714984575504303,11.811009407043457,408,0.0,0.0
2022-08-05 00:00:00+03:00,11.762996991883485,12.14709448653868,11.522935828783822,11.666972160339355,403,0.0,0.0
2022-08-08 00:00:00+03:00,11.714984936758754,11.714984936758754,11.330887430279065,11.570948600769043,655,0.0,0.0
2022-08-09 00:00:00+03:00,11.522936188607614,11.811009776474943,11.330887435282959,11.426911354064941,1481,0.0,0.0
2022-08-10 00:00:00+03:00,11.522936136873188,11.85902214050293,11.378899801466547,11.85902214050293,1590,0.0,0.0
2022-08-11 00:00:00+03:00,11.570948558337312,11.907033646334412,11.570948558337312,11.714984893798828,712,0.0,0.0
2022-08-12 00:00:00+03:00,11.714984225041412,11.90703296661377,11.61896031213555,11.90703296661377,1138,0.0,0.0
2022-08-15 00:00:00+03:00,11.90703296661377,12.099082623946762,11.666971810708164,11.90703296661377,338,0.0,0.0
2022-08-16 00:00:00+03:00,11.90703364179802,11.90703364179802,11.811009723447155,11.85902214050293,508,0.0,0.0
2022-08-17 00:00:00+03:00,11.811009727946963,11.95504606340848,11.522936141263244,11.714984893798828,784,0.0,0.0
2022-08-18 00:00:00+03:00,11.618961018019176,11.95504610724873,11.570948600769043,11.570948600769043,863,0.0,0.0
2022-08-19 00:00:00+03:00,11.66697187940953,11.66697187940953,11.04281323668383,11.6189603805542,2138,0.0,0.0
2022-08-22 00:00:00+03:00,11.618961018019176,11.618961018019176,11.234862595778798,11.570948600769043,1593,0.0,0.0
2022-08-23 00:00:00+03:00,11.618960377662159,11.618960377662159,11.282874391194657,11.474923133850098,1383,0.0,0.0
2022-08-24 00:00:00+03:00,11.330886805798677,11.474923133850098,11.282874391194657,11.474923133850098,1474,0.0,0.0
2022-08-25 00:00:00+03:00,11.330887158182607,11.426911074616296,11.042813577360208,11.378899574279785,1366,0.0,0.0
2022-08-26 00:00:00+03:00,11.330886840820312,11.474923169316922,11.330886840820312,11.330886840820312,441,0.0,0.0
2022-08-29 00:00:00+03:00,11.714984195737427,12.195106506347656,11.714984195737427,12.195106506347656,7623,0.0,0.0
2022-08-30 00:00:00+03:00,12.243119435327998,13.299388929386053,12.243119435327998,12.867278099060059,3678,0.0,0.0
2022-08-31 00:00:00+03:00,12.483180440170637,12.483180440170637,11.811009368852043,12.099082946777344,4151,0.0,0.0
2022-09-01 00:00:00+03:00,11.85902214050293,12.291132062483538,11.85902214050293,11.85902214050293,2835,0.0,0.0
2022-09-02 00:00:00+03:00,11.762996613825443,12.48318007997802,11.762996613825443,12.339143753051758,4467,0.0,0.0
2022-09-05 00:00:00+03:00,12.291131369297268,12.291131369297268,12.003057798969865,12.051070213317871,1145,0.0,0.0
2022-09-06 00:00:00+03:00,12.051070213317871,12.147094126253249,11.71498422864246,12.051070213317871,1287,0.0,0.0
2022-09-07 00:00:00+03:00,11.714984889335604,12.14709481131621,11.61896097098474,11.85902214050293,1081,0.0,0.0
2022-09-08 00:00:00+03:00,11.859021823427616,11.859021823427616,11.570948244555888,11.666972160339355,241,0.0,0.0
2022-09-09 00:00:00+03:00,11.522936141263244,11.859022145021031,11.330887388727662,11.714984893798828,2762,0.0,0.0
2022-09-12 00:00:00+03:00,11.330887435282959,11.666972524660933,11.282875018011623,11.426911354064941,2603,0.0,0.0
2022-09-13 00:00:00+03:00,11.330886805798677,11.666971876505539,11.330886805798677,11.474923133850098,623,0.0,0.0
2022-09-14 00:00:00+03:00,11.378899574279785,11.57094832290783,11.28287474208543,11.378899574279785,2508,0.0,0.0
2022-09-15 00:00:00+03:00,11.186849596563059,11.666971912565948,11.186849596563059,11.330886840820312,705,0.0,0.0
2022-09-16 00:00:00+03:00,11.18685018346895,11.426911354064941,11.18685018346895,11.426911354064941,2022,0.0,0.0
2022-09-19 00:00:00+03:00,11.426910719246077,11.474923133850098,11.282874391194657,11.474923133850098,1588,0.0,0.0
2022-09-20 00:00:00+03:00,11.522935548454118,11.522935548454118,11.378899220402698,11.474923133850098,931,0.0,0.0
2022-09-21 00:00:00+03:00,11.474923133850098,11.474923133850098,11.378899220402698,11.474923133850098,1047,0.0,0.0
2022-09-22 00:00:00+03:00,11.426911354064941,11.71498494193227,11.138838681958303,11.426911354064941,2472,0.0,0.0
2022-09-23 00:00:00+03:00,11.378899940455826,11.378899940455826,11.138838768005371,11.138838768005371,446,0.0,0.0
2022-09-26 00:00:00+03:00,11.186850269886904,11.234862687529134,11.138838768005371,11.138838768005371,405,0.0,0.0
2022-09-27 00:00:00+03:00,11.09082635036314,11.378899940455826,10.754740342628224,11.138838768005371,3808,0.0,0.0
2022-09-28 00:00:00+03:00,11.138838768005371,11.138838768005371,11.09082635036314,11.138838768005371,1130,0.0,0.0
2022-09-29 00:00:00+03:00,11.378899289597662,11.378899289597662,11.042813301086426,11.042813301086426,2004,0.0,0.0
2022-09-30 00:00:00+03:00,11.04281333745836,11.04281333745836,10.850764593002518,10.89877700805664,105,0.0,0.0
2022-10-03 00:00:00+03:00,10.89877700805664,10.946788507350115,10.89877700805664,10.89877700805664,659,0.0,0.0
2022-10-04 00:00:00+03:00,10.994801472069355,11.282875061035156,10.994801472069355,11.282875061035156,937,0.0,0.0
2022-10-05 00:00:00+03:00,10.850764557263139,11.090825715982408,10.850764557263139,11.042813301086426,700,0.0,0.0
2022-10-06 00:00:00+03:00,11.04281388952377,11.282875061035156,10.994801472069355,11.282875061035156,639,0.0,0.0
2022-10-07 00:00:00+03:00,11.234862081914201,11.282874496968324,10.89877700805664,10.89877700805664,3898,0.0,0.0
2022-10-10 00:00:00+03:00,11.090826034545898,11.090826034545898,10.61070370331673,11.090826034545898,2796,0.0,0.0
2022-10-11 00:00:00+03:00,11.042813301086426,11.042813301086426,10.850764557263139,11.042813301086426,2959,0.0,0.0
2022-10-12 00:00:00+03:00,10.99480152130127,11.090826356640077,10.99480152130127,10.99480152130127,1200,0.0,0.0
2022-10-13 00:00:00+03:00,10.994800922404238,11.282874496968324,10.89877700805664,10.89877700805664,2581,0.0,0.0
2022-10-14 00:00:00+03:00,11.282874743679645,11.57094832454275,10.946788746712581,11.234862327575684,3570,0.0,0.0
2022-10-17 00:00:00+03:00,11.282874743679645,11.474923492334826,11.234862327575684,11.234862327575684,404,0.0,0.0
2022-10-18 00:00:00+03:00,11.282874743679645,11.474923492334826,11.234862327575684,11.234862327575684,1520,0.0,0.0
2022-10-19 00:00:00+03:00,11.474923492334826,11.474923492334826,11.234862327575684,11.234862327575684,184,0.0,0.0
2022-10-20 00:00:00+03:00,11.138838768005371,11.138838768005371,11.09082635036314,11.138838768005371,311,0.0,0.0
2022-10-21 00:00:00+03:00,11.138838768005371,11.138838768005371,11.09082635036314,11.138838768005371,837,0.0,0.0
2022-10-24 00:00:00+03:00,11.138838724432603,11.282875061035156,11.04281388952377,11.282875061035156,3026,0.0,0.0
2022-10-25 00:00:00+03:00,11.042813618270847,11.138838450820948,11.042813618270847,11.090826034545898,733,0.0,0.0
2022-10-26 00:00:00+03:00,11.09082635036314,11.186850269886904,11.04281393272091,11.138838768005371,395,0.0,0.0
2022-10-27 00:00:00+03:00,11.186850269886904,11.186850269886904,11.04281393272091,11.138838768005371,1831,0.0,0.0
2022-10-28 00:00:00+03:00,11.042813265651107,11.186849594116211,11.042813265651107,11.186849594116211,947,0.0,0.0
2022-10-31 00:00:00+02:00,11.042813577360208,11.378899574279785,11.042813577360208,11.378899574279785,1859,0.0,0.0
2022-11-01 00:00:00+02:00,11.714984889335604,11.955046058853794,11.522936136873188,11.85902214050293,8746,0.0,0.0
2022-11-02 00:00:00+02:00,11.859021537873414,11.859021537873414,11.474923136706288,11.6189603805542,600,0.0,0.0
2022-11-03 00:00:00+02:00,11.811009368852043,12.195106862245337,11.714984537623389,12.099082946777344,4126,0.0,0.0
2022-11-04 00:00:00+02:00,12.483180770874023,12.531193187760291,12.003058433532715,12.003058433532715,1238,0.0,0.0
2022-11-07 00:00:00+02:00,10.56269121170044,11.666972199346674,10.56269121170044,11.52293586730957,4357,0.0,0.0
2022-11-08 00:00:00+02:00,11.522935551322258,11.955045451344715,11.186849564771103,11.6189603805542,2345,0.0,0.0
2022-11-09 00:00:00+02:00,11.570948553928963,11.90703364179802,11.522936136873188,11.85902214050293,2550,0.0,0.0
2022-11-10 00:00:00+02:00,12.19510723301813,12.19510723301813,11.522936141263244,11.714984893798828,1644,0.0,0.0
2022-11-11 00:00:00+02:00,11.714984893798828,11.907033646334412,11.714984893798828,11.714984893798828,411,0.0,0.0
2022-11-14 00:00:00+02:00,12.099082946917896,12.14709444677212,11.426910959830833,11.955045700073242,1945,0.0,0.0
2022-11-15 00:00:00+02:00,11.907033646334412,11.907033646334412,11.714984893798828,11.714984893798828,417,0.0,0.0
2022-11-16 00:00:00+02:00,11.859022145021031,12.387155985553713,11.714984893798828,11.714984893798828,1385,0.0,0.0
2022-11-17 00:00:00+02:00,11.714984889335604,11.85902214050293,11.522936136873188,11.85902214050293,1177,0.0,0.0
2022-11-18 00:00:00+02:00,11.618960659725813,11.811009407043457,11.618960659725813,11.811009407043457,289,0.0,0.0
2022-11-21 00:00:00+02:00,11.522936188607614,11.522936188607614,11.282875018011623,11.426911354064941,1495,0.0,0.0
2022-11-22 00:00:00+02:00,11.330886840820312,11.570947998821756,11.282874426067895,11.330886840820312,1304,0.0,0.0
2022-11-23 00:00:00+02:00,11.522936183518908,11.570948600769043,11.282875013028931,11.570948600769043,781,0.0,0.0
2022-11-24 00:00:00+02:00,11.57094828324216,11.666972199346674,11.52293586730957,11.52293586730957,281,0.0,0.0
2022-11-25 00:00:00+02:00,11.378899189322233,11.762996673583984,11.378899189322233,11.762996673583984,510,0.0,0.0
2022-11-28 00:00:00+02:00,11.330886805798677,11.474923133850098,11.330886805798677,11.474923133850098,635,0.0,0.0
2022-11-29 00:00:00+02:00,11.522935584069339,11.570947998821756,11.330886840820312,11.330886840820312,661,0.0,0.0
2022-11-30 00:00:00+02:00,11.378899535272467,11.52293586730957,11.378899535272467,11.52293586730957,1405,0.0,0.0
2022-12-01 00:00:00+02:00,11.378899852554296,11.522936188607614,11.090826264686967,11.426911354064941,7826,0.0,0.0
2022-12-02 00:00:00+02:00,11.47492345137698,11.61896069917475,11.47492345137698,11.52293586730957,2054,0.0,0.0
2022-12-05 00:00:00+02:00,11.61896069917475,11.61896069917475,11.52293586730957,11.52293586730957,810,0.0,0.0
2022-12-07 00:00:00+02:00,11.61896069917475,11.61896069917475,11.52293586730957,11.52293586730957,992,0.0,0.0
2022-12-08 00:00:00+02:00,11.52293586730957,11.57094828324216,11.52293586730957,11.52293586730957,300,0.0,0.0
2022-12-09 00:00:00+02:00,11.570948553928963,11.90703364179802,11.522936136873188,11.85902214050293,5609,0.0,0.0
2022-12-12 00:00:00+02:00,11.714984537623389,12.387155608941985,11.714984537623389,12.099082946777344,2274,0.0,0.0
2022-12-13 00:00:00+02:00,12.051070244660618,12.387155314449492,11.714984259111107,11.762996673583984,2331,0.0,0.0
2022-12-14 00:00:00+02:00,12.243119690634988,13.82752304900112,12.243119690634988,13.203364372253418,5374,0.0,0.0
2022-12-15 00:00:00+02:00,13.203363809239425,13.203363809239425,12.819266319274902,12.819266319274902,6029,0.0,0.0
2022-12-16 00:00:00+02:00,12.819266596626818,13.107339262452495,12.483180598815965,13.01131534576416,2555,0.0,0.0
2022-12-19 00:00:00+02:00,12.483180902055267,13.107339580853752,12.483180902055267,13.059328079223633,8669,0.0,0.0
2022-12-20 00:00:00+02:00,12.579205159106913,12.963302649071435,12.579205159106913,12.819266319274902,1514,0.0,0.0
2022-12-21 00:00:00+02:00,13.011315388564226,13.011315388564226,12.723241806030273,12.723241806030273,1123,0.0,0.0
2022-12-22 00:00:00+02:00,12.483180907340648,12.915290832519531,12.387156072518366,12.915290832519531,1751,0.0,0.0
2022-12-23 00:00:00+02:00,12.915290197255132,12.963302612304688,12.48318029333044,12.963302612304688,1951,0.0,0.0
2022-12-27 00:00:00+02:00,12.963303016799617,12.963303016799617,12.291131932413995,12.435168266296387,677,0.0,0.0
2022-12-28 00:00:00+02:00,12.819266773317214,12.867278274442796,11.666972431089526,12.003058433532715,3885,0.0,0.0
2022-12-29 00:00:00+02:00,12.003058348888535,12.483180682844075,11.666972348815385,12.435168266296387,2704,0.0,0.0
2022-12-30 00:00:00+02:00,12.243119783528252,12.627217292785645,11.907033776107513,12.627217292785645,2793,0.0,0.0
2023-01-02 00:00:00+02:00,12.627217058696136,12.91529064317908,11.907033555369116,12.291131973266602,2803,0.0,0.0
2023-01-03 00:00:00+02:00,12.291131973266602,12.531193141042275,12.14709472314479,12.291131973266602,1411,0.0,0.0
2023-01-04 00:00:00+02:00,12.339143997822417,12.6752290725708,12.291131582641032,12.6752290725708,393,0.0,0.0
2023-01-05 00:00:00+02:00,12.435168266296387,12.435168266296387,12.243119515866304,12.435168266296387,877,0.0,0.0
2023-01-09 00:00:00+02:00,12.387155532836914,12.675229108992328,12.291131617958879,12.387155532836914,459,0.0,0.0
2023-01-10 00:00:00+02:00,12.435168266296387,12.435168266296387,12.435168266296387,12.435168266296387,414,0.0,0.0
2023-01-11 00:00:00+02:00,12.38715525152009,12.48318007997802,12.243118924593828,12.339143753051758,2800,0.0,0.0
2023-01-12 00:00:00+02:00,12.291131338822794,12.38715525152009,12.291131338822794,12.339143753051758,1408,0.0,0.0
2023-01-13 00:00:00+02:00,12.339144662216803,12.48318099975586,12.243119826683632,12.48318099975586,885,0.0,0.0
2023-01-16 00:00:00+02:00,12.483180907340648,13.347400757698415,12.291132153456775,12.915290832519531,4533,0.0,0.0
2023-01-17 00:00:00+02:00,12.915290270597334,12.915290270597334,12.43516794889661,12.531192779541016,383,0.0,0.0
2023-01-18 00:00:00+02:00,12.675229430312754,12.675229430312754,12.435168263391072,12.579205513000488,1685,0.0,0.0
2023-01-19 00:00:00+02:00,12.387156164222688,12.531193417522445,12.195107408917046,12.48318099975586,2689,0.0,0.0
2023-01-20 00:00:00+02:00,12.3871561205596,12.819266963175037,12.33914461872295,12.627217292785645,2990,0.0,0.0
2023-01-23 00:00:00+02:00,12.579205790948993,12.675229710382993,12.3871561205596,12.627217292785645,894,0.0,0.0
2023-01-24 00:00:00+02:00,12.531193373351645,12.627217292785645,12.483180955754296,12.627217292785645,475,0.0,0.0
2023-01-25 00:00:00+02:00,12.339144033278224,12.387155532836914,12.339144033278224,12.387155532836914,200,0.0,0.0
2023-01-26 00:00:00+02:00,12.435168266296387,12.627217016726467,12.339144348961684,12.435168266296387,1042,0.0,0.0
2023-01-27 00:00:00+02:00,12.435168581989274,12.81926700836126,12.435168581989274,12.48318099975586,2263,0.0,0.0
2023-01-30 00:00:00+02:00,12.435168581989274,12.48318099975586,12.387156164222688,12.48318099975586,792,0.0,0.0
2023-01-31 00:00:00+02:00,12.48318099975586,12.48318099975586,12.435168581989274,12.48318099975586,1137,0.0,0.0
2023-02-01 00:00:00+02:00,12.483180679927543,12.579205513000488,12.435168263391072,12.579205513000488,228,0.0,0.0
2023-02-02 00:00:00+02:00,12.483180902055267,13.155351998244566,12.483180902055267,13.059328079223633,3888,0.0,0.0
2023-02-03 00:00:00+02:00,13.059327763987465,13.059327763987465,12.819266598588877,12.867278099060059,1482,0.0,0.0
2023-02-06 00:00:00+02:00,12.483180955754296,12.867278465011688,12.483180955754296,12.627217292785645,607,0.0,0.0
2023-02-07 00:00:00+02:00,12.483180364218812,12.579205194863219,12.43516794889661,12.531192779541016,524,0.0,0.0
2023-02-08 00:00:00+02:00,12.6752290725708,12.6752290725708,12.6752290725708,12.6752290725708,300,0.0,0.0
2023-02-09 00:00:00+02:00,12.579205194863219,12.723241525069174,12.531192779541016,12.531192779541016,995,0.0,0.0
2023-02-10 00:00:00+02:00,12.579205157968685,12.6752290725708,12.483180327605917,12.6752290725708,1868,0.0,0.0
2023-02-13 00:00:00+02:00,12.675229389647836,12.723241806030273,12.675229389647836,12.723241806030273,3375,0.0,0.0
2023-02-14 00:00:00+02:00,12.6752290725708,12.723241487752185,12.6752290725708,12.6752290725708,515,0.0,0.0
2023-02-15 00:00:00+02:00,12.675229389647836,12.723241806030273,12.627216973265398,12.723241806030273,331,0.0,0.0
2023-02-16 00:00:00+02:00,12.723241488903446,13.203363809239425,12.723241488903446,12.819266319274902,5210,0.0,0.0
2023-02-17 00:00:00+02:00,13.059327442403797,13.155351356742257,12.675229037768009,12.963302612304688,704,0.0,0.0
2023-02-20 00:00:00+02:00,12.96330257825848,14.259633202388585,12.96330257825848,13.251376152038574,1645,0.0,0.0
2023-02-21 00:00:00+02:00,13.299388846490729,13.875535090399808,13.299388846490729,13.443425178527832,839,0.0,0.0
2023-02-22 00:00:00+02:00,13.539450377124144,13.635474295829573,12.91529078461575,13.203364372253418,1105,0.0,0.0
2023-02-23 00:00:00+02:00,13.3954124810483,13.3954124810483,13.203363737115119,13.251376152038574,890,0.0,0.0
2023-02-24 00:00:00+02:00,13.251376511126006,13.251376511126006,13.01131534576416,13.01131534576416,300,0.0,0.0
2023-02-27 00:00:00+02:00,13.05932799433231,13.347400665283203,13.05932799433231,13.347400665283203,421,0.0,0.0
2023-02-28 00:00:00+02:00,13.44342545312459,13.731499038843683,13.347400619297998,13.63547420501709,1862,0.0,0.0
2023-03-01 00:00:00+02:00,13.635474251994783,13.635474251994783,13.347400665283203,13.347400665283203,2896,0.0,0.0
2023-03-02 00:00:00+02:00,13.347400665283203,13.635474251994783,13.299389163965179,13.347400665283203,1723,0.0,0.0
2023-03-03 00:00:00+02:00,14.40366967535596,14.643730836611892,13.923547352844095,14.451682090759277,8983,0.0,0.0
2023-03-06 00:00:00+02:00,14.403669357299805,14.403669357299805,14.019571874076064,14.403669357299805,8295,0.0,0.0
2023-03-07 00:00:00+02:00,14.40366939188461,14.451681806343021,14.21162064981161,14.25963306427002,1543,0.0,0.0
2023-03-08 00:00:00+02:00,14.259633344414171,14.403669674858493,14.259633344414171,14.307644844055176,2057,0.0,0.0
2023-03-09 00:00:00+02:00,14.3076448818502,14.3076448818502,14.1155961354969,14.16360855102539,1109,0.0,0.0
2023-03-10 00:00:00+02:00,14.25963366034452,14.355657577514648,14.115596410948314,14.355657577514648,1193,0.0,0.0
2023-03-13 00:00:00+02:00,14.115595849403666,14.307644591864541,13.683485949926535,13.827522277832031,1412,0.0,0.0
2023-03-14 00:00:00+02:00,13.827522827916578,14.451682410445452,13.827522827916578,14.355657577514648,1551,0.0,0.0
2023-03-15 00:00:00+02:00,14.16360855102539,14.16360855102539,13.971559804672093,14.16360855102539,317,0.0,0.0
2023-03-16 00:00:00+02:00,14.115596410948314,14.40366999398005,14.115596410948314,14.355657577514648,1886,0.0,0.0
2023-03-17 00:00:00+02:00,14.403670267631865,14.979817444641416,14.355657850254286,14.547706604003906,5132,0.0,0.0
2023-03-20 00:00:00+02:00,14.547706556180025,14.93180497817728,14.547706556180025,14.835780143737793,1175,0.0,0.0
2023-03-21 00:00:00+02:00,14.835779866781627,14.835779866781627,14.499694784038885,14.643731117248535,946,0.0,0.0
2023-03-22 00:00:00+02:00,14.643731438759062,14.643731438759062,14.355657850254286,14.547706604003906,1240,0.0,0.0
2023-03-23 00:00:00+02:00,14.547705684568548,14.547705684568548,14.403669357299805,14.403669357299805,3066,0.0,0.0
2023-03-24 00:00:00+02:00,14.307644528613553,14.547705684568548,14.259633030031061,14.403669357299805,626,0.0,0.0
2023-03-27 00:00:00+03:00,14.307645038941121,15.219878196716309,14.307645038941121,15.219878196716309,3400,0.0,0.0
2023-03-28 00:00:00+03:00,15.219877808884261,16.468195099957384,14.979816650483945,15.603975296020508,3483,0.0,0.0
2023-03-29 00:00:00+03:00,15.651987114450687,15.700000446023173,15.363914451101072,15.507950782775879,1890,0.0,0.0
2023-03-30 00:00:00+03:00,15.65198675960363,15.748011589050293,15.507950431194278,15.748011589050293,1180,0.0,0.0
2023-03-31 00:00:00+03:00,15.748012182102578,16.324159348958318,15.507951015206132,15.988073348999023,1746,0.0,0.0
2023-04-03 00:00:00+03:00,16.132109439553734,16.132109439553734,15.651987113001287,15.796025276184082,180,0.0,0.0
2023-04-04 00:00:00+03:00,16.03608672258953,16.18012305679407,15.844037055969238,15.844037055969238,794,0.0,0.0
2023-04-05 00:00:00+03:00,15.411925601747615,15.748011589050293,15.363914102784927,15.748011589050293,1072,0.0,0.0
2023-04-06 00:00:00+03:00,15.748011946074334,15.796025277646821,15.219878119426266,15.507950782775879,425,0.0,0.0
2023-04-11 00:00:00+03:00,15.459939037803359,15.459939037803359,15.171865463256836,15.171865463256836,192,0.0,0.0
2023-04-12 00:00:00+03:00,15.171865266537742,16.46819496154785,14.979816524583722,16.46819496154785,1949,0.0,0.0
2023-04-13 00:00:00+03:00,16.468195958436862,16.468195958436862,15.171866184954471,16.324159622192383,316,0.0,0.0
2023-04-14 00:00:00+03:00,16.22813427116849,16.324159102783245,15.507950781339817,15.796025276184082,1312,0.0,0.0
2023-04-17 00:00:00+03:00,16.03608569273242,16.276146844830084,15.748011211302478,16.132108688354492,1181,0.0,0.0
2023-04-18 00:00:00+03:00,16.132109952852154,16.372171123766748,16.132109952852154,16.324159622192383,1189,0.0,0.0
2023-04-19 00:00:00+03:00,16.32415834264112,16.32415834264112,15.988072363400143,16.132108688354492,868,0.0,0.0
2023-04-20 00:00:00+03:00,15.940061889279384,15.940061889279384,15.844037055969238,15.844037055969238,548,0.0,0.0
2023-04-21 00:00:00+03:00,15.555964469909668,15.555964469909668,15.411926303421266,15.555964469909668,567,0.0,0.0
2023-04-24 00:00:00+03:00,15.555964469909668,15.603975971058222,15.123853633487201,15.555964469909668,1143,0.0,0.0
2023-04-25 00:00:00+03:00,15.603974886348128,16.132108688354492,15.555963388537092,16.132108688354492,1400,0.0,0.0
2023-04-26 00:00:00+03:00,15.940061931083722,15.940061931083722,15.363914761233204,15.700000762939453,784,0.0,0.0
2023-04-27 00:00:00+03:00,15.892047536256829,16.18012201768677,15.363913734250465,16.132108688354492,3388,0.0,0.0
2023-04-28 00:00:00+03:00,15.651986903096258,15.651986903096258,14.691743178629622,14.88379192352295,1481,0.0,0.0
2023-05-02 00:00:00+03:00,14.9318041685544,16.13210903940166,14.9318041685544,15.892047882080078,2741,0.0,0.0
2023-05-03 00:00:00+03:00,15.89204823776219,16.036086400595902,15.651987075067769,15.940061569213867,845,0.0,0.0
2023-05-04 00:00:00+03:00,15.651987430397782,15.844037097521742,15.507951095815493,15.700000762939453,1132,0.0,0.0
2023-05-05 00:00:00+03:00,15.699999809265137,15.699999809265137,15.100000381469727,15.5,1620,0.65,0.0
2023-05-08 00:00:00+03:00,15.300000190734863,15.699999809265137,15.300000190734863,15.300000190734863,1179,0.0,0.0
2023-05-09 00:00:00+03:00,15.0,15.0,14.600000381469727,14.800000190734863,1982,0.0,0.0
2023-05-10 00:00:00+03:00,14.600000381469727,14.850000381469727,14.5,14.800000190734863,3866,0.0,0.0
2023-05-11 00:00:00+03:00,14.25,15.0,14.25,15.0,1802,0.0,0.0
2023-05-12 00:00:00+03:00,15.0,15.300000190734863,15.0,15.300000190734863,1853,0.0,0.0
2023-05-15 00:00:00+03:00,15.300000190734863,15.300000190734863,14.699999809265137,14.850000381469727,825,0.0,0.0
2023-05-16 00:00:00+03:00,14.800000190734863,15.100000381469727,14.699999809265137,14.850000381469727,440,0.0,0.0
2023-05-17 00:00:00+03:00,15.0,15.25,14.850000381469727,14.850000381469727,650,0.0,0.0
2023-05-19 00:00:00+03:00,14.850000381469727,14.850000381469727,14.5,14.600000381469727,651,0.0,0.0
2023-05-22 00:00:00+03:00,14.600000381469727,14.600000381469727,13.850000381469727,14.0,2941,0.0,0.0
2023-05-23 00:00:00+03:00,14.149999618530273,14.5,14.0,14.5,824,0.0,0.0
2023-05-24 00:00:00+03:00,14.149999618530273,14.199999809265137,14.100000381469727,14.149999618530273,1292,0.0,0.0
2023-05-25 00:00:00+03:00,14.050000190734863,14.25,14.050000190734863,14.25,1943,0.0,0.0
2023-05-26 00:00:00+03:00,14.199999809265137,14.199999809265137,13.850000381469727,14.100000381469727,438,0.0,0.0
2023-05-29 00:00:00+03:00,14.0,14.100000381469727,13.600000381469727,13.649999618530273,1972,0.0,0.0
2023-05-30 00:00:00+03:00,13.600000381469727,13.949999809265137,13.600000381469727,13.949999809265137,556,0.0,0.0
2023-05-31 00:00:00+03:00,13.75,14.100000381469727,13.75,13.75,242,0.0,0.0
2023-06-01 00:00:00+03:00,14.050000190734863,14.050000190734863,13.600000381469727,13.949999809265137,1025,0.0,0.0
2023-06-02 00:00:00+03:00,13.75,14.0,13.449999809265137,13.75,2235,0.0,0.0
2023-06-05 00:00:00+03:00,13.75,13.75,13.350000381469727,13.399999618530273,401,0.0,0.0
2023-06-06 00:00:00+03:00,13.300000190734863,13.699999809265137,13.300000190734863,13.699999809265137,1378,0.0,0.0
2023-06-07 00:00:00+03:00,13.350000381469727,13.399999618530273,13.199999809265137,13.399999618530273,1532,0.0,0.0
2023-06-08 00:00:00+03:00,13.399999618530273,13.399999618530273,12.699999809265137,13.050000190734863,3275,0.0,0.0
2023-06-09 00:00:00+03:00,13.050000190734863,13.300000190734863,12.449999809265137,12.850000381469727,1790,0.0,0.0
2023-06-12 00:00:00+03:00,12.800000190734863,12.800000190734863,12.399999618530273,12.649999618530273,2193,0.0,0.0
2023-06-13 00:00:00+03:00,12.899999618530273,13.100000381469727,12.649999618530273,12.899999618530273,939,0.0,0.0
2023-06-14 00:00:00+03:00,12.800000190734863,12.800000190734863,12.550000190734863,12.600000381469727,1802,0.0,0.0
2023-06-15 00:00:00+03:00,12.800000190734863,12.850000381469727,12.800000190734863,12.800000190734863,521,0.0,0.0
2023-06-16 00:00:00+03:00,12.649999618530273,12.850000381469727,12.600000381469727,12.649999618530273,824,0.0,0.0
2023-06-19 00:00:00+03:00,12.649999618530273,12.699999809265137,12.649999618530273,12.699999809265137,550,0.0,0.0
2023-06-20 00:00:00+03:00,12.800000190734863,12.850000381469727,12.350000381469727,12.350000381469727,2358,0.0,0.0
2023-06-21 00:00:00+03:00,12.350000381469727,13.350000381469727,12.350000381469727,13.300000190734863,2469,0.0,0.0
2023-06-22 00:00:00+03:00,13.300000190734863,13.300000190734863,13.100000381469727,13.100000381469727,1456,0.0,0.0
2023-06-26 00:00:00+03:00,13.300000190734863,13.300000190734863,12.699999809265137,13.199999809265137,485,0.0,0.0
2023-06-27 00:00:00+03:00,12.949999809265137,13.0,12.949999809265137,13.0,421,0.0,0.0
2023-06-28 00:00:00+03:00,13.199999809265137,13.199999809265137,12.649999618530273,13.100000381469727,521,0.0,0.0
2023-06-29 00:00:00+03:00,12.550000190734863,12.850000381469727,12.5,12.649999618530273,415,0.0,0.0
2023-06-30 00:00:00+03:00,13.149999618530273,13.149999618530273,12.649999618530273,12.699999809265137,475,0.0,0.0
2023-07-03 00:00:00+03:00,12.699999809265137,13.050000190734863,12.600000381469727,13.0,1585,0.0,0.0
2023-07-04 00:00:00+03:00,12.800000190734863,13.199999809265137,12.800000190734863,13.050000190734863,620,0.0,0.0
2023-07-05 00:00:00+03:00,13.050000190734863,13.050000190734863,12.75,12.949999809265137,1260,0.0,0.0
2023-07-06 00:00:00+03:00,13.0,13.0,12.449999809265137,12.600000381469727,1381,0.0,0.0
2023-07-07 00:00:00+03:00,12.600000381469727,12.649999618530273,12.399999618530273,12.649999618530273,1994,0.0,0.0
2023-07-10 00:00:00+03:00,12.5,12.5,12.100000381469727,12.399999618530273,2810,0.0,0.0
2023-07-11 00:00:00+03:00,12.399999618530273,12.699999809265137,12.350000381469727,12.600000381469727,1392,0.0,0.0
2023-07-12 00:00:00+03:00,12.649999618530273,12.649999618530273,12.649999618530273,12.649999618530273,300,0.0,0.0
2023-07-13 00:00:00+03:00,12.75,12.75,12.75,12.75,1149,0.0,0.0
2023-07-14 00:00:00+03:00,12.75,12.75,12.75,12.75,135,0.0,0.0
2023-07-17 00:00:00+03:00,12.949999809265137,12.949999809265137,12.600000381469727,12.600000381469727,235,0.0,0.0
2023-07-18 00:00:00+03:00,12.600000381469727,13.199999809265137,12.600000381469727,13.199999809265137,3339,0.0,0.0
2023-07-19 00:00:00+03:00,13.149999618530273,13.199999809265137,12.899999618530273,13.050000190734863,1191,0.0,0.0
2023-07-20 00:00:00+03:00,13.0,13.0,12.800000190734863,12.800000190734863,724,0.0,0.0
2023-07-21 00:00:00+03:00,12.75,12.75,12.649999618530273,12.649999618530273,956,0.0,0.0
2023-07-24 00:00:00+03:00,12.5,12.800000190734863,12.5,12.800000190734863,555,0.0,0.0
2023-07-25 00:00:00+03:00,12.600000381469727,12.649999618530273,12.350000381469727,12.5,1664,0.0,0.0
2023-07-26 00:00:00+03:00,12.600000381469727,12.850000381469727,12.300000190734863,12.550000190734863,650,0.0,0.0
2023-07-27 00:00:00+03:00,12.5,12.600000381469727,12.5,12.600000381469727,405,0.0,0.0
2023-07-28 00:00:00+03:00,12.600000381469727,12.600000381469727,12.5,12.5,455,0.0,0.0
2023-07-31 00:00:00+03:00,12.5,12.949999809265137,12.449999809265137,12.949999809265137,1937,0.0,0.0
2023-08-01 00:00:00+03:00,12.699999809265137,13.050000190734863,12.550000190734863,13.050000190734863,2769,0.0,0.0
2023-08-02 00:00:00+03:00,12.699999809265137,13.5,12.699999809265137,13.5,2279,0.0,0.0
2023-08-03 00:00:00+03:00,13.300000190734863,13.300000190734863,12.699999809265137,13.25,1192,0.0,0.0
2023-08-04 00:00:00+03:00,13.25,13.25,12.550000190734863,13.050000190734863,991,0.0,0.0
2023-08-07 00:00:00+03:00,13.100000381469727,13.100000381469727,12.800000190734863,13.050000190734863,920,0.0,0.0
2023-08-08 00:00:00+03:00,12.949999809265137,13.0,12.949999809265137,12.949999809265137,805,0.0,0.0
2023-08-09 00:00:00+03:00,12.949999809265137,13.25,12.949999809265137,13.25,450,0.0,0.0
2023-08-10 00:00:00+03:00,12.649999618530273,12.949999809265137,12.550000190734863,12.75,205,0.0,0.0
2023-08-11 00:00:00+03:00,13.0,13.350000381469727,12.699999809265137,13.149999618530273,1335,0.0,0.0
2023-08-14 00:00:00+03:00,12.850000381469727,13.100000381469727,12.600000381469727,13.100000381469727,4016,0.0,0.0
2023-08-15 00:00:00+03:00,12.899999618530273,13.0,12.699999809265137,12.800000190734863,335,0.0,0.0
2023-08-16 00:00:00+03:00,12.75,12.899999618530273,12.75,12.899999618530273,593,0.0,0.0
2023-08-17 00:00:00+03:00,12.899999618530273,13.0,12.649999618530273,12.649999618530273,1793,0.0,0.0
2023-08-18 00:00:00+03:00,12.649999618530273,12.75,12.600000381469727,12.649999618530273,254,0.0,0.0
2023-08-21 00:00:00+03:00,12.649999618530273,12.699999809265137,12.300000190734863,12.699999809265137,2450,0.0,0.0
2023-08-22 00:00:00+03:00,12.75,12.75,12.75,12.75,11,0.0,0.0
2023-08-23 00:00:00+03:00,12.550000190734863,12.75,12.350000381469727,12.350000381469727,4418,0.0,0.0
2023-08-24 00:00:00+03:00,12.350000381469727,13.100000381469727,12.350000381469727,12.5,1085,0.0,0.0
2023-08-25 00:00:00+03:00,12.350000381469727,12.949999809265137,12.350000381469727,12.5,1504,0.0,0.0
2023-08-28 00:00:00+03:00,12.399999618530273,12.699999809265137,12.399999618530273,12.699999809265137,321,0.0,0.0
2023-08-29 00:00:00+03:00,12.399999618530273,12.5,12.399999618530273,12.399999618530273,481,0.0,0.0
2023-08-30 00:00:00+03:00,12.399999618530273,12.5,12.0,12.0,1497,0.0,0.0
2023-08-31 00:00:00+03:00,12.850000381469727,12.850000381469727,12.300000190734863,12.350000381469727,526,0.0,0.0
2023-09-01 00:00:00+03:00,12.350000381469727,12.5,12.300000190734863,12.300000190734863,1019,0.0,0.0
2023-09-04 00:00:00+03:00,12.050000190734863,12.300000190734863,12.0,12.0,753,0.0,0.0
2023-09-05 00:00:00+03:00,12.300000190734863,12.300000190734863,11.5,12.050000190734863,1628,0.0,0.0
2023-09-06 00:00:00+03:00,12.0,13.0,11.649999618530273,12.399999618530273,2973,0.0,0.0
2023-09-07 00:00:00+03:00,12.25,12.399999618530273,12.25,12.25,461,0.0,0.0
2023-09-08 00:00:00+03:00,11.850000381469727,12.449999809265137,11.800000190734863,12.449999809265137,4144,0.0,0.0
2023-09-11 00:00:00+03:00,12.800000190734863,12.850000381469727,12.050000190734863,12.800000190734863,1730,0.0,0.0
2023-09-12 00:00:00+03:00,12.699999809265137,12.899999618530273,12.699999809265137,12.850000381469727,514,0.0,0.0
2023-09-13 00:00:00+03:00,12.600000381469727,12.899999618530273,12.550000190734863,12.850000381469727,2116,0.0,0.0
2023-09-14 00:00:00+03:00,12.050000190734863,12.850000381469727,12.050000190734863,12.600000381469727,582,0.0,0.0
2023-09-15 00:00:00+03:00,12.600000381469727,12.649999618530273,12.300000190734863,12.649999618530273,655,0.0,0.0
2023-09-18 00:00:00+03:00,12.350000381469727,13.449999809265137,12.350000381469727,13.449999809265137,650,0.0,0.0
2023-09-19 00:00:00+03:00,13.449999809265137,13.449999809265137,12.399999618530273,12.449999809265137,690,0.0,0.0
2023-09-20 00:00:00+03:00,12.449999809265137,12.800000190734863,12.449999809265137,12.449999809265137,665,0.0,0.0
2023-09-21 00:00:00+03:00,12.399999618530273,13.0,11.800000190734863,13.0,2154,0.0,0.0
2023-09-22 00:00:00+03:00,12.899999618530273,12.899999618530273,12.649999618530273,12.699999809265137,1882,0.0,0.0
2023-09-25 00:00:00+03:00,12.699999809265137,12.949999809265137,12.699999809265137,12.699999809265137,489,0.0,0.0
2023-09-26 00:00:00+03:00,12.75,12.800000190734863,12.199999809265137,12.699999809265137,937,0.0,0.0
2023-09-27 00:00:00+03:00,12.649999618530273,12.649999618530273,12.300000190734863,12.5,897,0.0,0.0
2023-09-28 00:00:00+03:00,12.399999618530273,13.0,12.399999618530273,12.800000190734863,2339,0.0,0.0
2023-09-29 00:00:00+03:00,12.5,12.75,12.449999809265137,12.75,1123,0.0,0.0
2023-10-02 00:00:00+03:00,12.75,12.75,12.5,12.5,336,0.0,0.0
2023-10-03 00:00:00+03:00,12.5,12.800000190734863,12.399999618530273,12.600000381469727,1105,0.0,0.0
2023-10-04 00:00:00+03:00,12.5,12.850000381469727,12.5,12.600000381469727,787,0.0,0.0
2023-10-05 00:00:00+03:00,12.5,13.649999618530273,12.5,13.25,1317,0.0,0.0
2023-10-06 00:00:00+03:00,13.199999809265137,13.199999809265137,12.800000190734863,12.850000381469727,1550,0.0,0.0
2023-10-09 00:00:00+03:00,12.800000190734863,12.800000190734863,12.75,12.75,442,0.0,0.0
2023-10-10 00:00:00+03:00,12.75,13.0,12.75,12.800000190734863,1472,0.0,0.0
2023-10-11 00:00:00+03:00,13.0,13.0,12.75,12.75,944,0.0,0.0
2023-10-12 00:00:00+03:00,12.800000190734863,13.149999618530273,12.800000190734863,13.149999618530273,519,0.0,0.0
2023-10-13 00:00:00+03:00,12.850000381469727,13.100000381469727,12.649999618530273,13.100000381469727,765,0.0,0.0
2023-10-16 00:00:00+03:00,13.100000381469727,13.100000381469727,12.5,12.800000190734863,931,0.0,0.0
2023-10-17 00:00:00+03:00,12.5,12.600000381469727,12.449999809265137,12.449999809265137,744,0.0,0.0
2023-10-18 00:00:00+03:00,12.449999809265137,12.449999809265137,12.350000381469727,12.350000381469727,450,0.0,0.0
2023-10-19 00:00:00+03:00,12.399999618530273,12.399999618530273,12.300000190734863,12.300000190734863,830,0.0,0.0
2023-10-20 00:00:00+03:00,12.300000190734863,12.300000190734863,12.0,12.0,483,0.0,0.0
2023-10-23 00:00:00+03:00,12.100000381469727,12.5,11.850000381469727,11.850000381469727,2154,0.0,0.0
2023-10-24 00:00:00+03:00,11.5,11.75,11.5,11.600000381469727,2237,0.0,0.0
2023-10-25 00:00:00+03:00,11.800000190734863,11.800000190734863,11.199999809265137,11.199999809265137,4375,0.0,0.0
2023-10-26 00:00:00+03:00,12.25,12.25,10.550000190734863,11.300000190734863,956,0.0,0.0
2023-10-27 00:00:00+03:00,11.350000381469727,11.350000381469727,11.149999618530273,11.149999618530273,323,0.0,0.0
2023-10-30 00:00:00+02:00,11.149999618530273,11.649999618530273,11.050000190734863,11.25,1894,0.0,0.0
2023-10-31 00:00:00+02:00,11.300000190734863,11.850000381469727,11.050000190734863,11.800000190734863,574,0.0,0.0
2023-11-01 00:00:00+02:00,11.800000190734863,12.0,11.449999809265137,11.899999618530273,2280,0.0,0.0
2023-11-02 00:00:00+02:00,11.949999809265137,12.0,11.449999809265137,12.0,1815,0.0,0.0
2023-11-03 00:00:00+02:00,11.800000190734863,12.050000190734863,11.5,11.800000190734863,1558,0.0,0.0
2023-11-06 00:00:00+02:00,12.0,12.0,11.850000381469727,12.0,1512,0.0,0.0
2023-11-07 00:00:00+02:00,11.800000190734863,11.800000190734863,11.5,11.600000381469727,1385,0.0,0.0
2023-11-08 00:00:00+02:00,11.600000381469727,11.600000381469727,11.350000381469727,11.350000381469727,1716,0.0,0.0
2023-11-09 00:00:00+02:00,11.399999618530273,11.550000190734863,11.350000381469727,11.5,1534,0.0,0.0
2023-11-10 00:00:00+02:00,11.5,11.600000381469727,11.5,11.600000381469727,458,0.0,0.0
2023-11-13 00:00:00+02:00,11.600000381469727,12.649999618530273,11.100000381469727,11.899999618530273,1910,0.0,0.0
