Date,Open,High,Low,Close,Volume,Dividends,Stock Splits
2021-06-08 00:00:00+03:00,6.900000095367432,7.0,6.599999904632568,6.71999979019165,148767,0.0,0.0
2021-06-09 00:00:00+03:00,6.909999847412109,8.5,6.75,8.25,106812,0.0,0.0
2021-06-10 00:00:00+03:00,8.5,10.149999618530273,8.399999618530273,9.220000267028809,92574,0.0,0.0
2021-06-11 00:00:00+03:00,9.220000267028809,9.220000267028809,8.34000015258789,8.5600004196167,44365,0.0,0.0
2021-06-14 00:00:00+03:00,8.579999923706055,8.579999923706055,7.360000133514404,7.980000019073486,46419,0.0,0.0
2021-06-15 00:00:00+03:00,7.980000019073486,8.460000038146973,7.980000019073486,8.100000381469727,13406,0.0,0.0
2021-06-16 00:00:00+03:00,8.140000343322754,8.380000114440918,8.100000381469727,8.140000343322754,5674,0.0,0.0
2021-06-17 00:00:00+03:00,8.020000457763672,8.100000381469727,7.820000171661377,8.020000457763672,4126,0.0,0.0
2021-06-18 00:00:00+03:00,8.34000015258789,8.34000015258789,7.980000019073486,8.0600004196167,7442,0.0,0.0
2021-06-21 00:00:00+03:00,8.140000343322754,8.140000343322754,7.920000076293945,7.980000019073486,5645,0.0,0.0
2021-06-22 00:00:00+03:00,7.980000019073486,7.980000019073486,7.820000171661377,7.940000057220459,3419,0.0,0.0
2021-06-23 00:00:00+03:00,7.960000038146973,7.960000038146973,7.71999979019165,7.71999979019165,6402,0.0,0.0
2021-06-24 00:00:00+03:00,7.800000190734863,8.0600004196167,7.800000190734863,8.0,8482,0.0,0.0
2021-06-28 00:00:00+03:00,8.199999809265137,9.15999984741211,8.199999809265137,9.039999961853027,27573,0.0,0.0
2021-06-29 00:00:00+03:00,9.260000228881836,10.949999809265137,9.15999984741211,9.899999618530273,42795,0.0,0.0
2021-06-30 00:00:00+03:00,10.25,10.949999809265137,9.960000038146973,10.0,38031,0.0,0.0
2021-07-01 00:00:00+03:00,10.199999809265137,10.699999809265137,9.899999618530273,10.0,36482,0.0,0.0
2021-07-02 00:00:00+03:00,10.050000190734863,10.5,9.800000190734863,9.979999542236328,16161,0.0,0.0
2021-07-05 00:00:00+03:00,10.0,10.300000190734863,9.640000343322754,9.960000038146973,15977,0.0,0.0
2021-07-06 00:00:00+03:00,9.960000038146973,10.100000381469727,9.619999885559082,10.0,9205,0.0,0.0
2021-07-07 00:00:00+03:00,10.0,10.0,9.520000457763672,9.779999732971191,11002,0.0,0.0
2021-07-08 00:00:00+03:00,9.779999732971191,9.779999732971191,9.399999618530273,9.479999542236328,5721,0.0,0.0
2021-07-09 00:00:00+03:00,9.479999542236328,9.479999542236328,9.039999961853027,9.199999809265137,8607,0.0,0.0
2021-07-12 00:00:00+03:00,9.199999809265137,9.699999809265137,9.199999809265137,9.5,4813,0.0,0.0
2021-07-13 00:00:00+03:00,9.520000457763672,9.680000305175781,9.359999656677246,9.65999984741211,3148,0.0,0.0
2021-07-14 00:00:00+03:00,9.5,9.600000381469727,9.0,9.380000114440918,4907,0.0,0.0
2021-07-15 00:00:00+03:00,9.680000305175781,9.680000305175781,9.399999618530273,9.5,2064,0.0,0.0
2021-07-16 00:00:00+03:00,9.680000305175781,9.789999961853027,9.5,9.640000343322754,4719,0.0,0.0
2021-07-19 00:00:00+03:00,9.649999618530273,9.649999618530273,9.399999618530273,9.399999618530273,2092,0.0,0.0
2021-07-20 00:00:00+03:00,9.5,9.720000267028809,9.350000381469727,9.380000114440918,5404,0.0,0.0
2021-07-21 00:00:00+03:00,9.399999618530273,9.6899995803833,9.399999618530273,9.449999809265137,5982,0.0,0.0
2021-07-22 00:00:00+03:00,9.399999618530273,9.529999732971191,9.279999732971191,9.449999809265137,4396,0.0,0.0
2021-07-23 00:00:00+03:00,9.300000190734863,9.470000267028809,9.289999961853027,9.40999984741211,4883,0.0,0.0
2021-07-26 00:00:00+03:00,9.40999984741211,9.4399995803833,8.899999618530273,9.149999618530273,9520,0.0,0.0
2021-07-27 00:00:00+03:00,9.149999618530273,9.380000114440918,8.989999771118164,9.0,3422,0.0,0.0
2021-07-28 00:00:00+03:00,9.0,9.0,8.680000305175781,8.680000305175781,7608,0.0,0.0
2021-07-29 00:00:00+03:00,8.630000114440918,8.729999542236328,8.5,8.5,12816,0.0,0.0
2021-07-30 00:00:00+03:00,8.630000114440918,8.75,8.520000457763672,8.600000381469727,3565,0.0,0.0
2021-08-02 00:00:00+03:00,8.600000381469727,8.699999809265137,8.399999618530273,8.399999618530273,7858,0.0,0.0
2021-08-03 00:00:00+03:00,8.569999694824219,8.569999694824219,8.109999656677246,8.479999542236328,4445,0.0,0.0
2021-08-04 00:00:00+03:00,8.350000381469727,8.4399995803833,8.239999771118164,8.300000190734863,9656,0.0,0.0
2021-08-05 00:00:00+03:00,8.399999618530273,8.5,8.270000457763672,8.5,2991,0.0,0.0
2021-08-06 00:00:00+03:00,8.479999542236328,8.5,8.350000381469727,8.5,2774,0.0,0.0
2021-08-09 00:00:00+03:00,8.550000190734863,8.600000381469727,8.40999984741211,8.420000076293945,4971,0.0,0.0
2021-08-10 00:00:00+03:00,8.600000381469727,8.600000381469727,8.40999984741211,8.600000381469727,6170,0.0,0.0
2021-08-11 00:00:00+03:00,8.600000381469727,8.600000381469727,8.420000076293945,8.470000267028809,2402,0.0,0.0
2021-08-12 00:00:00+03:00,8.470000267028809,8.699999809265137,8.470000267028809,8.6899995803833,3166,0.0,0.0
2021-08-13 00:00:00+03:00,8.6899995803833,8.6899995803833,8.460000038146973,8.520000457763672,6738,0.0,0.0
2021-08-16 00:00:00+03:00,8.5,8.5,8.319999694824219,8.460000038146973,5221,0.0,0.0
2021-08-17 00:00:00+03:00,8.399999618530273,8.4399995803833,8.199999809265137,8.4399995803833,10650,0.0,0.0
2021-08-18 00:00:00+03:00,8.479999542236328,8.479999542236328,8.25,8.350000381469727,5740,0.0,0.0
2021-08-19 00:00:00+03:00,8.350000381469727,8.5,8.300000190734863,8.34000015258789,13425,0.0,0.0
2021-08-20 00:00:00+03:00,8.359999656677246,9.0,8.359999656677246,9.0,7853,0.0,0.0
2021-08-23 00:00:00+03:00,9.0,9.0,8.529999732971191,8.699999809265137,9508,0.0,0.0
2021-08-24 00:00:00+03:00,8.989999771118164,9.149999618530273,8.84000015258789,9.0,14107,0.0,0.0
2021-08-25 00:00:00+03:00,9.100000381469727,9.100000381469727,8.90999984741211,9.050000190734863,25107,0.0,0.0
2021-08-26 00:00:00+03:00,9.34000015258789,9.970000267028809,9.180000305175781,9.180000305175781,29600,0.0,0.0
2021-08-27 00:00:00+03:00,9.199999809265137,9.470000267028809,9.0,9.399999618530273,15290,0.0,0.0
2021-08-30 00:00:00+03:00,9.5,9.5,9.149999618530273,9.300000190734863,12597,0.0,0.0
2021-08-31 00:00:00+03:00,9.4399995803833,9.4399995803833,9.260000228881836,9.289999961853027,5014,0.0,0.0
2021-09-01 00:00:00+03:00,9.270000457763672,9.399999618530273,9.25,9.3100004196167,7560,0.0,0.0
2021-09-02 00:00:00+03:00,9.399999618530273,9.399999618530273,9.0,9.220000267028809,16837,0.0,0.0
2021-09-03 00:00:00+03:00,9.220000267028809,9.40999984741211,9.069999694824219,9.229999542236328,12096,0.0,0.0
2021-09-06 00:00:00+03:00,9.329999923706055,9.449999809265137,9.279999732971191,9.300000190734863,2730,0.0,0.0
2021-09-07 00:00:00+03:00,9.3100004196167,9.4399995803833,9.300000190734863,9.300000190734863,8132,0.0,0.0
2021-09-08 00:00:00+03:00,9.300000190734863,9.300000190734863,9.100000381469727,9.140000343322754,6825,0.0,0.0
2021-09-09 00:00:00+03:00,9.140000343322754,9.170000076293945,8.890000343322754,9.0,5291,0.0,0.0
2021-09-10 00:00:00+03:00,9.0,9.0,8.65999984741211,8.930000305175781,4724,0.0,0.0
2021-09-13 00:00:00+03:00,8.979999542236328,9.15999984741211,8.8100004196167,8.930000305175781,4851,0.0,0.0
2021-09-14 00:00:00+03:00,8.899999618530273,8.989999771118164,8.569999694824219,8.630000114440918,7106,0.0,0.0
2021-09-15 00:00:00+03:00,8.600000381469727,8.600000381469727,8.119999885559082,8.229999542236328,14487,0.0,0.0
2021-09-16 00:00:00+03:00,8.220000267028809,8.470000267028809,8.170000076293945,8.220000267028809,4197,0.0,0.0
2021-09-17 00:00:00+03:00,8.319999694824219,8.5,8.300000190734863,8.329999923706055,4490,0.0,0.0
2021-09-20 00:00:00+03:00,8.289999961853027,8.289999961853027,7.420000076293945,7.659999847412109,26684,0.0,0.0
2021-09-21 00:00:00+03:00,7.659999847412109,8.489999771118164,7.659999847412109,8.050000190734863,6918,0.0,0.0
2021-09-22 00:00:00+03:00,8.300000190734863,8.5,8.100000381469727,8.350000381469727,10634,0.0,0.0
2021-09-23 00:00:00+03:00,8.5,8.5,8.100000381469727,8.100000381469727,5732,0.0,0.0
2021-09-24 00:00:00+03:00,8.130000114440918,8.130000114440918,7.989999771118164,8.020000457763672,4377,0.0,0.0
2021-09-27 00:00:00+03:00,8.0,8.329999923706055,7.849999904632568,7.980000019073486,4091,0.0,0.0
2021-09-28 00:00:00+03:00,8.239999771118164,8.239999771118164,7.889999866485596,7.900000095367432,4659,0.0,0.0
2021-09-29 00:00:00+03:00,7.900000095367432,7.900000095367432,7.699999809265137,7.699999809265137,9064,0.0,0.0
2021-09-30 00:00:00+03:00,7.840000152587891,7.980000019073486,7.550000190734863,7.599999904632568,8354,0.0,0.0
2021-10-01 00:00:00+03:00,7.849999904632568,7.849999904632568,7.550000190734863,7.599999904632568,3482,0.0,0.0
2021-10-04 00:00:00+03:00,7.599999904632568,7.739999771118164,7.550000190734863,7.690000057220459,12267,0.0,0.0
2021-10-05 00:00:00+03:00,7.840000152587891,8.1899995803833,7.78000020980835,8.0,6335,0.0,0.0
2021-10-06 00:00:00+03:00,8.100000381469727,8.100000381469727,7.849999904632568,7.929999828338623,2368,0.0,0.0
2021-10-07 00:00:00+03:00,7.900000095367432,7.989999771118164,7.710000038146973,7.800000190734863,12269,0.0,0.0
2021-10-08 00:00:00+03:00,8.289999961853027,8.289999961853027,7.800000190734863,8.100000381469727,4360,0.0,0.0
2021-10-11 00:00:00+03:00,8.319999694824219,8.329999923706055,7.940000057220459,8.109999656677246,2300,0.0,0.0
2021-10-12 00:00:00+03:00,8.0,8.109999656677246,8.0,8.109999656677246,1503,0.0,0.0
2021-10-13 00:00:00+03:00,8.100000381469727,8.15999984741211,8.010000228881836,8.100000381469727,3245,0.0,0.0
2021-10-14 00:00:00+03:00,8.229999542236328,8.34000015258789,8.229999542236328,8.319999694824219,3172,0.0,0.0
2021-10-15 00:00:00+03:00,8.319999694824219,8.5,8.319999694824219,8.5,2264,0.0,0.0
2021-10-18 00:00:00+03:00,8.5,8.670000076293945,8.479999542236328,8.520000457763672,3881,0.0,0.0
2021-10-19 00:00:00+03:00,8.670000076293945,8.670000076293945,8.520000457763672,8.539999961853027,2174,0.0,0.0
2021-10-20 00:00:00+03:00,8.539999961853027,8.649999618530273,8.539999961853027,8.649999618530273,672,0.0,0.0
2021-10-21 00:00:00+03:00,8.649999618530273,8.670000076293945,8.350000381469727,8.550000190734863,5202,0.0,0.0
2021-10-22 00:00:00+03:00,8.510000228881836,8.699999809265137,8.380000114440918,8.460000038146973,3728,0.0,0.0
2021-10-25 00:00:00+03:00,8.5,8.6899995803833,8.460000038146973,8.460000038146973,2023,0.0,0.0
2021-10-26 00:00:00+03:00,8.5,8.6899995803833,8.5,8.5,933,0.0,0.0
2021-10-27 00:00:00+03:00,8.550000190734863,8.680000305175781,8.5,8.5,1553,0.0,0.0
2021-10-28 00:00:00+03:00,8.600000381469727,8.640000343322754,8.079999923706055,8.079999923706055,3934,0.0,0.0
2021-10-29 00:00:00+03:00,8.100000381469727,8.600000381469727,8.100000381469727,8.25,2561,0.0,0.0
2021-11-01 00:00:00+02:00,8.390000343322754,8.390000343322754,8.210000038146973,8.289999961853027,2205,0.0,0.0
2021-11-02 00:00:00+02:00,8.699999809265137,9.09000015258789,8.59000015258789,8.649999618530273,12699,0.0,0.0
2021-11-03 00:00:00+02:00,8.75,8.890000343322754,8.59000015258789,8.59000015258789,6039,0.0,0.0
2021-11-04 00:00:00+02:00,8.720000267028809,8.720000267028809,8.40999984741211,8.40999984741211,3418,0.0,0.0
2021-11-05 00:00:00+02:00,8.40999984741211,8.640000343322754,8.199999809265137,8.34000015258789,4227,0.0,0.0
2021-11-08 00:00:00+02:00,8.449999809265137,8.449999809265137,8.010000228881836,8.449999809265137,2969,0.0,0.0
2021-11-09 00:00:00+02:00,8.449999809265137,8.449999809265137,8.3100004196167,8.359999656677246,2465,0.0,0.0
2021-11-10 00:00:00+02:00,8.390000343322754,8.390000343322754,8.260000228881836,8.369999885559082,2190,0.0,0.0
2021-11-11 00:00:00+02:00,8.369999885559082,8.369999885559082,8.210000038146973,8.319999694824219,3562,0.0,0.0
2021-11-12 00:00:00+02:00,8.329999923706055,8.880000114440918,8.329999923706055,8.489999771118164,1551,0.0,0.0
2021-11-15 00:00:00+02:00,8.600000381469727,8.699999809265137,8.489999771118164,8.600000381469727,1347,0.0,0.0
2021-11-16 00:00:00+02:00,8.649999618530273,8.649999618530273,8.34000015258789,8.399999618530273,3448,0.0,0.0
2021-11-17 00:00:00+02:00,8.350000381469727,8.350000381469727,8.279999732971191,8.350000381469727,5970,0.0,0.0
2021-11-18 00:00:00+02:00,8.300000190734863,8.489999771118164,8.119999885559082,8.140000343322754,4794,0.0,0.0
2021-11-19 00:00:00+02:00,8.470000267028809,8.470000267028809,8.109999656677246,8.25,2232,0.0,0.0
2021-11-22 00:00:00+02:00,8.25,8.25,8.0,8.010000228881836,2118,0.0,0.0
2021-11-23 00:00:00+02:00,8.010000228881836,8.390000343322754,8.0,8.020000457763672,2126,0.0,0.0
2021-11-24 00:00:00+02:00,8.010000228881836,8.100000381469727,7.989999771118164,8.100000381469727,2626,0.0,0.0
2021-11-25 00:00:00+02:00,8.100000381469727,8.100000381469727,7.920000076293945,7.929999828338623,5784,0.0,0.0
2021-11-26 00:00:00+02:00,7.929999828338623,7.929999828338623,7.690000057220459,7.800000190734863,4981,0.0,0.0
2021-11-29 00:00:00+02:00,7.800000190734863,7.900000095367432,7.800000190734863,7.820000171661377,3456,0.0,0.0
2021-11-30 00:00:00+02:00,7.800000190734863,7.880000114440918,7.5,7.800000190734863,7073,0.0,0.0
2021-12-01 00:00:00+02:00,7.590000152587891,7.949999809265137,7.590000152587891,7.949999809265137,3566,0.0,0.0
2021-12-02 00:00:00+02:00,7.900000095367432,7.900000095367432,7.539999961853027,7.739999771118164,2641,0.0,0.0
2021-12-03 00:00:00+02:00,7.739999771118164,8.010000228881836,7.739999771118164,7.760000228881836,4813,0.0,0.0
2021-12-07 00:00:00+02:00,7.900000095367432,7.900000095367432,7.53000020980835,7.650000095367432,7116,0.0,0.0
2021-12-08 00:00:00+02:00,7.670000076293945,7.670000076293945,7.460000038146973,7.460000038146973,6981,0.0,0.0
2021-12-09 00:00:00+02:00,7.670000076293945,7.670000076293945,7.199999809265137,7.289999961853027,16583,0.0,0.0
2021-12-10 00:00:00+02:00,7.260000228881836,7.769999980926514,7.260000228881836,7.550000190734863,5110,0.0,0.0
2021-12-13 00:00:00+02:00,7.599999904632568,7.78000020980835,7.599999904632568,7.599999904632568,2253,0.0,0.0
2021-12-14 00:00:00+02:00,7.760000228881836,7.760000228881836,7.0,7.0,16212,0.0,0.0
2021-12-15 00:00:00+02:00,7.489999771118164,7.599999904632568,7.110000133514404,7.559999942779541,3859,0.0,0.0
2021-12-16 00:00:00+02:00,7.590000152587891,7.760000228881836,7.590000152587891,7.71999979019165,5247,0.0,0.0
2021-12-17 00:00:00+02:00,7.71999979019165,7.730000019073486,7.449999809265137,7.539999961853027,3070,0.0,0.0
2021-12-20 00:00:00+02:00,7.400000095367432,7.400000095367432,7.230000019073486,7.309999942779541,3547,0.0,0.0
2021-12-21 00:00:00+02:00,7.730000019073486,8.149999618530273,7.699999809265137,7.820000171661377,10206,0.0,0.0
2021-12-22 00:00:00+02:00,7.96999979019165,8.140000343322754,7.909999847412109,8.100000381469727,9044,0.0,0.0
2021-12-23 00:00:00+02:00,8.239999771118164,8.239999771118164,8.0,8.100000381469727,4933,0.0,0.0
2021-12-27 00:00:00+02:00,8.5,9.369999885559082,8.5,9.050000190734863,32654,0.0,0.0
2021-12-28 00:00:00+02:00,9.109999656677246,9.3100004196167,8.84000015258789,8.960000038146973,24084,0.0,0.0
2021-12-29 00:00:00+02:00,8.960000038146973,8.960000038146973,8.5,8.579999923706055,9266,0.0,0.0
2021-12-30 00:00:00+02:00,8.569999694824219,8.9399995803833,8.489999771118164,8.489999771118164,21622,0.0,0.0
2022-01-03 00:00:00+02:00,9.359999656677246,9.550000190734863,9.210000038146973,9.520000457763672,26673,0.0,0.0
2022-01-04 00:00:00+02:00,9.399999618530273,9.399999618530273,8.819999694824219,9.15999984741211,13734,0.0,0.0
2022-01-05 00:00:00+02:00,9.15999984741211,9.170000076293945,8.84000015258789,8.989999771118164,5486,0.0,0.0
2022-01-07 00:00:00+02:00,9.0,9.079999923706055,8.550000190734863,8.550000190734863,13169,0.0,0.0
2022-01-10 00:00:00+02:00,8.949999809265137,8.949999809265137,8.550000190734863,8.550000190734863,2440,0.0,0.0
2022-01-11 00:00:00+02:00,8.550000190734863,9.289999961853027,8.550000190734863,8.739999771118164,4874,0.0,0.0
2022-01-12 00:00:00+02:00,8.800000190734863,8.890000343322754,8.5,8.8100004196167,4134,0.0,0.0
2022-01-13 00:00:00+02:00,8.800000190734863,8.800000190734863,8.5,8.579999923706055,4105,0.0,0.0
2022-01-14 00:00:00+02:00,8.579999923706055,8.579999923706055,8.3100004196167,8.34000015258789,6678,0.0,0.0
2022-01-17 00:00:00+02:00,8.210000038146973,8.34000015258789,8.149999618530273,8.149999618530273,2697,0.0,0.0
2022-01-18 00:00:00+02:00,8.369999885559082,8.369999885559082,8.010000228881836,8.100000381469727,6832,0.0,0.0
2022-01-19 00:00:00+02:00,8.0,8.0,7.800000190734863,8.0,7256,0.0,0.0
2022-01-20 00:00:00+02:00,8.010000228881836,8.100000381469727,7.929999828338623,7.949999809265137,4397,0.0,0.0
2022-01-21 00:00:00+02:00,8.25,8.25,7.53000020980835,7.71999979019165,11678,0.0,0.0
2022-01-24 00:00:00+02:00,7.599999904632568,7.599999904632568,6.829999923706055,6.880000114440918,28140,0.0,0.0
2022-01-25 00:00:00+02:00,7.019999980926514,7.420000076293945,7.010000228881836,7.150000095367432,11212,0.0,0.0
2022-01-26 00:00:00+02:00,7.170000076293945,7.650000095367432,7.170000076293945,7.599999904632568,3000,0.0,0.0
2022-01-27 00:00:00+02:00,7.679999828338623,7.929999828338623,7.559999942779541,7.699999809265137,5638,0.0,0.0
2022-01-28 00:00:00+02:00,7.559999942779541,7.760000228881836,7.550000190734863,7.679999828338623,1510,0.0,0.0
2022-01-31 00:00:00+02:00,7.679999828338623,7.800000190734863,7.53000020980835,7.730000019073486,3099,0.0,0.0
2022-02-01 00:00:00+02:00,7.75,7.869999885559082,7.599999904632568,7.599999904632568,3100,0.0,0.0
2022-02-02 00:00:00+02:00,7.71999979019165,7.789999961853027,7.599999904632568,7.650000095367432,1717,0.0,0.0
2022-02-03 00:00:00+02:00,7.650000095367432,7.769999980926514,7.5,7.559999942779541,2288,0.0,0.0
2022-02-04 00:00:00+02:00,7.849999904632568,7.900000095367432,7.599999904632568,7.599999904632568,8533,0.0,0.0
2022-02-07 00:00:00+02:00,7.639999866485596,7.650000095367432,7.420000076293945,7.420000076293945,5253,0.0,0.0
2022-02-08 00:00:00+02:00,7.71999979019165,7.769999980926514,7.590000152587891,7.599999904632568,2488,0.0,0.0
2022-02-09 00:00:00+02:00,7.829999923706055,7.829999923706055,7.650000095367432,7.71999979019165,4690,0.0,0.0
2022-02-10 00:00:00+02:00,7.849999904632568,8.09000015258789,7.5,7.550000190734863,15358,0.0,0.0
2022-02-11 00:00:00+02:00,7.449999809265137,7.690000057220459,7.360000133514404,7.5,18833,0.0,0.0
2022-02-14 00:00:00+02:00,7.400000095367432,7.400000095367432,7.059999942779541,7.199999809265137,6621,0.0,0.0
2022-02-15 00:00:00+02:00,7.320000171661377,7.409999847412109,7.190000057220459,7.21999979019165,3593,0.0,0.0
2022-02-16 00:00:00+02:00,7.5,7.739999771118164,7.329999923706055,7.349999904632568,3339,0.0,0.0
2022-02-17 00:00:00+02:00,7.510000228881836,7.510000228881836,7.139999866485596,7.150000095367432,3734,0.0,0.0
2022-02-18 00:00:00+02:00,7.150000095367432,7.289999961853027,7.090000152587891,7.170000076293945,1943,0.0,0.0
2022-02-21 00:00:00+02:00,7.159999847412109,7.170000076293945,6.900000095367432,7.0,4110,0.0,0.0
2022-02-22 00:00:00+02:00,6.769999980926514,6.989999771118164,6.559999942779541,6.900000095367432,5751,0.0,0.0
2022-02-23 00:00:00+02:00,6.960000038146973,6.980000019073486,6.630000114440918,6.78000020980835,7107,0.0,0.0
2022-02-24 00:00:00+02:00,6.510000228881836,6.96999979019165,6.5,6.510000228881836,7444,0.0,0.0
2022-02-25 00:00:00+02:00,6.610000133514404,7.0,6.610000133514404,6.690000057220459,3198,0.0,0.0
2022-02-28 00:00:00+02:00,6.699999809265137,6.820000171661377,6.630000114440918,6.789999961853027,3764,0.0,0.0
2022-03-01 00:00:00+02:00,6.820000171661377,6.820000171661377,6.630000114440918,6.659999847412109,2619,0.0,0.0
2022-03-02 00:00:00+02:00,6.789999961853027,6.809999942779541,6.679999828338623,6.809999942779541,4438,0.0,0.0
2022-03-03 00:00:00+02:00,6.809999942779541,6.929999828338623,6.75,6.789999961853027,5786,0.0,0.0
2022-03-04 00:00:00+02:00,6.949999809265137,7.480000019073486,6.699999809265137,6.699999809265137,2748,0.0,0.0
2022-03-07 00:00:00+02:00,6.559999942779541,6.559999942779541,6.110000133514404,6.489999771118164,15821,0.0,0.0
2022-03-08 00:00:00+02:00,6.5,6.809999942779541,6.420000076293945,6.789999961853027,4020,0.0,0.0
2022-03-09 00:00:00+02:00,6.849999904632568,7.46999979019165,6.849999904632568,7.230000019073486,6015,0.0,0.0
2022-03-10 00:00:00+02:00,7.230000019073486,7.489999771118164,7.230000019073486,7.349999904632568,2683,0.0,0.0
2022-03-11 00:00:00+02:00,7.400000095367432,7.800000190734863,7.400000095367432,7.699999809265137,4470,0.0,0.0
2022-03-14 00:00:00+02:00,7.889999866485596,7.889999866485596,7.349999904632568,7.5,6418,0.0,0.0
2022-03-15 00:00:00+02:00,7.5,7.5,7.199999809265137,7.349999904632568,3534,0.0,0.0
2022-03-16 00:00:00+02:00,7.599999904632568,7.889999866485596,7.550000190734863,7.739999771118164,3382,0.0,0.0
2022-03-17 00:00:00+02:00,7.699999809265137,7.900000095367432,7.599999904632568,7.840000152587891,3567,0.0,0.0
2022-03-18 00:00:00+02:00,7.880000114440918,7.880000114440918,7.519999980926514,7.710000038146973,2750,0.0,0.0
2022-03-21 00:00:00+02:00,7.789999961853027,7.940000057220459,7.789999961853027,7.940000057220459,1537,0.0,0.0
2022-03-22 00:00:00+02:00,7.849999904632568,7.940000057220459,7.510000228881836,7.940000057220459,2208,0.0,0.0
2022-03-23 00:00:00+02:00,7.519999980926514,7.96999979019165,7.519999980926514,7.75,3484,0.0,0.0
2022-03-24 00:00:00+02:00,7.559999942779541,7.699999809265137,7.510000228881836,7.539999961853027,1624,0.0,0.0
2022-03-25 00:00:00+02:00,7.519999980926514,7.940000057220459,7.400000095367432,7.460000038146973,158,0.0,0.0
2022-03-28 00:00:00+03:00,7.650000095367432,7.650000095367432,7.519999980926514,7.519999980926514,518,0.0,0.0
2022-03-29 00:00:00+03:00,7.449999809265137,7.480000019073486,7.400000095367432,7.480000019073486,1132,0.0,0.0
2022-03-30 00:00:00+03:00,7.539999961853027,7.539999961853027,7.400000095367432,7.400000095367432,380749,0.0,0.0
2022-03-31 00:00:00+03:00,7.440000057220459,7.440000057220459,7.28000020980835,7.440000057220459,1399,0.0,0.0
2022-04-01 00:00:00+03:00,7.400000095367432,7.590000152587891,7.400000095367432,7.590000152587891,684,0.0,0.0
2022-04-04 00:00:00+03:00,7.599999904632568,7.699999809265137,7.599999904632568,7.599999904632568,1098,0.0,0.0
2022-04-05 00:00:00+03:00,7.699999809265137,7.760000228881836,7.329999923706055,7.760000228881836,1604,0.0,0.0
2022-04-06 00:00:00+03:00,7.820000171661377,7.820000171661377,7.329999923706055,7.590000152587891,897,0.0,0.0
2022-04-07 00:00:00+03:00,7.579999923706055,7.699999809265137,7.579999923706055,7.639999866485596,2122,0.0,0.0
2022-04-08 00:00:00+03:00,7.670000076293945,7.760000228881836,7.599999904632568,7.599999904632568,3028,0.0,0.0
2022-04-11 00:00:00+03:00,7.610000133514404,7.630000114440918,7.579999923706055,7.599999904632568,1278,0.0,0.0
2022-04-12 00:00:00+03:00,7.579999923706055,7.579999923706055,7.5,7.5,2338,0.0,0.0
2022-04-13 00:00:00+03:00,7.510000228881836,7.590000152587891,7.400000095367432,7.400000095367432,805,0.0,0.0
2022-04-14 00:00:00+03:00,7.400000095367432,7.619999885559082,7.25,7.619999885559082,1400,0.0,0.0
2022-04-19 00:00:00+03:00,7.619999885559082,7.619999885559082,7.5,7.599999904632568,1524,0.0,0.0
2022-04-20 00:00:00+03:00,7.519999980926514,7.610000133514404,7.369999885559082,7.590000152587891,3693,0.0,0.0
2022-04-21 00:00:00+03:00,7.400000095367432,7.599999904632568,7.400000095367432,7.599999904632568,2130,0.0,0.0
2022-04-22 00:00:00+03:00,7.599999904632568,7.599999904632568,7.460000038146973,7.599999904632568,610,0.0,0.0
2022-04-25 00:00:00+03:00,7.380000114440918,7.460000038146973,7.320000171661377,7.329999923706055,1023,0.0,0.0
2022-04-26 00:00:00+03:00,7.320000171661377,7.5,7.25,7.25,2635,0.0,0.0
2022-04-27 00:00:00+03:00,7.25,7.440000057220459,7.21999979019165,7.21999979019165,784,0.0,0.0
2022-04-28 00:00:00+03:00,7.230000019073486,7.300000190734863,7.099999904632568,7.130000114440918,1839,0.0,0.0
2022-04-29 00:00:00+03:00,7.159999847412109,7.179999828338623,6.78000020980835,6.809999942779541,5341,0.0,0.0
2022-05-02 00:00:00+03:00,6.849999904632568,6.900000095367432,6.800000190734863,6.880000114440918,4845,0.0,0.0
2022-05-03 00:00:00+03:00,6.900000095367432,6.900000095367432,6.800000190734863,6.800000190734863,1735,0.0,0.0
2022-05-04 00:00:00+03:00,6.900000095367432,6.909999847412109,6.820000171661377,6.900000095367432,573,0.0,0.0
2022-05-05 00:00:00+03:00,6.820000171661377,6.900000095367432,6.800000190734863,6.900000095367432,1323,0.0,0.0
2022-05-06 00:00:00+03:00,6.789999961853027,7.5,6.789999961853027,7.5,600,0.0,0.0
2022-05-09 00:00:00+03:00,7.480000019073486,7.480000019073486,6.760000228881836,6.900000095367432,3829,0.0,0.0
2022-05-10 00:00:00+03:00,6.71999979019165,6.889999866485596,6.699999809265137,6.800000190734863,1182,0.0,0.0
2022-05-11 00:00:00+03:00,6.800000190734863,6.800000190734863,6.599999904632568,6.650000095367432,1937,0.0,0.0
2022-05-12 00:00:00+03:00,6.599999904632568,6.929999828338623,6.449999809265137,6.53000020980835,4003,0.0,0.0
2022-05-13 00:00:00+03:00,6.599999904632568,6.800000190734863,6.599999904632568,6.699999809265137,3035,0.0,0.0
2022-05-16 00:00:00+03:00,6.989999771118164,7.0,6.539999961853027,6.599999904632568,2944,0.0,0.0
2022-05-17 00:00:00+03:00,6.650000095367432,6.730000019073486,6.519999980926514,6.699999809265137,1578,0.0,0.0
2022-05-18 00:00:00+03:00,6.980000019073486,6.980000019073486,6.730000019073486,6.730000019073486,636,0.0,0.0
2022-05-19 00:00:00+03:00,6.710000038146973,6.739999771118164,6.610000133514404,6.610000133514404,1052,0.0,0.0
2022-05-20 00:00:00+03:00,6.940000057220459,6.940000057220459,6.519999980926514,6.559999942779541,3705,0.0,0.0
2022-05-23 00:00:00+03:00,6.900000095367432,6.940000057220459,6.789999961853027,6.800000190734863,4677,0.0,0.0
2022-05-24 00:00:00+03:00,6.949999809265137,6.949999809265137,6.75,6.75,5537,0.0,0.0
2022-05-25 00:00:00+03:00,6.769999980926514,6.940000057220459,6.659999847412109,6.699999809265137,1786,0.0,0.0
2022-05-27 00:00:00+03:00,6.659999847412109,6.929999828338623,6.610000133514404,6.800000190734863,4602,0.0,0.0
2022-05-30 00:00:00+03:00,6.710000038146973,6.789999961853027,6.699999809265137,6.75,2580,0.0,0.0
2022-05-31 00:00:00+03:00,6.78000020980835,6.800000190734863,6.650000095367432,6.739999771118164,4771,0.0,0.0
2022-06-01 00:00:00+03:00,6.739999771118164,6.800000190734863,6.739999771118164,6.800000190734863,6080,0.0,0.0
2022-06-02 00:00:00+03:00,6.800000190734863,6.800000190734863,6.699999809265137,6.699999809265137,1032,0.0,0.0
2022-06-03 00:00:00+03:00,6.800000190734863,6.800000190734863,6.710000038146973,6.710000038146973,848,0.0,0.0
2022-06-06 00:00:00+03:00,6.800000190734863,6.809999942779541,6.789999961853027,6.800000190734863,1519,0.0,0.0
2022-06-07 00:00:00+03:00,7.159999847412109,7.159999847412109,6.599999904632568,6.599999904632568,5124,0.0,0.0
2022-06-08 00:00:00+03:00,6.599999904632568,6.650000095367432,6.599999904632568,6.639999866485596,1045,0.0,0.0
2022-06-09 00:00:00+03:00,6.670000076293945,6.670000076293945,6.5,6.5,1024,0.0,0.0
2022-06-10 00:00:00+03:00,6.670000076293945,6.670000076293945,6.449999809265137,6.659999847412109,1711,0.0,0.0
2022-06-13 00:00:00+03:00,6.699999809265137,6.699999809265137,6.400000095367432,6.690000057220459,814,0.0,0.0
2022-06-14 00:00:00+03:00,6.599999904632568,6.670000076293945,6.590000152587891,6.599999904632568,657,0.0,0.0
2022-06-15 00:00:00+03:00,6.590000152587891,6.590000152587891,6.5,6.5,185,0.0,0.0
2022-06-16 00:00:00+03:00,6.5,6.5,6.260000228881836,6.260000228881836,688,0.0,0.0
2022-06-17 00:00:00+03:00,6.510000228881836,6.579999923706055,6.510000228881836,6.579999923706055,136,0.0,0.0
2022-06-20 00:00:00+03:00,6.260000228881836,6.510000228881836,6.260000228881836,6.409999847412109,73,0.0,0.0
2022-06-21 00:00:00+03:00,6.429999828338623,6.440000057220459,6.300000190734863,6.429999828338623,692,0.0,0.0
2022-06-22 00:00:00+03:00,6.320000171661377,6.320000171661377,6.21999979019165,6.289999961853027,364,0.0,0.0
2022-06-23 00:00:00+03:00,6.409999847412109,6.409999847412109,6.289999961853027,6.289999961853027,988,0.0,0.0
2022-06-27 00:00:00+03:00,6.400000095367432,6.400000095367432,6.380000114440918,6.380000114440918,69,0.0,0.0
2022-06-28 00:00:00+03:00,6.230000019073486,6.380000114440918,6.230000019073486,6.380000114440918,19,0.0,0.0
2022-06-29 00:00:00+03:00,6.210000038146973,6.539999961853027,6.210000038146973,6.539999961853027,1670,0.0,0.0
2022-06-30 00:00:00+03:00,6.539999961853027,6.539999961853027,6.0,6.5,777,0.0,0.0
2022-07-01 00:00:00+03:00,6.539999961853027,6.539999961853027,6.25,6.489999771118164,103,0.0,0.0
2022-07-04 00:00:00+03:00,6.489999771118164,6.5,6.489999771118164,6.5,454,0.0,0.0
2022-07-05 00:00:00+03:00,6.5,6.599999904632568,6.349999904632568,6.599999904632568,1753,0.0,0.0
2022-07-06 00:00:00+03:00,6.460000038146973,6.460000038146973,6.460000038146973,6.460000038146973,91,0.0,0.0
2022-07-07 00:00:00+03:00,6.449999809265137,6.590000152587891,6.210000038146973,6.5,267,0.0,0.0
2022-07-08 00:00:00+03:00,6.559999942779541,6.599999904632568,6.360000133514404,6.599999904632568,671,0.0,0.0
2022-07-11 00:00:00+03:00,6.730000019073486,6.730000019073486,6.5,6.5,236,0.0,0.0
2022-07-12 00:00:00+03:00,6.5,6.699999809265137,6.360000133514404,6.510000228881836,901,0.0,0.0
2022-07-13 00:00:00+03:00,6.510000228881836,6.510000228881836,6.510000228881836,6.510000228881836,0,0.0,0.0
2022-07-14 00:00:00+03:00,6.860000133514404,6.860000133514404,6.190000057220459,6.400000095367432,3489,0.0,0.0
2022-07-15 00:00:00+03:00,6.860000133514404,6.860000133514404,6.400000095367432,6.809999942779541,1152,0.0,0.0
2022-07-18 00:00:00+03:00,6.809999942779541,6.809999942779541,6.559999942779541,6.809999942779541,310,0.0,0.0
2022-07-19 00:00:00+03:00,6.800000190734863,7.199999809265137,6.800000190734863,7.0,1706,0.0,0.0
2022-07-20 00:00:00+03:00,7.199999809265137,7.5,7.159999847412109,7.480000019073486,2058,0.0,0.0
2022-07-21 00:00:00+03:00,7.5,7.599999904632568,7.110000133514404,7.429999828338623,1091,0.0,0.0
2022-07-22 00:00:00+03:00,7.420000076293945,7.420000076293945,7.119999885559082,7.409999847412109,759,0.0,0.0
2022-07-25 00:00:00+03:00,7.5,7.5,7.110000133514404,7.130000114440918,545,0.0,0.0
2022-07-26 00:00:00+03:00,7.150000095367432,7.150000095367432,7.150000095367432,7.150000095367432,140,0.0,0.0
2022-07-27 00:00:00+03:00,7.190000057220459,7.300000190734863,7.190000057220459,7.300000190734863,1524,0.0,0.0
2022-07-28 00:00:00+03:00,7.400000095367432,7.400000095367432,7.320000171661377,7.349999904632568,867,0.0,0.0
2022-07-29 00:00:00+03:00,7.480000019073486,7.480000019073486,7.329999923706055,7.349999904632568,509,0.0,0.0
2022-08-01 00:00:00+03:00,7.400000095367432,7.739999771118164,7.110000133514404,7.199999809265137,3800,0.0,0.0
2022-08-02 00:00:00+03:00,7.650000095367432,7.650000095367432,7.309999942779541,7.389999866485596,1378,0.0,0.0
2022-08-03 00:00:00+03:00,7.400000095367432,7.5,7.199999809265137,7.400000095367432,2986,0.0,0.0
2022-08-04 00:00:00+03:00,7.480000019073486,7.480000019073486,7.260000228881836,7.400000095367432,414,0.0,0.0
2022-08-05 00:00:00+03:00,7.480000019073486,7.5,7.480000019073486,7.480000019073486,545,0.0,0.0
2022-08-08 00:00:00+03:00,7.400000095367432,7.5,7.400000095367432,7.46999979019165,1105,0.0,0.0
2022-08-09 00:00:00+03:00,7.550000190734863,7.639999866485596,7.449999809265137,7.590000152587891,5073,0.0,0.0
2022-08-10 00:00:00+03:00,7.489999771118164,7.559999942779541,7.230000019073486,7.539999961853027,3230,0.0,0.0
2022-08-11 00:00:00+03:00,7.650000095367432,7.730000019073486,7.539999961853027,7.71999979019165,2733,0.0,0.0
2022-08-12 00:00:00+03:00,7.71999979019165,7.78000020980835,7.539999961853027,7.75,3970,0.0,0.0
2022-08-15 00:00:00+03:00,7.78000020980835,7.789999961853027,7.760000228881836,7.78000020980835,1365,0.0,0.0
2022-08-16 00:00:00+03:00,7.78000020980835,7.78000020980835,7.699999809265137,7.78000020980835,1500,0.0,0.0
2022-08-17 00:00:00+03:00,7.78000020980835,7.789999961853027,7.420000076293945,7.75,2843,0.0,0.0
2022-08-18 00:00:00+03:00,7.78000020980835,8.0,7.78000020980835,7.940000057220459,8637,0.0,0.0
2022-08-19 00:00:00+03:00,7.980000019073486,7.980000019073486,7.730000019073486,7.96999979019165,1684,0.0,0.0
2022-08-22 00:00:00+03:00,7.980000019073486,8.130000114440918,7.889999866485596,8.079999923706055,10587,0.0,0.0
2022-08-23 00:00:00+03:00,8.079999923706055,8.079999923706055,7.920000076293945,8.050000190734863,3633,0.0,0.0
2022-08-24 00:00:00+03:00,8.260000228881836,8.6899995803833,7.78000020980835,7.889999866485596,14387,0.0,0.0
2022-08-25 00:00:00+03:00,7.920000076293945,7.920000076293945,7.300000190734863,7.489999771118164,9907,0.0,0.0
2022-08-26 00:00:00+03:00,7.389999866485596,7.389999866485596,7.110000133514404,7.199999809265137,9917,0.0,0.0
2022-08-29 00:00:00+03:00,7.380000114440918,7.380000114440918,6.800000190734863,6.980000019073486,4076,0.0,0.0
2022-08-30 00:00:00+03:00,6.800000190734863,7.789999961853027,6.800000190734863,7.5,6730,0.0,0.0
2022-08-31 00:00:00+03:00,7.519999980926514,8.270000457763672,7.519999980926514,7.800000190734863,2945,0.0,0.0
2022-09-01 00:00:00+03:00,7.800000190734863,7.800000190734863,7.210000038146973,7.400000095367432,1606,0.0,0.0
2022-09-02 00:00:00+03:00,7.21999979019165,7.789999961853027,7.199999809265137,7.289999961853027,3021,0.0,0.0
2022-09-05 00:00:00+03:00,7.199999809265137,7.199999809265137,6.239999771118164,6.300000190734863,15256,0.0,0.0
2022-09-06 00:00:00+03:00,6.309999942779541,6.579999923706055,6.300000190734863,6.449999809265137,4658,0.0,0.0
2022-09-07 00:00:00+03:00,6.440000057220459,6.75,6.28000020980835,6.28000020980835,3925,0.0,0.0
2022-09-08 00:00:00+03:00,6.630000114440918,6.739999771118164,6.28000020980835,6.400000095367432,4774,0.0,0.0
2022-09-09 00:00:00+03:00,6.5,6.570000171661377,6.199999809265137,6.389999866485596,3902,0.0,0.0
2022-09-12 00:00:00+03:00,6.380000114440918,6.489999771118164,6.300000190734863,6.380000114440918,6448,0.0,0.0
2022-09-13 00:00:00+03:00,6.699999809265137,6.699999809265137,6.28000020980835,6.28000020980835,699,0.0,0.0
2022-09-14 00:00:00+03:00,6.300000190734863,6.550000190734863,6.21999979019165,6.230000019073486,952,0.0,0.0
2022-09-15 00:00:00+03:00,6.130000114440918,6.639999866485596,6.099999904632568,6.199999809265137,4135,0.0,0.0
2022-09-16 00:00:00+03:00,6.289999961853027,6.480000019073486,6.070000171661377,6.480000019073486,4160,0.0,0.0
2022-09-19 00:00:00+03:00,6.400000095367432,6.400000095367432,5.820000171661377,6.039999961853027,9274,0.0,0.0
2022-09-20 00:00:00+03:00,6.380000114440918,6.380000114440918,5.800000190734863,5.800000190734863,3129,0.0,0.0
2022-09-21 00:00:00+03:00,5.78000020980835,5.800000190734863,5.610000133514404,5.75,5982,0.0,0.0
2022-09-22 00:00:00+03:00,6.03000020980835,6.03000020980835,5.420000076293945,5.5,5643,0.0,0.0
2022-09-23 00:00:00+03:00,5.5,5.690000057220459,5.449999809265137,5.510000228881836,2054,0.0,0.0
2022-09-26 00:00:00+03:00,5.590000152587891,5.599999904632568,5.349999904632568,5.5,2069,0.0,0.0
2022-09-27 00:00:00+03:00,5.5,5.599999904632568,5.440000057220459,5.440000057220459,2062,0.0,0.0
2022-09-28 00:00:00+03:00,5.400000095367432,5.400000095367432,5.260000228881836,5.380000114440918,2888,0.0,0.0
2022-09-29 00:00:00+03:00,5.480000019073486,5.489999771118164,5.25,5.260000228881836,1916,0.0,0.0
2022-09-30 00:00:00+03:00,5.25,5.489999771118164,5.25,5.349999904632568,3736,0.0,0.0
2022-10-03 00:00:00+03:00,5.349999904632568,5.349999904632568,5.150000095367432,5.199999809265137,4275,0.0,0.0
2022-10-04 00:00:00+03:00,5.190000057220459,5.300000190734863,5.03000020980835,5.300000190734863,2449,0.0,0.0
2022-10-05 00:00:00+03:00,5.239999771118164,5.25,5.239999771118164,5.25,430,0.0,0.0
2022-10-06 00:00:00+03:00,5.179999828338623,5.25,5.179999828338623,5.25,1228,0.0,0.0
2022-10-07 00:00:00+03:00,5.159999847412109,5.199999809265137,5.150000095367432,5.150000095367432,969,0.0,0.0
2022-10-10 00:00:00+03:00,5.150000095367432,5.150000095367432,5.059999942779541,5.079999923706055,883,0.0,0.0
2022-10-11 00:00:00+03:00,5.150000095367432,5.150000095367432,4.800000190734863,4.980000019073486,4968,0.0,0.0
2022-10-12 00:00:00+03:00,5.0,5.0,4.869999885559082,4.885000228881836,1975,0.0,0.0
2022-10-13 00:00:00+03:00,5.03000020980835,5.03000020980835,4.804999828338623,4.894999980926514,1915,0.0,0.0
2022-10-14 00:00:00+03:00,5.0,5.099999904632568,4.894999980926514,5.019999980926514,14981,0.0,0.0
2022-10-17 00:00:00+03:00,5.320000171661377,5.320000171661377,4.894999980926514,5.0,6065,0.0,0.0
2022-10-18 00:00:00+03:00,4.994999885559082,5.0,4.985000133514404,5.0,2832,0.0,0.0
2022-10-19 00:00:00+03:00,5.0,5.0,5.0,5.0,577,0.0,0.0
2022-10-20 00:00:00+03:00,5.0,5.019999980926514,4.994999885559082,4.994999885559082,566,0.0,0.0
2022-10-21 00:00:00+03:00,4.920000076293945,4.994999885559082,4.724999904632568,4.920000076293945,1641,0.0,0.0
2022-10-24 00:00:00+03:00,4.880000114440918,4.920000076293945,4.775000095367432,4.920000076293945,3691,0.0,0.0
2022-10-25 00:00:00+03:00,4.775000095367432,5.0,4.775000095367432,4.880000114440918,3903,0.0,0.0
2022-10-26 00:00:00+03:00,4.900000095367432,4.900000095367432,4.84499979019165,4.900000095367432,1501,0.0,0.0
2022-10-27 00:00:00+03:00,4.804999828338623,4.960000038146973,4.764999866485596,4.84499979019165,10933,0.0,0.0
2022-10-28 00:00:00+03:00,4.855000019073486,4.860000133514404,4.5,4.715000152587891,15135,0.0,0.0
2022-10-31 00:00:00+02:00,4.715000152587891,4.795000076293945,4.650000095367432,4.795000076293945,1122,0.0,0.0
2022-11-01 00:00:00+02:00,4.670000076293945,4.900000095367432,4.659999847412109,4.78000020980835,2252,0.0,0.0
2022-11-02 00:00:00+02:00,4.800000190734863,4.800000190734863,4.699999809265137,4.764999866485596,3761,0.0,0.0
2022-11-03 00:00:00+02:00,4.764999866485596,4.800000190734863,4.699999809265137,4.75,2336,0.0,0.0
2022-11-04 00:00:00+02:00,4.755000114440918,4.795000076293945,4.670000076293945,4.764999866485596,3386,0.0,0.0
2022-11-07 00:00:00+02:00,4.764999866485596,4.800000190734863,4.53000020980835,4.695000171661377,18192,0.0,0.0
2022-11-08 00:00:00+02:00,4.635000228881836,4.800000190734863,4.635000228881836,4.795000076293945,5091,0.0,0.0
2022-11-09 00:00:00+02:00,4.800000190734863,4.945000171661377,4.75,4.78000020980835,6958,0.0,0.0
2022-11-10 00:00:00+02:00,4.84499979019165,5.099999904632568,4.84499979019165,5.090000152587891,14927,0.0,0.0
2022-11-11 00:00:00+02:00,5.199999809265137,5.199999809265137,5.0,5.0,10116,0.0,0.0
2022-11-14 00:00:00+02:00,5.179999828338623,5.179999828338623,4.824999809265137,4.864999771118164,5829,0.0,0.0
2022-11-15 00:00:00+02:00,4.894999980926514,4.894999980926514,4.820000171661377,4.824999809265137,6672,0.0,0.0
2022-11-16 00:00:00+02:00,4.994999885559082,4.994999885559082,4.824999809265137,4.855000019073486,4572,0.0,0.0
2022-11-17 00:00:00+02:00,4.949999809265137,4.949999809265137,4.78000020980835,4.78000020980835,8579,0.0,0.0
2022-11-18 00:00:00+02:00,4.84499979019165,4.849999904632568,4.764999866485596,4.769999980926514,8558,0.0,0.0
2022-11-21 00:00:00+02:00,4.744999885559082,4.744999885559082,4.644999980926514,4.644999980926514,3688,0.0,0.0
2022-11-22 00:00:00+02:00,4.635000228881836,4.635000228881836,4.5,4.550000190734863,13199,0.0,0.0
2022-11-23 00:00:00+02:00,4.59499979019165,4.59499979019165,4.400000095367432,4.400000095367432,5848,0.0,0.0
2022-11-24 00:00:00+02:00,4.489999771118164,4.494999885559082,4.400000095367432,4.429999828338623,5990,0.0,0.0
2022-11-25 00:00:00+02:00,4.5,4.534999847412109,4.349999904632568,4.420000076293945,8691,0.0,0.0
2022-11-28 00:00:00+02:00,4.420000076293945,4.590000152587891,4.355000019073486,4.400000095367432,6430,0.0,0.0
2022-11-29 00:00:00+02:00,4.474999904632568,4.474999904632568,4.349999904632568,4.440000057220459,7708,0.0,0.0
2022-11-30 00:00:00+02:00,4.309999942779541,4.425000190734863,4.300000190734863,4.360000133514404,5852,0.0,0.0
2022-12-01 00:00:00+02:00,4.400000095367432,4.59499979019165,4.369999885559082,4.550000190734863,5380,0.0,0.0
2022-12-02 00:00:00+02:00,4.550000190734863,4.684999942779541,4.534999847412109,4.534999847412109,23866,0.0,0.0
2022-12-05 00:00:00+02:00,4.534999847412109,4.534999847412109,4.440000057220459,4.46999979019165,8113,0.0,0.0
2022-12-07 00:00:00+02:00,4.460000038146973,4.465000152587891,4.369999885559082,4.389999866485596,1812,0.0,0.0
2022-12-08 00:00:00+02:00,4.465000152587891,4.465000152587891,4.400000095367432,4.400000095367432,878,0.0,0.0
2022-12-09 00:00:00+02:00,4.420000076293945,4.465000152587891,4.380000114440918,4.429999828338623,2247,0.0,0.0
2022-12-12 00:00:00+02:00,4.429999828338623,4.449999809265137,4.355000019073486,4.449999809265137,1985,0.0,0.0
2022-12-13 00:00:00+02:00,4.414999961853027,4.420000076293945,4.34499979019165,4.380000114440918,2840,0.0,0.0
2022-12-14 00:00:00+02:00,4.355000019073486,4.434999942779541,4.349999904632568,4.434999942779541,4156,0.0,0.0
2022-12-15 00:00:00+02:00,4.420000076293945,4.420000076293945,4.340000152587891,4.414999961853027,1609,0.0,0.0
2022-12-16 00:00:00+02:00,4.340000152587891,4.385000228881836,4.300000190734863,4.385000228881836,2706,0.0,0.0
2022-12-19 00:00:00+02:00,4.364999771118164,4.364999771118164,4.139999866485596,4.159999847412109,6785,0.0,0.0
2022-12-20 00:00:00+02:00,4.159999847412109,4.159999847412109,4.050000190734863,4.059999942779541,6526,0.0,0.0
2022-12-21 00:00:00+02:00,4.050000190734863,4.099999904632568,4.025000095367432,4.070000171661377,8507,0.0,0.0
2022-12-22 00:00:00+02:00,4.099999904632568,4.355000019073486,4.070000171661377,4.079999923706055,10795,0.0,0.0
2022-12-23 00:00:00+02:00,4.284999847412109,4.289999961853027,4.019999980926514,4.150000095367432,4938,0.0,0.0
2022-12-27 00:00:00+02:00,4.105000019073486,4.105000019073486,3.984999895095825,4.03000020980835,14121,0.0,0.0
2022-12-28 00:00:00+02:00,4.0,4.03000020980835,3.9700000286102295,3.9749999046325684,5586,0.0,0.0
2022-12-29 00:00:00+02:00,3.984999895095825,4.105000019073486,3.950000047683716,4.105000019073486,13959,0.0,0.0
2022-12-30 00:00:00+02:00,4.179999828338623,4.284999847412109,4.099999904632568,4.135000228881836,18244,0.0,0.0
2023-01-02 00:00:00+02:00,4.284999847412109,4.284999847412109,4.025000095367432,4.199999809265137,3125,0.0,0.0
2023-01-03 00:00:00+02:00,4.260000228881836,4.260000228881836,4.110000133514404,4.150000095367432,3841,0.0,0.0
2023-01-04 00:00:00+02:00,4.130000114440918,4.230000019073486,4.114999771118164,4.190000057220459,4011,0.0,0.0
2023-01-05 00:00:00+02:00,4.114999771118164,4.284999847412109,4.079999923706055,4.105000019073486,9998,0.0,0.0
2023-01-09 00:00:00+02:00,4.159999847412109,4.275000095367432,4.130000114440918,4.204999923706055,4177,0.0,0.0
2023-01-10 00:00:00+02:00,4.199999809265137,4.284999847412109,4.150000095367432,4.164999961853027,3314,0.0,0.0
2023-01-11 00:00:00+02:00,4.150000095367432,4.204999923706055,4.150000095367432,4.195000171661377,3213,0.0,0.0
2023-01-12 00:00:00+02:00,4.199999809265137,4.514999866485596,4.199999809265137,4.380000114440918,23425,0.0,0.0
2023-01-13 00:00:00+02:00,4.505000114440918,4.84499979019165,4.5,4.84499979019165,18124,0.0,0.0
2023-01-16 00:00:00+02:00,4.994999885559082,5.0,4.860000133514404,4.989999771118164,7101,0.0,0.0
2023-01-17 00:00:00+02:00,5.0,5.039999961853027,4.96999979019165,5.03000020980835,4625,0.0,0.0
2023-01-18 00:00:00+02:00,5.03000020980835,5.03000020980835,4.760000228881836,4.894999980926514,4002,0.0,0.0
2023-01-19 00:00:00+02:00,4.800000190734863,4.860000133514404,4.670000076293945,4.679999828338623,1590,0.0,0.0
2023-01-20 00:00:00+02:00,4.710000038146973,4.78000020980835,4.474999904632568,4.5,8997,0.0,0.0
2023-01-23 00:00:00+02:00,4.5,4.5,4.360000133514404,4.400000095367432,2811,0.0,0.0
2023-01-24 00:00:00+02:00,4.369999885559082,4.369999885559082,4.150000095367432,4.284999847412109,11314,0.0,0.0
2023-01-25 00:00:00+02:00,4.315000057220459,4.315000057220459,4.199999809265137,4.28000020980835,4094,0.0,0.0
2023-01-26 00:00:00+02:00,4.445000171661377,4.445000171661377,4.239999771118164,4.25,4626,0.0,0.0
2023-01-27 00:00:00+02:00,4.25,4.494999885559082,4.25,4.300000190734863,2162,0.0,0.0
2023-01-30 00:00:00+02:00,4.349999904632568,4.414999961853027,4.255000114440918,4.255000114440918,2666,0.0,0.0
2023-01-31 00:00:00+02:00,4.25,4.380000114440918,4.25,4.324999809265137,1557,0.0,0.0
2023-02-01 00:00:00+02:00,4.324999809265137,4.394999980926514,4.204999923706055,4.380000114440918,4011,0.0,0.0
2023-02-02 00:00:00+02:00,4.394999980926514,4.449999809265137,4.355000019073486,4.409999847412109,4646,0.0,0.0
2023-02-03 00:00:00+02:00,4.449999809265137,4.730000019073486,4.440000057220459,4.489999771118164,12906,0.0,0.0
2023-02-06 00:00:00+02:00,4.494999885559082,4.5,4.340000152587891,4.380000114440918,6034,0.0,0.0
2023-02-07 00:00:00+02:00,4.494999885559082,4.590000152587891,4.489999771118164,4.590000152587891,13237,0.0,0.0
2023-02-08 00:00:00+02:00,4.579999923706055,5.989999771118164,4.510000228881836,5.900000095367432,83471,0.0,0.0
2023-02-09 00:00:00+02:00,5.949999809265137,6.980000019073486,5.900000095367432,6.820000171661377,82491,0.0,0.0
2023-02-10 00:00:00+02:00,6.769999980926514,6.849999904632568,6.599999904632568,6.760000228881836,36293,0.0,0.0
2023-02-13 00:00:00+02:00,6.760000228881836,6.840000152587891,6.690000057220459,6.730000019073486,22090,0.0,0.0
2023-02-14 00:00:00+02:00,6.849999904632568,6.849999904632568,6.190000057220459,6.489999771118164,9748,0.0,0.0
2023-02-15 00:00:00+02:00,6.489999771118164,6.489999771118164,5.900000095367432,6.0,11084,0.0,0.0
2023-02-16 00:00:00+02:00,6.0,6.369999885559082,6.0,6.119999885559082,174782,0.0,0.0
2023-02-17 00:00:00+02:00,6.119999885559082,6.119999885559082,5.949999809265137,6.010000228881836,357,0.0,0.0
2023-02-20 00:00:00+02:00,6.0,6.190000057220459,5.900000095367432,5.949999809265137,3091,0.0,0.0
2023-02-21 00:00:00+02:00,6.010000228881836,6.110000133514404,5.849999904632568,5.949999809265137,4775,0.0,0.0
2023-02-22 00:00:00+02:00,5.949999809265137,5.989999771118164,5.75,5.789999961853027,632,0.0,0.0
2023-02-23 00:00:00+02:00,5.909999847412109,5.949999809265137,5.699999809265137,5.860000133514404,3746,0.0,0.0
2023-02-24 00:00:00+02:00,5.940000057220459,5.940000057220459,5.739999771118164,5.889999866485596,2544,0.0,0.0
2023-02-27 00:00:00+02:00,5.889999866485596,5.96999979019165,5.659999847412109,5.659999847412109,2632,0.0,0.0
2023-02-28 00:00:00+02:00,5.659999847412109,5.75,5.659999847412109,5.699999809265137,2273,0.0,0.0
2023-03-01 00:00:00+02:00,5.789999961853027,5.989999771118164,5.710000038146973,5.800000190734863,771,0.0,0.0
2023-03-02 00:00:00+02:00,5.699999809265137,6.21999979019165,5.699999809265137,6.0,7105,0.0,0.0
2023-03-03 00:00:00+02:00,6.039999961853027,6.039999961853027,5.829999923706055,6.03000020980835,2070,0.0,0.0
2023-03-06 00:00:00+02:00,6.010000228881836,6.010000228881836,5.730000019073486,6.0,1042,0.0,0.0
2023-03-07 00:00:00+02:00,5.769999980926514,5.929999828338623,5.699999809265137,5.869999885559082,2551,0.0,0.0
2023-03-08 00:00:00+02:00,5.659999847412109,6.079999923706055,5.550000190734863,5.889999866485596,557837,0.0,0.0
2023-03-09 00:00:00+02:00,5.880000114440918,5.880000114440918,5.659999847412109,5.659999847412109,1023,0.0,0.0
2023-03-10 00:00:00+02:00,5.610000133514404,6.059999942779541,5.550000190734863,5.949999809265137,5770,0.0,0.0
2023-03-13 00:00:00+02:00,5.940000057220459,5.940000057220459,5.699999809265137,5.940000057220459,4045,0.0,0.0
2023-03-14 00:00:00+02:00,5.699999809265137,5.909999847412109,5.699999809265137,5.840000152587891,2434,0.0,0.0
2023-03-15 00:00:00+02:00,5.900000095367432,5.900000095367432,5.599999904632568,5.699999809265137,5703,0.0,0.0
2023-03-16 00:00:00+02:00,5.739999771118164,5.849999904632568,5.699999809265137,5.800000190734863,1793,0.0,0.0
2023-03-17 00:00:00+02:00,5.800000190734863,5.800000190734863,5.699999809265137,5.699999809265137,2377,0.0,0.0
2023-03-20 00:00:00+02:00,5.840000152587891,5.900000095367432,5.699999809265137,5.820000171661377,2982,0.0,0.0
2023-03-21 00:00:00+02:00,5.820000171661377,5.820000171661377,5.699999809265137,5.800000190734863,1405,0.0,0.0
2023-03-22 00:00:00+02:00,5.619999885559082,5.650000095367432,5.619999885559082,5.650000095367432,653,0.0,0.0
2023-03-23 00:00:00+02:00,5.699999809265137,5.800000190734863,5.610000133514404,5.800000190734863,2235,0.0,0.0
2023-03-24 00:00:00+02:00,5.659999847412109,5.800000190734863,5.659999847412109,5.78000020980835,2144,0.0,0.0
2023-03-27 00:00:00+03:00,5.71999979019165,5.800000190734863,5.679999828338623,5.679999828338623,1720,0.0,0.0
2023-03-28 00:00:00+03:00,5.679999828338623,5.800000190734863,5.670000076293945,5.670000076293945,1516,0.0,0.0
2023-03-29 00:00:00+03:00,5.650000095367432,5.650000095367432,5.610000133514404,5.610000133514404,744,0.0,0.0
2023-03-30 00:00:00+03:00,5.559999942779541,5.989999771118164,5.559999942779541,5.699999809265137,1196,0.0,0.0
2023-03-31 00:00:00+03:00,5.699999809265137,5.789999961853027,5.699999809265137,5.730000019073486,1167,0.0,0.0
2023-04-03 00:00:00+03:00,5.739999771118164,5.739999771118164,5.639999866485596,5.739999771118164,1050,0.0,0.0
2023-04-04 00:00:00+03:00,5.800000190734863,5.800000190734863,5.579999923706055,5.579999923706055,2821,0.0,0.0
2023-04-05 00:00:00+03:00,5.679999828338623,5.699999809265137,5.639999866485596,5.679999828338623,12404,0.0,0.0
2023-04-06 00:00:00+03:00,5.599999904632568,5.699999809265137,5.599999904632568,5.699999809265137,511,0.0,0.0
2023-04-11 00:00:00+03:00,5.699999809265137,5.699999809265137,5.599999904632568,5.599999904632568,1918,0.0,0.0
2023-04-12 00:00:00+03:00,5.599999904632568,5.659999847412109,5.460000038146973,5.599999904632568,3965,0.0,0.0
2023-04-13 00:00:00+03:00,5.599999904632568,5.860000133514404,5.599999904632568,5.800000190734863,4655,0.0,0.0
2023-04-14 00:00:00+03:00,5.800000190734863,5.800000190734863,5.679999828338623,5.78000020980835,677,0.0,0.0
2023-04-17 00:00:00+03:00,5.739999771118164,5.78000020980835,5.599999904632568,5.639999866485596,1335,0.0,0.0
2023-04-18 00:00:00+03:00,5.760000228881836,5.78000020980835,5.599999904632568,5.699999809265137,3751,0.0,0.0
2023-04-19 00:00:00+03:00,5.699999809265137,5.699999809265137,5.440000057220459,5.539999961853027,1913,0.0,0.0
2023-04-20 00:00:00+03:00,5.559999942779541,5.699999809265137,5.5,5.599999904632568,1559,0.0,0.0
2023-04-21 00:00:00+03:00,5.639999866485596,5.639999866485596,5.5,5.639999866485596,1148,0.0,0.0
2023-04-24 00:00:00+03:00,5.619999885559082,5.679999828338623,5.460000038146973,5.559999942779541,1951,0.0,0.0
2023-04-25 00:00:00+03:00,5.460000038146973,5.579999923706055,5.440000057220459,5.440000057220459,421,0.0,0.0
2023-04-26 00:00:00+03:00,5.480000019073486,5.5,5.480000019073486,5.5,281,0.0,0.0
2023-04-27 00:00:00+03:00,5.5,5.5,5.440000057220459,5.5,621,0.0,0.0
2023-04-28 00:00:00+03:00,5.5,5.5,5.380000114440918,5.380000114440918,473145,0.0,0.0
2023-05-02 00:00:00+03:00,5.480000019073486,5.5,5.320000171661377,5.420000076293945,4379,0.0,0.0
2023-05-03 00:00:00+03:00,5.420000076293945,5.519999980926514,5.360000133514404,5.480000019073486,1317,0.0,0.0
2023-05-04 00:00:00+03:00,5.460000038146973,5.599999904632568,5.460000038146973,5.599999904632568,1159,0.0,0.0
2023-05-05 00:00:00+03:00,5.360000133514404,5.579999923706055,5.360000133514404,5.5,2405,0.0,0.0
2023-05-08 00:00:00+03:00,5.420000076293945,5.599999904632568,5.420000076293945,5.599999904632568,311,0.0,0.0
2023-05-09 00:00:00+03:00,5.599999904632568,5.619999885559082,5.460000038146973,5.460000038146973,3179,0.0,0.0
2023-05-10 00:00:00+03:00,5.619999885559082,5.659999847412109,5.619999885559082,5.659999847412109,125,0.0,0.0
2023-05-11 00:00:00+03:00,5.579999923706055,5.579999923706055,5.380000114440918,5.400000095367432,546,0.0,0.0
2023-05-12 00:00:00+03:00,5.559999942779541,5.559999942779541,5.320000171661377,5.480000019073486,5934,0.0,0.0
2023-05-15 00:00:00+03:00,5.320000171661377,5.480000019073486,5.320000171661377,5.400000095367432,2175,0.0,0.0
2023-05-16 00:00:00+03:00,5.400000095367432,5.460000038146973,5.400000095367432,5.460000038146973,359,0.0,0.0
2023-05-17 00:00:00+03:00,5.480000019073486,5.480000019073486,5.360000133514404,5.360000133514404,1292,0.0,0.0
2023-05-19 00:00:00+03:00,5.360000133514404,5.5,5.360000133514404,5.5,1151,0.0,0.0
2023-05-22 00:00:00+03:00,5.400000095367432,5.400000095367432,5.28000020980835,5.300000190734863,871,0.0,0.0
2023-05-23 00:00:00+03:00,5.300000190734863,5.460000038146973,5.300000190734863,5.460000038146973,1350,0.0,0.0
2023-05-24 00:00:00+03:00,5.300000190734863,5.300000190734863,5.239999771118164,5.239999771118164,2803,0.0,0.0
2023-05-25 00:00:00+03:00,5.260000228881836,5.420000076293945,5.239999771118164,5.380000114440918,2233,0.0,0.0
2023-05-26 00:00:00+03:00,5.360000133514404,5.360000133514404,5.199999809265137,5.199999809265137,1926,0.0,0.0
2023-05-29 00:00:00+03:00,5.28000020980835,5.300000190734863,5.239999771118164,5.260000228881836,695,0.0,0.0
2023-05-30 00:00:00+03:00,5.260000228881836,5.340000152587891,5.260000228881836,5.340000152587891,50,0.0,0.0
2023-05-31 00:00:00+03:00,5.239999771118164,5.28000020980835,5.179999828338623,5.28000020980835,1494,0.0,0.0
2023-06-01 00:00:00+03:00,5.300000190734863,5.300000190734863,5.099999904632568,5.099999904632568,1904,0.0,0.0
2023-06-02 00:00:00+03:00,5.199999809265137,5.28000020980835,5.079999923706055,5.079999923706055,3308,0.0,0.0
2023-06-05 00:00:00+03:00,5.179999828338623,5.360000133514404,5.179999828338623,5.360000133514404,3570,0.0,0.0
2023-06-06 00:00:00+03:00,5.099999904632568,5.340000152587891,5.099999904632568,5.340000152587891,1271,0.0,0.0
2023-06-07 00:00:00+03:00,5.320000171661377,5.380000114440918,5.159999847412109,5.239999771118164,2683,0.0,0.0
2023-06-08 00:00:00+03:00,5.239999771118164,5.239999771118164,5.099999904632568,5.099999904632568,1163,0.0,0.0
2023-06-09 00:00:00+03:00,5.199999809265137,5.199999809265137,5.059999942779541,5.179999828338623,2248,0.0,0.0
2023-06-12 00:00:00+03:00,5.059999942779541,5.300000190734863,5.039999961853027,5.28000020980835,2294,0.0,0.0
2023-06-13 00:00:00+03:00,5.099999904632568,5.300000190734863,5.079999923706055,5.179999828338623,3883,0.0,0.0
2023-06-14 00:00:00+03:00,5.179999828338623,5.28000020980835,5.059999942779541,5.119999885559082,3557,0.0,0.0
2023-06-15 00:00:00+03:00,5.179999828338623,5.179999828338623,5.059999942779541,5.099999904632568,2406,0.0,0.0
2023-06-16 00:00:00+03:00,5.099999904632568,5.179999828338623,5.039999961853027,5.179999828338623,744,0.0,0.0
2023-06-19 00:00:00+03:00,5.199999809265137,5.199999809265137,5.179999828338623,5.179999828338623,739,0.0,0.0
2023-06-20 00:00:00+03:00,5.179999828338623,5.179999828338623,5.079999923706055,5.099999904632568,376,0.0,0.0
2023-06-21 00:00:00+03:00,5.059999942779541,5.059999942779541,5.039999961853027,5.039999961853027,198,0.0,0.0
2023-06-22 00:00:00+03:00,5.139999866485596,5.139999866485596,4.820000171661377,5.0,5630,0.0,0.0
2023-06-26 00:00:00+03:00,5.099999904632568,5.159999847412109,5.019999980926514,5.019999980926514,2034,0.0,0.0
2023-06-27 00:00:00+03:00,5.139999866485596,5.139999866485596,4.880000114440918,4.920000076293945,526,0.0,0.0
2023-06-28 00:00:00+03:00,5.260000228881836,5.260000228881836,5.119999885559082,5.239999771118164,2760,0.0,0.0
2023-06-29 00:00:00+03:00,5.239999771118164,5.28000020980835,5.139999866485596,5.28000020980835,3694,0.0,0.0
2023-06-30 00:00:00+03:00,5.340000152587891,5.380000114440918,5.340000152587891,5.360000133514404,481,0.0,0.0
2023-07-03 00:00:00+03:00,5.460000038146973,5.460000038146973,5.460000038146973,5.460000038146973,509,0.0,0.0
2023-07-04 00:00:00+03:00,5.480000019073486,5.579999923706055,5.179999828338623,5.539999961853027,590,0.0,0.0
2023-07-05 00:00:00+03:00,5.5,5.5,5.179999828338623,5.380000114440918,186,0.0,0.0
2023-07-06 00:00:00+03:00,5.440000057220459,5.440000057220459,5.119999885559082,5.28000020980835,844,0.0,0.0
2023-07-07 00:00:00+03:00,5.260000228881836,5.460000038146973,5.260000228881836,5.460000038146973,954,0.0,0.0
2023-07-10 00:00:00+03:00,5.420000076293945,5.420000076293945,5.239999771118164,5.239999771118164,657,0.0,0.0
2023-07-11 00:00:00+03:00,5.21999979019165,5.260000228881836,5.159999847412109,5.159999847412109,511,0.0,0.0
2023-07-12 00:00:00+03:00,5.340000152587891,5.340000152587891,5.199999809265137,5.340000152587891,389,0.0,0.0
2023-07-13 00:00:00+03:00,5.260000228881836,5.360000133514404,5.260000228881836,5.360000133514404,2264,0.0,0.0
2023-07-14 00:00:00+03:00,5.300000190734863,5.300000190734863,5.300000190734863,5.300000190734863,2,0.0,0.0
2023-07-17 00:00:00+03:00,5.239999771118164,5.239999771118164,5.239999771118164,5.239999771118164,55,0.0,0.0
2023-07-18 00:00:00+03:00,5.320000171661377,5.320000171661377,5.099999904632568,5.139999866485596,1125,0.0,0.0
2023-07-19 00:00:00+03:00,5.179999828338623,5.199999809265137,4.849999904632568,5.059999942779541,4349,0.0,0.0
2023-07-20 00:00:00+03:00,5.0,5.0,4.860000133514404,4.940000057220459,863,0.0,0.0
2023-07-21 00:00:00+03:00,4.900000095367432,4.900000095367432,4.820000171661377,4.829999923706055,2937,0.0,0.0
2023-07-24 00:00:00+03:00,4.829999923706055,5.0,4.769999980926514,4.949999809265137,3731,0.0,0.0
2023-07-25 00:00:00+03:00,5.0,5.0,4.849999904632568,4.989999771118164,469,0.0,0.0
2023-07-26 00:00:00+03:00,4.869999885559082,4.989999771118164,4.860000133514404,4.989999771118164,157,0.0,0.0
2023-07-27 00:00:00+03:00,5.0,5.0,4.900000095367432,4.960000038146973,169,0.0,0.0
2023-07-28 00:00:00+03:00,4.96999979019165,5.119999885559082,4.860000133514404,4.900000095367432,1977,0.0,0.0
2023-07-31 00:00:00+03:00,5.0,5.119999885559082,4.809999942779541,4.980000019073486,1309,0.0,0.0
2023-08-01 00:00:00+03:00,5.079999923706055,5.079999923706055,4.980000019073486,4.980000019073486,373,0.0,0.0
2023-08-02 00:00:00+03:00,4.820000171661377,5.019999980926514,4.699999809265137,4.949999809265137,7886,0.0,0.0
2023-08-03 00:00:00+03:00,4.699999809265137,4.880000114440918,4.639999866485596,4.800000190734863,9523,0.0,0.0
2023-08-04 00:00:00+03:00,4.800000190734863,4.800000190734863,4.400000095367432,4.510000228881836,11718,0.0,0.0
2023-08-07 00:00:00+03:00,4.489999771118164,4.53000020980835,4.349999904632568,4.449999809265137,3524,0.0,0.0
2023-08-08 00:00:00+03:00,4.400000095367432,4.75,4.320000171661377,4.340000152587891,7089,0.0,0.0
2023-08-09 00:00:00+03:00,4.489999771118164,4.489999771118164,4.320000171661377,4.340000152587891,2122,0.0,0.0
2023-08-10 00:00:00+03:00,4.659999847412109,4.659999847412109,4.340000152587891,4.440000057220459,179,0.0,0.0
2023-08-11 00:00:00+03:00,4.380000114440918,4.489999771118164,4.320000171661377,4.480000019073486,3213,0.0,0.0
2023-08-14 00:00:00+03:00,4.480000019073486,4.539999961853027,4.449999809265137,4.449999809265137,456,0.0,0.0
2023-08-15 00:00:00+03:00,4.460000038146973,4.550000190734863,4.340000152587891,4.340000152587891,1442,0.0,0.0
2023-08-16 00:00:00+03:00,4.329999923706055,4.420000076293945,4.309999942779541,4.309999942779541,1544,0.0,0.0
2023-08-17 00:00:00+03:00,4.309999942779541,4.5,4.28000020980835,4.300000190734863,331,0.0,0.0
2023-08-18 00:00:00+03:00,4.590000152587891,4.590000152587891,4.110000133514404,4.320000171661377,1615,0.0,0.0
2023-08-21 00:00:00+03:00,4.179999828338623,4.25,4.179999828338623,4.239999771118164,2982,0.0,0.0
2023-08-22 00:00:00+03:00,4.159999847412109,4.380000114440918,4.139999866485596,4.139999866485596,7229,0.0,0.0
2023-08-23 00:00:00+03:00,4.139999866485596,4.269999980926514,4.0,4.0,5381,0.0,0.0
2023-08-24 00:00:00+03:00,4.239999771118164,4.46999979019165,4.150000095367432,4.449999809265137,22550,0.0,0.0
2023-08-25 00:00:00+03:00,4.420000076293945,4.610000133514404,4.300000190734863,4.599999904632568,9126,0.0,0.0
2023-08-28 00:00:00+03:00,4.590000152587891,4.889999866485596,4.590000152587891,4.820000171661377,7766,0.0,0.0
2023-08-29 00:00:00+03:00,4.800000190734863,4.800000190734863,4.510000228881836,4.769999980926514,1962,0.0,0.0
2023-08-30 00:00:00+03:00,4.510000228881836,4.739999771118164,4.510000228881836,4.739999771118164,293,0.0,0.0
2023-08-31 00:00:00+03:00,4.619999885559082,4.670000076293945,4.510000228881836,4.599999904632568,5553,0.0,0.0
2023-09-01 00:00:00+03:00,4.599999904632568,4.699999809265137,4.550000190734863,4.699999809265137,1497,0.0,0.0
2023-09-04 00:00:00+03:00,4.630000114440918,4.849999904632568,4.510000228881836,4.630000114440918,2072,0.0,0.0
2023-09-05 00:00:00+03:00,4.550000190734863,4.550000190734863,4.550000190734863,4.550000190734863,555,0.0,0.0
2023-09-06 00:00:00+03:00,4.699999809265137,4.699999809265137,4.699999809265137,4.699999809265137,83,0.0,0.0
2023-09-07 00:00:00+03:00,4.829999923706055,4.829999923706055,4.550000190734863,4.550000190734863,1150,0.0,0.0
2023-09-08 00:00:00+03:00,4.610000133514404,4.610000133514404,4.610000133514404,4.610000133514404,200,0.0,0.0
2023-09-11 00:00:00+03:00,4.599999904632568,4.78000020980835,4.550000190734863,4.599999904632568,1387,0.0,0.0
2023-09-12 00:00:00+03:00,4.550000190734863,4.739999771118164,4.550000190734863,4.739999771118164,623,0.0,0.0
2023-09-13 00:00:00+03:00,4.769999980926514,4.769999980926514,4.340000152587891,4.369999885559082,1271,0.0,0.0
2023-09-14 00:00:00+03:00,4.599999904632568,4.730000019073486,4.510000228881836,4.699999809265137,1813,0.0,0.0
2023-09-15 00:00:00+03:00,4.699999809265137,4.929999828338623,4.699999809265137,4.809999942779541,1646,0.0,0.0
2023-09-18 00:00:00+03:00,4.579999923706055,4.940000057220459,4.579999923706055,4.940000057220459,60,0.0,0.0
2023-09-19 00:00:00+03:00,4.699999809265137,4.699999809265137,4.699999809265137,4.699999809265137,335,0.0,0.0
2023-09-20 00:00:00+03:00,4.860000133514404,4.860000133514404,4.699999809265137,4.860000133514404,106,0.0,0.0
2023-09-21 00:00:00+03:00,4.800000190734863,4.800000190734863,4.739999771118164,4.75,1484,0.0,0.0
2023-09-22 00:00:00+03:00,4.75,5.0,4.570000171661377,5.0,12932,0.0,0.0
2023-09-25 00:00:00+03:00,5.0,5.0,4.71999979019165,4.940000057220459,983,0.0,0.0
2023-09-26 00:00:00+03:00,4.75,4.989999771118164,4.75,4.989999771118164,449,0.0,0.0
2023-09-27 00:00:00+03:00,4.980000019073486,4.980000019073486,4.579999923706055,4.949999809265137,467,0.0,0.0
2023-09-28 00:00:00+03:00,4.650000095367432,4.929999828338623,4.619999885559082,4.929999828338623,1031,0.0,0.0
2023-09-29 00:00:00+03:00,4.960000038146973,4.960000038146973,4.889999866485596,4.889999866485596,530,0.0,0.0
2023-10-02 00:00:00+03:00,4.599999904632568,5.0,4.599999904632568,5.0,6842,0.0,0.0
2023-10-03 00:00:00+03:00,4.989999771118164,5.0,4.570000171661377,5.0,7035,0.0,0.0
2023-10-04 00:00:00+03:00,4.949999809265137,5.0,4.539999961853027,4.900000095367432,3566,0.0,0.0
2023-10-05 00:00:00+03:00,4.559999942779541,4.980000019073486,4.559999942779541,4.900000095367432,3647,0.0,0.0
2023-10-06 00:00:00+03:00,4.849999904632568,4.909999847412109,4.849999904632568,4.909999847412109,2020,0.0,0.0
2023-10-09 00:00:00+03:00,4.920000076293945,4.920000076293945,4.650000095367432,4.849999904632568,2301,0.0,0.0
2023-10-10 00:00:00+03:00,4.849999904632568,4.960000038146973,4.71999979019165,4.960000038146973,1070,0.0,0.0
2023-10-11 00:00:00+03:00,4.960000038146973,4.96999979019165,4.630000114440918,4.96999979019165,4845,0.0,0.0
2023-10-12 00:00:00+03:00,4.980000019073486,5.059999942779541,4.96999979019165,5.059999942779541,1343,0.0,0.0
2023-10-13 00:00:00+03:00,5.059999942779541,5.059999942779541,5.019999980926514,5.019999980926514,426,0.0,0.0
2023-10-16 00:00:00+03:00,5.059999942779541,5.059999942779541,4.650000095367432,4.900000095367432,2288,0.0,0.0
2023-10-17 00:00:00+03:00,4.949999809265137,4.949999809265137,4.670000076293945,4.760000228881836,1158,0.0,0.0
2023-10-18 00:00:00+03:00,4.75,4.800000190734863,4.619999885559082,4.699999809265137,3889,0.0,0.0
2023-10-19 00:00:00+03:00,4.699999809265137,4.699999809265137,4.539999961853027,4.570000171661377,1335,0.0,0.0
2023-10-20 00:00:00+03:00,4.5,4.590000152587891,4.210000038146973,4.349999904632568,5353,0.0,0.0
2023-10-23 00:00:00+03:00,4.349999904632568,4.349999904632568,4.239999771118164,4.25,1268,0.0,0.0
2023-10-24 00:00:00+03:00,4.25,4.360000133514404,4.25,4.300000190734863,982,0.0,0.0
2023-10-25 00:00:00+03:00,4.46999979019165,4.46999979019165,4.260000228881836,4.260000228881836,1923,0.0,0.0
2023-10-26 00:00:00+03:00,4.880000114440918,4.880000114440918,4.860000133514404,4.860000133514404,532,0.0,0.0
2023-10-27 00:00:00+03:00,4.800000190734863,4.800000190734863,4.289999961853027,4.320000171661377,825,0.0,0.0
2023-10-30 00:00:00+02:00,4.320000171661377,4.320000171661377,4.110000133514404,4.150000095367432,4787,0.0,0.0
2023-10-31 00:00:00+02:00,4.449999809265137,4.71999979019165,4.230000019073486,4.28000020980835,3856,0.0,0.0
2023-11-01 00:00:00+02:00,4.269999980926514,4.670000076293945,4.269999980926514,4.489999771118164,1133,0.0,0.0
2023-11-02 00:00:00+02:00,4.650000095367432,4.650000095367432,4.489999771118164,4.489999771118164,753,0.0,0.0
2023-11-03 00:00:00+02:00,4.510000228881836,4.510000228881836,4.369999885559082,4.380000114440918,1015,0.0,0.0
2023-11-06 00:00:00+02:00,4.360000133514404,4.400000095367432,4.150000095367432,4.150000095367432,3842,0.0,0.0
2023-11-07 00:00:00+02:00,4.25,4.25,4.179999828338623,4.179999828338623,1868,0.0,0.0
2023-11-08 00:00:00+02:00,4.199999809265137,4.320000171661377,4.130000114440918,4.21999979019165,2818,0.0,0.0
2023-11-09 00:00:00+02:00,4.230000019073486,4.360000133514404,4.130000114440918,4.360000133514404,8590,0.0,0.0
2023-11-10 00:00:00+02:00,4.599999904632568,4.599999904632568,4.199999809265137,4.449999809265137,2234,0.0,0.0
2023-11-13 00:00:00+02:00,4.440000057220459,4.449999809265137,4.199999809265137,4.239999771118164,2561,0.0,0.0
