Date,Open,High,Low,Close,Volume,Dividends,Stock Splits
2021-09-30 00:00:00+03:00,10.300000190734863,11.8100004196167,9.199999809265137,10.9399995803833,1356009,0.0,0.0
2021-10-01 00:00:00+03:00,11.10200023651123,11.15999984741211,10.350000381469727,11.119999885559082,422556,0.0,0.0
2021-10-04 00:00:00+03:00,11.350000381469727,12.199999809265137,11.300000190734863,11.600000381469727,139769,0.0,0.0
2021-10-05 00:00:00+03:00,11.699999809265137,12.149999618530273,10.75,10.899999618530273,122171,0.0,0.0
2021-10-06 00:00:00+03:00,11.0,11.050000190734863,10.100000381469727,10.600000381469727,69899,0.0,0.0
2021-10-07 00:00:00+03:00,10.800000190734863,11.050000190734863,10.699999809265137,11.0,31034,0.0,0.0
2021-10-08 00:00:00+03:00,11.100000381469727,11.75,11.0,11.75,33275,0.0,0.0
2021-10-11 00:00:00+03:00,11.800000190734863,11.800000190734863,11.199999809265137,11.699999809265137,29982,0.0,0.0
2021-10-12 00:00:00+03:00,11.75,11.800000190734863,11.399999618530273,11.649999618530273,11203,0.0,0.0
2021-10-13 00:00:00+03:00,11.600000381469727,11.75,11.5,11.699999809265137,16875,0.0,0.0
2021-10-14 00:00:00+03:00,11.699999809265137,11.800000190734863,11.5,11.800000190734863,14198,0.0,0.0
2021-10-15 00:00:00+03:00,11.800000190734863,12.0,11.600000381469727,11.800000190734863,27294,0.0,0.0
2021-10-18 00:00:00+03:00,11.949999809265137,11.949999809265137,11.75,11.899999618530273,21812,0.0,0.0
2021-10-19 00:00:00+03:00,11.850000381469727,12.149999618530273,11.600000381469727,11.800000190734863,14545,0.0,0.0
2021-10-20 00:00:00+03:00,11.850000381469727,12.0,11.800000190734863,11.800000190734863,30317,0.0,0.0
2021-10-21 00:00:00+03:00,11.800000190734863,12.800000190734863,11.800000190734863,12.699999809265137,39609,0.0,0.0
2021-10-22 00:00:00+03:00,12.800000190734863,15.5,12.800000190734863,15.0,62634,0.0,0.0
2021-10-25 00:00:00+03:00,15.050000190734863,17.5,15.050000190734863,15.199999809265137,93432,0.0,0.0
2021-10-26 00:00:00+03:00,15.5,16.700000762939453,15.399999618530273,15.899999618530273,49295,0.0,0.0
2021-10-27 00:00:00+03:00,16.049999237060547,17.649999618530273,16.049999237060547,17.399999618530273,65435,0.0,0.0
2021-10-28 00:00:00+03:00,17.350000381469727,17.600000381469727,15.0,17.100000381469727,78457,0.0,0.0
2021-10-29 00:00:00+03:00,17.100000381469727,17.299999237060547,15.800000190734863,15.850000381469727,29790,0.0,0.0
2021-11-01 00:00:00+02:00,15.949999809265137,16.350000381469727,14.0,14.850000381469727,68880,0.0,0.0
2021-11-02 00:00:00+02:00,14.800000190734863,14.800000190734863,13.699999809265137,13.850000381469727,49142,0.0,0.0
2021-11-03 00:00:00+02:00,13.699999809265137,13.699999809265137,12.75,13.149999618530273,68816,0.0,0.0
2021-11-04 00:00:00+02:00,13.149999618530273,13.149999618530273,12.050000190734863,12.949999809265137,52679,0.0,0.0
2021-11-05 00:00:00+02:00,13.050000190734863,14.850000381469727,13.050000190734863,14.649999618530273,27568,0.0,0.0
2021-11-08 00:00:00+02:00,14.850000381469727,15.0,14.149999618530273,14.300000190734863,14114,0.0,0.0
2021-11-09 00:00:00+02:00,14.350000381469727,15.25,14.350000381469727,14.899999618530273,119020,0.0,0.0
2021-11-10 00:00:00+02:00,14.949999809265137,15.600000381469727,14.800000190734863,14.949999809265137,26495,0.0,0.0
2021-11-11 00:00:00+02:00,15.050000190734863,15.75,15.050000190734863,15.050000190734863,17978,0.0,0.0
2021-11-12 00:00:00+02:00,15.050000190734863,15.600000381469727,14.600000381469727,14.600000381469727,14253,0.0,0.0
2021-11-15 00:00:00+02:00,14.649999618530273,15.449999809265137,14.649999618530273,14.949999809265137,13095,0.0,0.0
2021-11-16 00:00:00+02:00,15.0,15.149999618530273,14.899999618530273,14.899999618530273,5581,0.0,0.0
2021-11-17 00:00:00+02:00,14.949999809265137,15.199999809265137,14.550000190734863,14.649999618530273,10991,0.0,0.0
2021-11-18 00:00:00+02:00,14.449999809265137,14.800000190734863,14.050000190734863,14.199999809265137,10474,0.0,0.0
2021-11-19 00:00:00+02:00,14.199999809265137,14.25,13.899999618530273,13.899999618530273,12196,0.0,0.0
2021-11-22 00:00:00+02:00,13.850000381469727,13.850000381469727,13.149999618530273,13.399999618530273,22183,0.0,0.0
2021-11-23 00:00:00+02:00,13.350000381469727,13.350000381469727,12.800000190734863,13.25,41732,0.0,0.0
2021-11-24 00:00:00+02:00,13.25,13.300000190734863,13.0,13.100000381469727,8172,0.0,0.0
2021-11-25 00:00:00+02:00,13.050000190734863,13.100000381469727,12.800000190734863,12.949999809265137,16161,0.0,0.0
2021-11-26 00:00:00+02:00,12.5,12.800000190734863,12.0,12.649999618530273,42574,0.0,0.0
2021-11-29 00:00:00+02:00,12.399999618530273,12.800000190734863,12.199999809265137,12.5,18814,0.0,0.0
2021-11-30 00:00:00+02:00,12.350000381469727,12.600000381469727,11.5,12.600000381469727,24100,0.0,0.0
2021-12-01 00:00:00+02:00,12.800000190734863,12.800000190734863,12.199999809265137,12.350000381469727,8577,0.0,0.0
2021-12-02 00:00:00+02:00,12.300000190734863,12.300000190734863,11.899999618530273,11.949999809265137,13501,0.0,0.0
2021-12-03 00:00:00+02:00,11.899999618530273,12.350000381469727,11.899999618530273,12.050000190734863,11719,0.0,0.0
2021-12-07 00:00:00+02:00,12.050000190734863,12.199999809265137,11.5,12.199999809265137,21542,0.0,0.0
2021-12-08 00:00:00+02:00,12.25,12.300000190734863,11.949999809265137,11.949999809265137,8152,0.0,0.0
2021-12-09 00:00:00+02:00,12.25,12.300000190734863,11.649999618530273,11.899999618530273,33681,0.0,0.0
2021-12-10 00:00:00+02:00,11.800000190734863,11.800000190734863,11.600000381469727,11.699999809265137,11541,0.0,0.0
2021-12-13 00:00:00+02:00,11.75,12.649999618530273,11.699999809265137,12.100000381469727,14494,0.0,0.0
2021-12-14 00:00:00+02:00,12.149999618530273,12.350000381469727,11.399999618530273,11.550000190734863,25315,0.0,0.0
2021-12-15 00:00:00+02:00,11.550000190734863,11.800000190734863,11.300000190734863,11.600000381469727,19059,0.0,0.0
2021-12-16 00:00:00+02:00,11.949999809265137,12.0,11.649999618530273,11.899999618530273,9081,0.0,0.0
2021-12-17 00:00:00+02:00,11.899999618530273,11.899999618530273,11.25,11.350000381469727,18941,0.0,0.0
2021-12-20 00:00:00+02:00,11.25,11.25,10.800000190734863,11.0,24217,0.0,0.0
2021-12-21 00:00:00+02:00,11.0,11.399999618530273,10.75,11.149999618530273,34554,0.0,0.0
2021-12-22 00:00:00+02:00,11.199999809265137,11.699999809265137,11.100000381469727,11.649999618530273,15392,0.0,0.0
2021-12-23 00:00:00+02:00,11.5,12.5,11.350000381469727,11.800000190734863,22536,0.0,0.0
2021-12-27 00:00:00+02:00,11.800000190734863,11.899999618530273,11.5,11.649999618530273,27648,0.0,0.0
2021-12-28 00:00:00+02:00,11.649999618530273,11.75,11.399999618530273,11.399999618530273,17905,0.0,0.0
2021-12-29 00:00:00+02:00,11.399999618530273,11.399999618530273,11.0,11.300000190734863,18248,0.0,0.0
2021-12-30 00:00:00+02:00,11.25,11.5,11.0,11.350000381469727,30514,0.0,0.0
2022-01-03 00:00:00+02:00,11.300000190734863,11.600000381469727,11.0,11.600000381469727,39467,0.0,0.0
2022-01-04 00:00:00+02:00,12.050000190734863,12.050000190734863,11.449999809265137,11.449999809265137,14860,0.0,0.0
2022-01-05 00:00:00+02:00,11.449999809265137,11.600000381469727,11.25,11.25,8517,0.0,0.0
2022-01-07 00:00:00+02:00,11.25,11.25,10.800000190734863,11.0,20846,0.0,0.0
2022-01-10 00:00:00+02:00,11.050000190734863,11.149999618530273,10.550000190734863,10.550000190734863,21344,0.0,0.0
2022-01-11 00:00:00+02:00,10.800000190734863,11.100000381469727,10.649999618530273,10.75,24285,0.0,0.0
2022-01-12 00:00:00+02:00,10.850000381469727,11.050000190734863,10.75,10.850000381469727,6731,0.0,0.0
2022-01-13 00:00:00+02:00,10.949999809265137,11.0,10.75,10.75,7454,0.0,0.0
2022-01-14 00:00:00+02:00,10.699999809265137,11.0,10.199999809265137,10.300000190734863,23161,0.0,0.0
2022-01-17 00:00:00+02:00,10.350000381469727,10.399999618530273,9.9399995803833,10.100000381469727,35486,0.0,0.0
2022-01-18 00:00:00+02:00,9.960000038146973,10.100000381469727,9.539999961853027,9.600000381469727,77396,0.0,0.0
2022-01-19 00:00:00+02:00,9.319999694824219,9.539999961853027,9.0600004196167,9.220000267028809,42762,0.0,0.0
2022-01-20 00:00:00+02:00,9.180000305175781,9.619999885559082,9.0,9.619999885559082,26805,0.0,0.0
2022-01-21 00:00:00+02:00,9.260000228881836,9.319999694824219,8.9399995803833,9.180000305175781,47674,0.0,0.0
2022-01-24 00:00:00+02:00,8.979999542236328,9.0,8.399999618530273,8.600000381469727,60990,0.0,0.0
2022-01-25 00:00:00+02:00,8.619999885559082,8.84000015258789,8.5600004196167,8.779999732971191,26521,0.0,0.0
2022-01-26 00:00:00+02:00,8.880000114440918,9.180000305175781,8.84000015258789,9.15999984741211,17695,0.0,0.0
2022-01-27 00:00:00+02:00,9.15999984741211,9.880000114440918,8.9399995803833,9.319999694824219,13955,0.0,0.0
2022-01-28 00:00:00+02:00,9.319999694824219,9.5,9.0,9.140000343322754,6979,0.0,0.0
2022-01-31 00:00:00+02:00,9.220000267028809,9.399999618530273,9.0,9.039999961853027,28041,0.0,0.0
2022-02-01 00:00:00+02:00,9.399999618530273,9.399999618530273,9.140000343322754,9.180000305175781,8106,0.0,0.0
2022-02-02 00:00:00+02:00,9.300000190734863,9.460000038146973,9.199999809265137,9.399999618530273,6933,0.0,0.0
2022-02-03 00:00:00+02:00,9.319999694824219,9.399999618530273,9.0,9.199999809265137,21715,0.0,0.0
2022-02-04 00:00:00+02:00,9.420000076293945,9.420000076293945,8.699999809265137,8.979999542236328,220333,0.0,0.0
2022-02-07 00:00:00+02:00,8.979999542236328,9.279999732971191,8.819999694824219,9.260000228881836,1883,0.0,0.0
2022-02-08 00:00:00+02:00,9.199999809265137,9.220000267028809,8.720000267028809,9.079999923706055,23280,0.0,0.0
2022-02-09 00:00:00+02:00,8.720000267028809,9.0600004196167,8.199999809265137,8.800000190734863,23716,0.0,0.0
2022-02-10 00:00:00+02:00,8.800000190734863,8.800000190734863,8.460000038146973,8.65999984741211,52952,0.0,0.0
2022-02-11 00:00:00+02:00,8.520000457763672,8.720000267028809,8.319999694824219,8.5600004196167,11741,0.0,0.0
2022-02-14 00:00:00+02:00,8.5600004196167,8.5600004196167,7.880000114440918,8.199999809265137,31116,0.0,0.0
2022-02-15 00:00:00+02:00,8.199999809265137,8.619999885559082,8.0600004196167,8.619999885559082,16764,0.0,0.0
2022-02-16 00:00:00+02:00,8.699999809265137,8.880000114440918,8.619999885559082,8.619999885559082,6357,0.0,0.0
2022-02-17 00:00:00+02:00,8.5,8.520000457763672,8.199999809265137,8.199999809265137,14538,0.0,0.0
2022-02-18 00:00:00+02:00,8.5,8.5,7.920000076293945,7.920000076293945,7789,0.0,0.0
2022-02-21 00:00:00+02:00,8.260000228881836,8.279999732971191,7.599999904632568,7.760000228881836,15168,0.0,0.0
2022-02-22 00:00:00+02:00,7.5,7.760000228881836,7.360000133514404,7.559999942779541,18495,0.0,0.0
2022-02-23 00:00:00+02:00,7.559999942779541,8.079999923706055,7.539999961853027,7.739999771118164,7117,0.0,0.0
2022-02-24 00:00:00+02:00,7.420000076293945,7.71999979019165,6.920000076293945,7.199999809265137,46348,0.0,0.0
2022-02-25 00:00:00+02:00,7.199999809265137,7.980000019073486,7.199999809265137,7.860000133514404,9453,0.0,0.0
2022-02-28 00:00:00+02:00,7.880000114440918,7.980000019073486,7.619999885559082,7.980000019073486,7402,0.0,0.0
2022-03-01 00:00:00+02:00,8.0,8.0,7.800000190734863,7.840000152587891,3038,0.0,0.0
2022-03-02 00:00:00+02:00,8.119999885559082,8.119999885559082,7.599999904632568,7.760000228881836,9709,0.0,0.0
2022-03-03 00:00:00+02:00,7.900000095367432,8.199999809265137,7.800000190734863,7.800000190734863,10168,0.0,0.0
2022-03-04 00:00:00+02:00,7.800000190734863,8.15999984741211,7.400000095367432,7.539999961853027,8188,0.0,0.0
2022-03-07 00:00:00+02:00,7.599999904632568,7.619999885559082,6.920000076293945,7.059999942779541,17979,0.0,0.0
2022-03-08 00:00:00+02:00,7.159999847412109,7.360000133514404,7.059999942779541,7.360000133514404,7870,0.0,0.0
2022-03-09 00:00:00+02:00,7.360000133514404,8.180000305175781,7.360000133514404,8.020000457763672,6902,0.0,0.0
2022-03-10 00:00:00+02:00,8.180000305175781,8.680000305175781,8.039999961853027,8.680000305175781,5654,0.0,0.0
2022-03-11 00:00:00+02:00,8.699999809265137,9.079999923706055,8.319999694824219,9.0,5531,0.0,0.0
2022-03-14 00:00:00+02:00,9.079999923706055,9.399999618530273,9.039999961853027,9.300000190734863,9058,0.0,0.0
2022-03-15 00:00:00+02:00,7.300000190734863,7.5,6.78000020980835,6.920000076293945,232934,0.0,0.0
2022-03-16 00:00:00+02:00,7.179999828338623,7.239999771118164,6.559999942779541,6.699999809265137,125396,0.0,0.0
2022-03-17 00:00:00+02:00,6.71999979019165,6.71999979019165,6.300000190734863,6.300000190734863,87212,0.0,0.0
2022-03-18 00:00:00+02:00,6.300000190734863,6.340000152587891,6.059999942779541,6.119999885559082,56808,0.0,0.0
2022-03-21 00:00:00+02:00,6.079999923706055,6.380000114440918,6.019999980926514,6.28000020980835,44058,0.0,0.0
2022-03-22 00:00:00+02:00,6.320000171661377,6.380000114440918,6.0,6.0,40697,0.0,0.0
2022-03-23 00:00:00+02:00,6.059999942779541,6.21999979019165,5.980000019073486,6.0,29066,0.0,0.0
2022-03-24 00:00:00+02:00,6.0,6.119999885559082,5.900000095367432,5.960000038146973,11557,0.0,0.0
2022-03-25 00:00:00+02:00,5.960000038146973,6.360000133514404,5.900000095367432,6.019999980926514,10966,0.0,0.0
2022-03-28 00:00:00+03:00,6.079999923706055,6.539999961853027,6.039999961853027,6.059999942779541,18184,0.0,0.0
2022-03-29 00:00:00+03:00,6.099999904632568,6.340000152587891,6.059999942779541,6.059999942779541,13867,0.0,0.0
2022-03-30 00:00:00+03:00,6.059999942779541,6.099999904632568,5.860000133514404,6.059999942779541,22961,0.0,0.0
2022-03-31 00:00:00+03:00,6.039999961853027,6.880000114440918,5.940000057220459,6.5,76335,0.0,0.0
2022-04-01 00:00:00+03:00,6.599999904632568,6.800000190734863,6.550000190734863,6.610000133514404,25299,0.0,0.0
2022-04-04 00:00:00+03:00,6.650000095367432,6.75,6.329999923706055,6.400000095367432,15963,0.0,0.0
2022-04-05 00:00:00+03:00,6.400000095367432,6.449999809265137,6.25,6.349999904632568,8153,0.0,0.0
2022-04-06 00:00:00+03:00,6.349999904632568,6.349999904632568,6.110000133514404,6.179999828338623,5327,0.0,0.0
2022-04-07 00:00:00+03:00,6.139999866485596,6.300000190734863,6.139999866485596,6.190000057220459,18412,0.0,0.0
2022-04-08 00:00:00+03:00,6.289999961853027,6.289999961853027,6.079999923706055,6.119999885559082,4025,0.0,0.0
2022-04-11 00:00:00+03:00,6.190000057220459,6.199999809265137,6.050000190734863,6.139999866485596,14548,0.0,0.0
2022-04-12 00:00:00+03:00,6.099999904632568,6.199999809265137,6.019999980926514,6.130000114440918,5759,0.0,0.0
2022-04-13 00:00:00+03:00,6.139999866485596,6.179999828338623,5.920000076293945,6.0,13551,0.0,0.0
2022-04-14 00:00:00+03:00,6.0,6.190000057220459,6.0,6.099999904632568,16080,0.0,0.0
2022-04-19 00:00:00+03:00,6.110000133514404,6.239999771118164,5.989999771118164,5.989999771118164,7351,0.0,0.0
2022-04-20 00:00:00+03:00,6.480000019073486,6.550000190734863,6.230000019073486,6.28000020980835,27707,0.0,0.0
2022-04-21 00:00:00+03:00,6.480000019073486,6.480000019073486,6.210000038146973,6.230000019073486,18309,0.0,0.0
2022-04-22 00:00:00+03:00,6.230000019073486,6.389999866485596,6.079999923706055,6.099999904632568,13739,0.0,0.0
2022-04-25 00:00:00+03:00,6.099999904632568,6.099999904632568,5.949999809265137,5.980000019073486,7932,0.0,0.0
2022-04-26 00:00:00+03:00,6.010000228881836,6.039999961853027,5.989999771118164,6.0,6252,0.0,0.0
2022-04-27 00:00:00+03:00,6.090000152587891,6.090000152587891,5.909999847412109,5.980000019073486,6787,0.0,0.0
2022-04-28 00:00:00+03:00,5.699999809265137,5.699999809265137,5.199999809265137,5.210000038146973,67766,0.0,0.0
2022-04-29 00:00:00+03:00,5.300000190734863,5.300000190734863,4.949999809265137,5.079999923706055,18640,0.0,0.0
2022-05-02 00:00:00+03:00,5.079999923706055,5.079999923706055,4.804999828338623,4.925000190734863,78031,0.0,0.0
2022-05-03 00:00:00+03:00,5.039999961853027,5.039999961853027,4.940000057220459,5.0,6961,0.0,0.0
2022-05-04 00:00:00+03:00,5.0,5.059999942779541,4.994999885559082,5.010000228881836,4310,0.0,0.0
2022-05-05 00:00:00+03:00,5.0,5.079999923706055,4.920000076293945,4.920000076293945,4187,0.0,0.0
2022-05-06 00:00:00+03:00,4.920000076293945,4.920000076293945,4.78000020980835,4.789999961853027,7722,0.0,0.0
2022-05-09 00:00:00+03:00,4.875,4.875,4.599999904632568,4.599999904632568,2670,0.0,0.0
2022-05-10 00:00:00+03:00,4.494999885559082,4.494999885559082,4.264999866485596,4.440000057220459,23401,0.0,0.0
2022-05-11 00:00:00+03:00,4.59499979019165,4.675000190734863,4.400000095367432,4.550000190734863,10113,0.0,0.0
2022-05-12 00:00:00+03:00,4.5,4.5,4.269999980926514,4.400000095367432,13101,0.0,0.0
2022-05-13 00:00:00+03:00,4.400000095367432,4.5,4.28000020980835,4.400000095367432,9916,0.0,0.0
2022-05-16 00:00:00+03:00,4.400000095367432,4.945000171661377,4.400000095367432,4.5,12151,0.0,0.0
2022-05-17 00:00:00+03:00,4.710000038146973,4.789999961853027,4.400000095367432,4.590000152587891,26975,0.0,0.0
2022-05-18 00:00:00+03:00,4.599999904632568,4.949999809265137,4.599999904632568,4.630000114440918,7330,0.0,0.0
2022-05-19 00:00:00+03:00,4.699999809265137,4.764999866485596,4.480000019073486,4.550000190734863,13413,0.0,0.0
2022-05-20 00:00:00+03:00,4.650000095367432,4.735000133514404,4.539999961853027,4.539999961853027,9855,0.0,0.0
2022-05-23 00:00:00+03:00,4.539999961853027,4.775000095367432,4.539999961853027,4.635000228881836,2778,0.0,0.0
2022-05-24 00:00:00+03:00,4.574999809265137,4.675000190734863,4.554999828338623,4.675000190734863,2018,0.0,0.0
2022-05-25 00:00:00+03:00,4.599999904632568,4.599999904632568,4.425000190734863,4.480000019073486,7955,0.0,0.0
2022-05-27 00:00:00+03:00,4.480000019073486,4.894999980926514,4.480000019073486,4.5,16647,0.0,0.0
2022-05-30 00:00:00+03:00,4.489999771118164,4.800000190734863,4.429999828338623,4.449999809265137,6275,0.0,0.0
2022-05-31 00:00:00+03:00,4.460000038146973,4.590000152587891,4.425000190734863,4.519999980926514,13160,0.0,0.0
2022-06-01 00:00:00+03:00,4.545000076293945,4.550000190734863,4.449999809265137,4.449999809265137,6666,0.0,0.0
2022-06-02 00:00:00+03:00,4.449999809265137,4.784999847412109,4.449999809265137,4.735000133514404,2254,0.0,0.0
2022-06-03 00:00:00+03:00,4.605000019073486,4.835000038146973,4.449999809265137,4.835000038146973,7045,0.0,0.0
2022-06-06 00:00:00+03:00,4.820000171661377,4.820000171661377,4.59499979019165,4.75,4889,0.0,0.0
2022-06-07 00:00:00+03:00,4.610000133514404,4.650000095367432,4.449999809265137,4.449999809265137,11444,0.0,0.0
2022-06-08 00:00:00+03:00,4.570000171661377,4.679999828338623,4.454999923706055,4.559999942779541,5733,0.0,0.0
2022-06-09 00:00:00+03:00,4.494999885559082,4.650000095367432,4.489999771118164,4.489999771118164,2044,0.0,0.0
2022-06-10 00:00:00+03:00,4.630000114440918,4.630000114440918,4.489999771118164,4.489999771118164,1097,0.0,0.0
2022-06-13 00:00:00+03:00,4.489999771118164,4.610000133514404,4.400000095367432,4.40500020980835,2057,0.0,0.0
2022-06-14 00:00:00+03:00,4.400000095367432,4.494999885559082,4.289999961853027,4.289999961853027,3196,0.0,0.0
2022-06-15 00:00:00+03:00,4.289999961853027,4.400000095367432,4.289999961853027,4.289999961853027,3150,0.0,0.0
2022-06-16 00:00:00+03:00,4.300000190734863,4.400000095367432,4.210000038146973,4.25,2687,0.0,0.0
2022-06-17 00:00:00+03:00,4.445000171661377,4.445000171661377,4.295000076293945,4.300000190734863,5374,0.0,0.0
2022-06-20 00:00:00+03:00,4.349999904632568,4.434999942779541,4.300000190734863,4.414999961853027,7528,0.0,0.0
2022-06-21 00:00:00+03:00,4.300000190734863,4.409999847412109,4.255000114440918,4.360000133514404,2187,0.0,0.0
2022-06-22 00:00:00+03:00,4.409999847412109,4.409999847412109,4.304999828338623,4.400000095367432,1037,0.0,0.0
2022-06-23 00:00:00+03:00,4.355000019073486,4.449999809265137,4.300000190734863,4.300000190734863,2574,0.0,0.0
2022-06-27 00:00:00+03:00,4.300000190734863,4.394999980926514,4.295000076293945,4.394999980926514,1164,0.0,0.0
2022-06-28 00:00:00+03:00,4.364999771118164,4.485000133514404,4.199999809265137,4.480000019073486,10936,0.0,0.0
2022-06-29 00:00:00+03:00,4.489999771118164,4.789999961853027,4.485000133514404,4.590000152587891,7009,0.0,0.0
2022-06-30 00:00:00+03:00,4.755000114440918,4.760000228881836,4.199999809265137,4.329999923706055,13843,0.0,0.0
2022-07-01 00:00:00+03:00,4.5,4.5,4.230000019073486,4.300000190734863,7314,0.0,0.0
2022-07-04 00:00:00+03:00,4.295000076293945,4.295000076293945,4.09499979019165,4.199999809265137,3220,0.0,0.0
2022-07-05 00:00:00+03:00,4.110000133514404,4.195000171661377,4.110000133514404,4.164999961853027,2269,0.0,0.0
2022-07-06 00:00:00+03:00,4.164999961853027,4.215000152587891,4.164999961853027,4.204999923706055,2182,0.0,0.0
2022-07-07 00:00:00+03:00,4.170000076293945,4.215000152587891,4.119999885559082,4.150000095367432,4064,0.0,0.0
2022-07-08 00:00:00+03:00,4.199999809265137,4.204999923706055,4.130000114440918,4.130000114440918,4402,0.0,0.0
2022-07-11 00:00:00+03:00,4.125,4.130000114440918,4.079999923706055,4.090000152587891,1083,0.0,0.0
2022-07-12 00:00:00+03:00,4.090000152587891,4.144999980926514,4.090000152587891,4.144999980926514,994,0.0,0.0
2022-07-13 00:00:00+03:00,4.144999980926514,4.215000152587891,4.110000133514404,4.130000114440918,6124,0.0,0.0
2022-07-14 00:00:00+03:00,4.175000190734863,4.21999979019165,4.139999866485596,4.150000095367432,2326,0.0,0.0
2022-07-15 00:00:00+03:00,4.199999809265137,4.21999979019165,4.114999771118164,4.210000038146973,2877,0.0,0.0
2022-07-18 00:00:00+03:00,4.184999942779541,4.355000019073486,4.184999942779541,4.295000076293945,6095,0.0,0.0
2022-07-19 00:00:00+03:00,4.295000076293945,4.300000190734863,4.199999809265137,4.204999923706055,4489,0.0,0.0
2022-07-20 00:00:00+03:00,4.25,4.260000228881836,4.15500020980835,4.195000171661377,2750,0.0,0.0
2022-07-21 00:00:00+03:00,4.195000171661377,4.264999866485596,4.050000190734863,4.260000228881836,3572,0.0,0.0
2022-07-22 00:00:00+03:00,4.260000228881836,4.269999980926514,4.25,4.260000228881836,360,0.0,0.0
2022-07-25 00:00:00+03:00,4.179999828338623,4.179999828338623,3.9000000953674316,4.050000190734863,19086,0.0,0.0
2022-07-26 00:00:00+03:00,4.050000190734863,4.050000190734863,3.9749999046325684,4.050000190734863,2363,0.0,0.0
2022-07-27 00:00:00+03:00,4.0,4.099999904632568,3.984999895095825,4.010000228881836,1392,0.0,0.0
2022-07-28 00:00:00+03:00,4.125,4.125,4.0,4.0,2965,0.0,0.0
2022-07-29 00:00:00+03:00,3.9649999141693115,4.139999866485596,3.9200000762939453,4.09499979019165,21615,0.0,0.0
2022-08-01 00:00:00+03:00,4.09499979019165,4.150000095367432,3.9800000190734863,4.054999828338623,3935,0.0,0.0
2022-08-02 00:00:00+03:00,4.050000190734863,4.09499979019165,3.9800000190734863,3.9800000190734863,4818,0.0,0.0
2022-08-03 00:00:00+03:00,4.0,4.184999942779541,3.950000047683716,4.0,8655,0.0,0.0
2022-08-04 00:00:00+03:00,4.0,4.195000171661377,3.9600000381469727,4.050000190734863,3781,0.0,0.0
2022-08-05 00:00:00+03:00,4.050000190734863,4.195000171661377,3.9600000381469727,4.034999847412109,9360,0.0,0.0
2022-08-08 00:00:00+03:00,4.079999923706055,4.244999885559082,3.940000057220459,4.085000038146973,7481,0.0,0.0
2022-08-09 00:00:00+03:00,4.099999904632568,4.130000114440918,3.9600000381469727,3.984999895095825,3357,0.0,0.0
2022-08-10 00:00:00+03:00,4.005000114440918,4.090000152587891,3.984999895095825,3.990000009536743,7706,0.0,0.0
2022-08-11 00:00:00+03:00,4.139999866485596,4.139999866485596,3.9800000190734863,3.9800000190734863,2150,0.0,0.0
2022-08-12 00:00:00+03:00,4.074999809265137,4.074999809265137,4.0,4.019999980926514,4784,0.0,0.0
2022-08-15 00:00:00+03:00,3.9649999141693115,4.039999961853027,3.944999933242798,3.990000009536743,14589,0.0,0.0
2022-08-16 00:00:00+03:00,4.0,4.079999923706055,3.990000009536743,4.079999923706055,8568,0.0,0.0
2022-08-17 00:00:00+03:00,4.0,4.059999942779541,4.0,4.0,6060,0.0,0.0
2022-08-18 00:00:00+03:00,4.0,4.070000171661377,4.0,4.070000171661377,6928,0.0,0.0
2022-08-19 00:00:00+03:00,2.5950000286102295,2.6050000190734863,2.200000047683716,2.200000047683716,493069,0.0,0.0
2022-08-22 00:00:00+03:00,2.305000066757202,2.444999933242798,2.200000047683716,2.2300000190734863,185092,0.0,0.0
2022-08-23 00:00:00+03:00,2.240000009536743,2.3350000381469727,2.184999942779541,2.184999942779541,42196,0.0,0.0
2022-08-24 00:00:00+03:00,2.190000057220459,2.2300000190734863,2.1050000190734863,2.2049999237060547,42884,0.0,0.0
2022-08-25 00:00:00+03:00,2.2100000381469727,2.2100000381469727,2.1050000190734863,2.109999895095825,31819,0.0,0.0
2022-08-26 00:00:00+03:00,2.140000104904175,2.200000047683716,2.119999885559082,2.1549999713897705,20397,0.0,0.0
2022-08-29 00:00:00+03:00,2.1649999618530273,2.259999990463257,2.1649999618530273,2.244999885559082,40702,0.0,0.0
2022-08-30 00:00:00+03:00,2.2850000858306885,2.2850000858306885,2.2049999237060547,2.244999885559082,13188,0.0,0.0
2022-08-31 00:00:00+03:00,2.2799999713897705,2.319999933242798,2.244999885559082,2.305000066757202,20807,0.0,0.0
2022-09-01 00:00:00+03:00,2.309999942779541,2.309999942779541,2.2249999046325684,2.240000009536743,11486,0.0,0.0
2022-09-02 00:00:00+03:00,2.255000114440918,2.259999990463257,2.2200000286102295,2.2300000190734863,3258,0.0,0.0
2022-09-05 00:00:00+03:00,2.2300000190734863,2.25,2.1500000953674316,2.1649999618530273,12192,0.0,0.0
2022-09-06 00:00:00+03:00,2.1700000762939453,2.244999885559082,2.1649999618530273,2.244999885559082,7447,0.0,0.0
2022-09-07 00:00:00+03:00,2.244999885559082,2.244999885559082,2.1600000858306885,2.200000047683716,7882,0.0,0.0
2022-09-08 00:00:00+03:00,2.200000047683716,2.2249999046325684,2.1600000858306885,2.190000057220459,4695,0.0,0.0
2022-09-09 00:00:00+03:00,2.190000057220459,2.244999885559082,2.1600000858306885,2.2200000286102295,9284,0.0,0.0
2022-09-12 00:00:00+03:00,2.25,2.2699999809265137,2.1700000762939453,2.2300000190734863,5645,0.0,0.0
2022-09-13 00:00:00+03:00,2.234999895095825,2.2850000858306885,2.180000066757202,2.180000066757202,9996,0.0,0.0
2022-09-14 00:00:00+03:00,2.180000066757202,2.2049999237060547,2.0799999237060547,2.2049999237060547,12003,0.0,0.0
2022-09-15 00:00:00+03:00,2.1500000953674316,2.2750000953674316,2.069999933242798,2.0999999046325684,20040,0.0,0.0
2022-09-16 00:00:00+03:00,2.0950000286102295,2.140000104904175,2.0,2.0999999046325684,9232,0.0,0.0
2022-09-19 00:00:00+03:00,2.0999999046325684,2.0999999046325684,1.9199999570846558,1.9620000123977661,11195,0.0,0.0
2022-09-20 00:00:00+03:00,1.9620000123977661,1.9980000257492065,1.8639999628067017,1.940000057220459,14953,0.0,0.0
2022-09-21 00:00:00+03:00,1.940000057220459,1.9500000476837158,1.8739999532699585,1.9479999542236328,13040,0.0,0.0
2022-09-22 00:00:00+03:00,1.9420000314712524,1.9420000314712524,1.850000023841858,1.8899999856948853,40603,0.0,0.0
2022-09-23 00:00:00+03:00,1.8880000114440918,1.9800000190734863,1.8880000114440918,1.9019999504089355,16611,0.0,0.0
2022-09-26 00:00:00+03:00,1.9880000352859497,1.9880000352859497,1.8960000276565552,1.944000005722046,5965,0.0,0.0
2022-09-27 00:00:00+03:00,1.9320000410079956,2.109999895095825,1.9320000410079956,1.9620000123977661,34922,0.0,0.0
2022-09-28 00:00:00+03:00,1.972000002861023,1.972000002861023,1.8899999856948853,1.9500000476837158,8383,0.0,0.0
2022-09-29 00:00:00+03:00,1.9600000381469727,2.075000047683716,1.909999966621399,1.9359999895095825,6588,0.0,0.0
2022-09-30 00:00:00+03:00,1.9520000219345093,2.1449999809265137,1.9459999799728394,2.0,7580,0.0,0.0
2022-10-03 00:00:00+03:00,2.005000114440918,2.130000114440918,1.9700000286102295,2.0,10274,0.0,0.0
2022-10-04 00:00:00+03:00,2.1449999809265137,2.1449999809265137,1.9700000286102295,2.0950000286102295,21675,0.0,0.0
2022-10-05 00:00:00+03:00,2.1050000190734863,2.1050000190734863,1.9900000095367432,2.0199999809265137,17684,0.0,0.0
2022-10-06 00:00:00+03:00,2.0850000381469727,2.0850000381469727,1.9019999504089355,1.9919999837875366,31025,0.0,0.0
2022-10-07 00:00:00+03:00,1.99399995803833,2.0199999809265137,1.9900000095367432,2.0,7064,0.0,0.0
2022-10-10 00:00:00+03:00,1.9980000257492065,1.9980000257492065,1.9019999504089355,1.9079999923706055,5731,0.0,0.0
2022-10-11 00:00:00+03:00,1.9079999923706055,1.9479999542236328,1.899999976158142,1.909999966621399,11719,0.0,0.0
2022-10-12 00:00:00+03:00,1.899999976158142,2.015000104904175,1.899999976158142,1.9160000085830688,4434,0.0,0.0
2022-10-13 00:00:00+03:00,1.9179999828338623,1.9859999418258667,1.9160000085830688,1.9160000085830688,2071,0.0,0.0
2022-10-14 00:00:00+03:00,1.9179999828338623,1.9739999771118164,1.9119999408721924,1.9500000476837158,2937,0.0,0.0
2022-10-17 00:00:00+03:00,1.9500000476837158,1.9759999513626099,1.899999976158142,1.940000057220459,12076,0.0,0.0
2022-10-18 00:00:00+03:00,1.9980000257492065,2.055000066757202,1.9520000219345093,2.0,13486,0.0,0.0
2022-10-19 00:00:00+03:00,2.009999990463257,2.0250000953674316,1.9520000219345093,2.0,14239,0.0,0.0
2022-10-20 00:00:00+03:00,1.9040000438690186,1.9040000438690186,1.809999942779541,1.850000023841858,185198,0.0,0.0
2022-10-21 00:00:00+03:00,1.8700000047683716,1.899999976158142,1.840000033378601,1.850000023841858,14747,0.0,0.0
2022-10-24 00:00:00+03:00,1.8519999980926514,1.8580000400543213,1.8200000524520874,1.8480000495910645,31381,0.0,0.0
2022-10-25 00:00:00+03:00,1.8480000495910645,1.8480000495910645,1.7920000553131104,1.8200000524520874,33715,0.0,0.0
2022-10-26 00:00:00+03:00,1.8200000524520874,1.850000023841858,1.8200000524520874,1.8200000524520874,4979,0.0,0.0
2022-10-27 00:00:00+03:00,1.8739999532699585,1.8739999532699585,1.7999999523162842,1.7999999523162842,20308,0.0,0.0
2022-10-28 00:00:00+03:00,1.8020000457763672,1.8200000524520874,1.7699999809265137,1.7960000038146973,21277,0.0,0.0
2022-10-31 00:00:00+02:00,1.7999999523162842,1.9800000190734863,1.7999999523162842,1.9199999570846558,55151,0.0,0.0
2022-11-01 00:00:00+02:00,1.9500000476837158,1.9900000095367432,1.9479999542236328,1.9780000448226929,20448,0.0,0.0
2022-11-02 00:00:00+02:00,1.9800000190734863,1.99399995803833,1.9119999408721924,1.9900000095367432,161332,0.0,0.0
2022-11-03 00:00:00+02:00,1.9880000352859497,1.9880000352859497,1.9299999475479126,1.9500000476837158,11609,0.0,0.0
2022-11-04 00:00:00+02:00,1.9980000257492065,1.9980000257492065,1.9500000476837158,1.9600000381469727,29635,0.0,0.0
2022-11-07 00:00:00+02:00,1.9980000257492065,1.9980000257492065,1.899999976158142,1.9980000257492065,39206,0.0,0.0
2022-11-08 00:00:00+02:00,1.996000051498413,2.0,1.9600000381469727,1.9800000190734863,29695,0.0,0.0
2022-11-09 00:00:00+02:00,1.9700000286102295,1.9980000257492065,1.9500000476837158,1.9880000352859497,71799,0.0,0.0
2022-11-10 00:00:00+02:00,1.9620000123977661,1.9919999837875366,1.9320000410079956,1.9500000476837158,12358,0.0,0.0
2022-11-11 00:00:00+02:00,1.9919999837875366,2.0850000381469727,1.9040000438690186,1.9739999771118164,101312,0.0,0.0
2022-11-14 00:00:00+02:00,1.9900000095367432,2.0899999141693115,1.9900000095367432,2.049999952316284,42163,0.0,0.0
2022-11-15 00:00:00+02:00,2.0999999046325684,2.1449999809265137,2.049999952316284,2.0999999046325684,28745,0.0,0.0
2022-11-16 00:00:00+02:00,2.1449999809265137,2.1449999809265137,2.059999942779541,2.059999942779541,13329,0.0,0.0
2022-11-17 00:00:00+02:00,2.059999942779541,2.1500000953674316,2.059999942779541,2.125,15005,0.0,0.0
2022-11-18 00:00:00+02:00,2.130000114440918,2.1500000953674316,2.125,2.125,7941,0.0,0.0
2022-11-21 00:00:00+02:00,2.134999990463257,2.134999990463257,2.0399999618530273,2.0799999237060547,10416,0.0,0.0
2022-11-22 00:00:00+02:00,2.1500000953674316,2.1500000953674316,2.049999952316284,2.049999952316284,14099,0.0,0.0
2022-11-23 00:00:00+02:00,2.055000066757202,2.1050000190734863,2.049999952316284,2.049999952316284,36243,0.0,0.0
2022-11-24 00:00:00+02:00,2.049999952316284,2.0950000286102295,2.0250000953674316,2.0399999618530273,3748,0.0,0.0
2022-11-25 00:00:00+02:00,2.0950000286102295,2.0950000286102295,2.0450000762939453,2.075000047683716,6815,0.0,0.0
2022-11-28 00:00:00+02:00,2.0799999237060547,2.0799999237060547,2.0299999713897705,2.0399999618530273,5863,0.0,0.0
2022-11-29 00:00:00+02:00,2.0999999046325684,2.2300000190734863,2.0899999141693115,2.1500000953674316,95770,0.0,0.0
2022-11-30 00:00:00+02:00,2.1649999618530273,2.1649999618530273,2.109999895095825,2.125,43382,0.0,0.0
2022-12-01 00:00:00+02:00,2.1449999809265137,2.2200000286102295,2.140000104904175,2.140000104904175,125549,0.0,0.0
2022-12-02 00:00:00+02:00,2.1700000762939453,2.1700000762939453,2.0850000381469727,2.115000009536743,31367,0.0,0.0
2022-12-05 00:00:00+02:00,2.0799999237060547,2.1600000858306885,2.0450000762939453,2.069999933242798,17959,0.0,0.0
2022-12-07 00:00:00+02:00,2.0999999046325684,2.0999999046325684,2.0299999713897705,2.0450000762939453,17615,0.0,0.0
2022-12-08 00:00:00+02:00,2.049999952316284,2.065000057220459,2.0199999809265137,2.055000066757202,44295,0.0,0.0
2022-12-09 00:00:00+02:00,2.059999942779541,2.065000057220459,1.9500000476837158,1.9700000286102295,69977,0.0,0.0
2022-12-12 00:00:00+02:00,1.9700000286102295,1.9700000286102295,1.8339999914169312,1.899999976158142,79386,0.0,0.0
2022-12-13 00:00:00+02:00,1.899999976158142,1.972000002861023,1.8200000524520874,1.906000018119812,83424,0.0,0.0
2022-12-14 00:00:00+02:00,1.8519999980926514,1.9299999475479126,1.8519999980926514,1.9299999475479126,7480,0.0,0.0
2022-12-15 00:00:00+02:00,1.9299999475479126,1.9299999475479126,1.8539999723434448,1.8700000047683716,56759,0.0,0.0
2022-12-16 00:00:00+02:00,1.8700000047683716,1.8899999856948853,1.850000023841858,1.8519999980926514,12447,0.0,0.0
2022-12-19 00:00:00+02:00,1.8519999980926514,1.9140000343322754,1.8200000524520874,1.8200000524520874,13540,0.0,0.0
2022-12-20 00:00:00+02:00,1.8600000143051147,1.8600000143051147,1.809999942779541,1.8200000524520874,10792,0.0,0.0
2022-12-21 00:00:00+02:00,1.8200000524520874,1.850000023841858,1.815999984741211,1.8179999589920044,22707,0.0,0.0
2022-12-22 00:00:00+02:00,1.809999942779541,1.850000023841858,1.809999942779541,1.8220000267028809,36793,0.0,0.0
2022-12-23 00:00:00+02:00,1.8220000267028809,1.8359999656677246,1.8040000200271606,1.8200000524520874,17542,0.0,0.0
2022-12-27 00:00:00+02:00,1.8200000524520874,1.8200000524520874,1.7599999904632568,1.784000039100647,51875,0.0,0.0
2022-12-28 00:00:00+02:00,1.7740000486373901,1.7740000486373901,1.7400000095367432,1.75,29552,0.0,0.0
2022-12-29 00:00:00+02:00,1.7319999933242798,1.878000020980835,1.722000002861023,1.8559999465942383,40481,0.0,0.0
2022-12-30 00:00:00+02:00,1.8899999856948853,1.899999976158142,1.8359999656677246,1.8880000114440918,27858,0.0,0.0
2023-01-02 00:00:00+02:00,1.899999976158142,1.9119999408721924,1.7599999904632568,1.9119999408721924,22859,0.0,0.0
2023-01-03 00:00:00+02:00,1.906000018119812,1.9079999923706055,1.8380000591278076,1.906000018119812,9204,0.0,0.0
2023-01-04 00:00:00+02:00,1.909999966621399,1.909999966621399,1.8619999885559082,1.8619999885559082,15410,0.0,0.0
2023-01-05 00:00:00+02:00,1.8819999694824219,1.9199999570846558,1.8519999980926514,1.8860000371932983,10466,0.0,0.0
2023-01-09 00:00:00+02:00,1.8860000371932983,1.899999976158142,1.8619999885559082,1.8760000467300415,25299,0.0,0.0
2023-01-10 00:00:00+02:00,1.8760000467300415,1.9079999923706055,1.8600000143051147,1.878000020980835,12774,0.0,0.0
2023-01-11 00:00:00+02:00,1.8839999437332153,1.9079999923706055,1.878000020980835,1.878000020980835,9224,0.0,0.0
2023-01-12 00:00:00+02:00,1.8799999952316284,1.9500000476837158,1.8799999952316284,1.8919999599456787,12534,0.0,0.0
2023-01-13 00:00:00+02:00,1.9199999570846558,1.9199999570846558,1.850000023841858,1.8519999980926514,17965,0.0,0.0
2023-01-16 00:00:00+02:00,1.8539999723434448,1.8899999856948853,1.8539999723434448,1.871999979019165,17079,0.0,0.0
2023-01-17 00:00:00+02:00,1.871999979019165,1.9279999732971191,1.8539999723434448,1.8539999723434448,17344,0.0,0.0
2023-01-18 00:00:00+02:00,1.9500000476837158,1.9700000286102295,1.8700000047683716,1.899999976158142,5857,0.0,0.0
2023-01-19 00:00:00+02:00,1.899999976158142,1.899999976158142,1.8539999723434448,1.8739999532699585,7090,0.0,0.0
2023-01-20 00:00:00+02:00,1.8519999980926514,1.8919999599456787,1.850000023841858,1.8539999723434448,8858,0.0,0.0
2023-01-23 00:00:00+02:00,1.8539999723434448,2.809999942779541,1.8539999723434448,2.75,602755,0.0,0.0
2023-01-24 00:00:00+02:00,2.9549999237060547,3.075000047683716,2.609999895095825,2.619999885559082,413419,0.0,0.0
2023-01-25 00:00:00+02:00,2.684999942779541,2.690000057220459,2.4649999141693115,2.5350000858306885,181401,0.0,0.0
2023-01-26 00:00:00+02:00,2.549999952316284,2.7049999237060547,2.4800000190734863,2.5399999618530273,183639,0.0,0.0
2023-01-27 00:00:00+02:00,2.575000047683716,2.690000057220459,2.5399999618530273,2.6600000858306885,92709,0.0,0.0
2023-01-30 00:00:00+02:00,2.75,2.8299999237060547,2.680000066757202,2.75,132766,0.0,0.0
2023-01-31 00:00:00+02:00,2.8499999046325684,2.8499999046325684,2.700000047683716,2.7049999237060547,48331,0.0,0.0
2023-02-01 00:00:00+02:00,2.734999895095825,2.825000047683716,2.7049999237060547,2.825000047683716,40743,0.0,0.0
2023-02-02 00:00:00+02:00,2.8399999141693115,3.119999885559082,2.8399999141693115,3.0,255065,0.0,0.0
2023-02-03 00:00:00+02:00,3.0799999237060547,3.3450000286102295,3.0199999809265137,3.2750000953674316,229685,0.0,0.0
2023-02-06 00:00:00+02:00,3.390000104904175,3.75,3.3499999046325684,3.690000057220459,273293,0.0,0.0
2023-02-07 00:00:00+02:00,3.9200000762939453,4.335000038146973,3.4100000858306885,3.700000047683716,372337,0.0,0.0
2023-02-08 00:00:00+02:00,3.799999952316284,3.950000047683716,3.2799999713897705,3.3499999046325684,220565,0.0,0.0
2023-02-09 00:00:00+02:00,3.4000000953674316,3.4749999046325684,3.2850000858306885,3.2950000762939453,81038,0.0,0.0
2023-02-10 00:00:00+02:00,3.255000114440918,3.3299999237060547,2.9000000953674316,3.009999990463257,274186,0.0,0.0
2023-02-13 00:00:00+02:00,3.299999952316284,3.299999952316284,3.0999999046325684,3.174999952316284,112729,0.0,0.0
2023-02-14 00:00:00+02:00,3.2799999713897705,3.2799999713897705,3.174999952316284,3.234999895095825,70518,0.0,0.0
2023-02-15 00:00:00+02:00,3.259999990463257,3.3399999141693115,3.25,3.305000066757202,59279,0.0,0.0
2023-02-16 00:00:00+02:00,3.3499999046325684,3.3550000190734863,3.259999990463257,3.2799999713897705,37176,0.0,0.0
2023-02-17 00:00:00+02:00,3.3350000381469727,3.3350000381469727,3.1600000858306885,3.25,25615,0.0,0.0
2023-02-20 00:00:00+02:00,3.315000057220459,3.3350000381469727,3.200000047683716,3.2799999713897705,28076,0.0,0.0
2023-02-21 00:00:00+02:00,3.359999895095825,3.430000066757202,3.2799999713897705,3.2899999618530273,36415,0.0,0.0
2023-02-22 00:00:00+02:00,3.3350000381469727,3.3350000381469727,3.174999952316284,3.180000066757202,78038,0.0,0.0
2023-02-23 00:00:00+02:00,3.184999942779541,3.390000104904175,2.700000047683716,2.9000000953674316,224829,0.0,0.0
2023-02-24 00:00:00+02:00,2.9000000953674316,3.0899999141693115,2.815000057220459,2.8350000381469727,62257,0.0,0.0
2023-02-27 00:00:00+02:00,2.819999933242798,2.865000009536743,2.75,2.799999952316284,32364,0.0,0.0
2023-02-28 00:00:00+02:00,2.819999933242798,2.825000047683716,2.694999933242798,2.700000047683716,65726,0.0,0.0
2023-03-01 00:00:00+02:00,2.7049999237060547,2.7799999713897705,2.640000104904175,2.6500000953674316,32877,0.0,0.0
2023-03-02 00:00:00+02:00,2.6500000953674316,2.690000057220459,2.505000114440918,2.5999999046325684,65265,0.0,0.0
2023-03-03 00:00:00+02:00,2.565000057220459,2.6449999809265137,2.5350000858306885,2.575000047683716,24415,0.0,0.0
2023-03-06 00:00:00+02:00,2.565000057220459,2.565000057220459,2.509999990463257,2.5299999713897705,18145,0.0,0.0
2023-03-07 00:00:00+02:00,2.549999952316284,2.7950000762939453,2.549999952316284,2.5999999046325684,62031,0.0,0.0
2023-03-08 00:00:00+02:00,2.5999999046325684,2.640000104904175,2.5450000762939453,2.6050000190734863,20589,0.0,0.0
2023-03-09 00:00:00+02:00,2.6050000190734863,2.6500000953674316,2.5350000858306885,2.5799999237060547,15566,0.0,0.0
2023-03-10 00:00:00+02:00,2.5,2.569999933242798,2.4800000190734863,2.5,35322,0.0,0.0
2023-03-13 00:00:00+02:00,2.5,2.5,2.319999933242798,2.3499999046325684,49132,0.0,0.0
2023-03-14 00:00:00+02:00,2.359999895095825,2.7699999809265137,2.359999895095825,2.5799999237060547,24674,0.0,0.0
2023-03-15 00:00:00+02:00,2.5799999237060547,2.6600000858306885,2.4049999713897705,2.5,28362,0.0,0.0
2023-03-16 00:00:00+02:00,2.5,2.5,2.369999885559082,2.4100000858306885,30722,0.0,0.0
2023-03-17 00:00:00+02:00,2.6449999809265137,2.6449999809265137,2.359999895095825,2.4149999618530273,35227,0.0,0.0
2023-03-20 00:00:00+02:00,2.4149999618530273,2.440000057220459,2.2799999713897705,2.369999885559082,18318,0.0,0.0
2023-03-21 00:00:00+02:00,2.369999885559082,2.369999885559082,2.299999952316284,2.3399999141693115,25761,0.0,0.0
2023-03-22 00:00:00+02:00,2.3399999141693115,2.365000009536743,2.2899999618530273,2.359999895095825,23152,0.0,0.0
2023-03-23 00:00:00+02:00,2.369999885559082,2.369999885559082,2.2799999713897705,2.3450000286102295,18546,0.0,0.0
2023-03-24 00:00:00+02:00,2.369999885559082,2.380000114440918,2.2799999713897705,2.3550000190734863,13021,0.0,0.0
2023-03-27 00:00:00+03:00,2.3550000190734863,2.365000009536743,2.2750000953674316,2.2750000953674316,16630,0.0,0.0
2023-03-28 00:00:00+03:00,2.2899999618530273,2.3450000286102295,2.255000114440918,2.299999952316284,10306,0.0,0.0
2023-03-29 00:00:00+03:00,2.299999952316284,2.3550000190734863,2.2850000858306885,2.315000057220459,8696,0.0,0.0
2023-03-30 00:00:00+03:00,2.315000057220459,2.365000009536743,2.2799999713897705,2.3399999141693115,21393,0.0,0.0
2023-03-31 00:00:00+03:00,2.3399999141693115,2.3450000286102295,2.2850000858306885,2.3299999237060547,11964,0.0,0.0
2023-04-03 00:00:00+03:00,2.3350000381469727,2.5950000286102295,2.3350000381469727,2.490000009536743,34952,0.0,0.0
2023-04-04 00:00:00+03:00,2.5,2.569999933242798,2.444999933242798,2.450000047683716,13540,0.0,0.0
2023-04-05 00:00:00+03:00,2.4100000858306885,2.509999990463257,2.359999895095825,2.444999933242798,9201,0.0,0.0
2023-04-06 00:00:00+03:00,2.444999933242798,2.444999933242798,2.375,2.440000057220459,4095,0.0,0.0
2023-04-11 00:00:00+03:00,2.450000047683716,2.484999895095825,2.375,2.4200000762939453,8757,0.0,0.0
2023-04-12 00:00:00+03:00,2.430000066757202,2.490000009536743,2.359999895095825,2.359999895095825,10354,0.0,0.0
2023-04-13 00:00:00+03:00,2.4049999713897705,2.450000047683716,2.3550000190734863,2.3949999809265137,5447,0.0,0.0
2023-04-14 00:00:00+03:00,2.4000000953674316,2.5450000762939453,2.3949999809265137,2.450000047683716,15505,0.0,0.0
2023-04-17 00:00:00+03:00,2.450000047683716,2.5350000858306885,2.369999885559082,2.450000047683716,5792,0.0,0.0
2023-04-18 00:00:00+03:00,2.450000047683716,2.5199999809265137,2.4049999713897705,2.4800000190734863,16074,0.0,0.0
2023-04-19 00:00:00+03:00,2.4700000286102295,2.4700000286102295,2.4100000858306885,2.4200000762939453,8852,0.0,0.0
2023-04-20 00:00:00+03:00,2.4649999141693115,2.4649999141693115,2.390000104904175,2.430000066757202,13959,0.0,0.0
2023-04-21 00:00:00+03:00,2.430000066757202,2.440000057220459,2.3499999046325684,2.4100000858306885,27778,0.0,0.0
2023-04-24 00:00:00+03:00,2.4049999713897705,2.4700000286102295,2.299999952316284,2.4700000286102295,10092,0.0,0.0
2023-04-25 00:00:00+03:00,2.4700000286102295,2.5350000858306885,2.4149999618530273,2.4800000190734863,10145,0.0,0.0
2023-04-26 00:00:00+03:00,2.490000009536743,2.5950000286102295,2.4800000190734863,2.549999952316284,16985,0.0,0.0
2023-04-27 00:00:00+03:00,2.5999999046325684,2.6449999809265137,2.4549999237060547,2.4749999046325684,26089,0.0,0.0
2023-04-28 00:00:00+03:00,2.640000104904175,2.640000104904175,2.244999885559082,2.309999942779541,66719,0.0,0.0
2023-05-02 00:00:00+03:00,2.315000057220459,2.4049999713897705,2.2799999713897705,2.325000047683716,42016,0.0,0.0
2023-05-03 00:00:00+03:00,2.390000104904175,2.390000104904175,2.3399999141693115,2.3499999046325684,6990,0.0,0.0
2023-05-04 00:00:00+03:00,2.3499999046325684,2.444999933242798,2.3299999237060547,2.369999885559082,19943,0.0,0.0
2023-05-05 00:00:00+03:00,2.4000000953674316,2.430000066757202,2.3499999046325684,2.4149999618530273,14855,0.0,0.0
2023-05-08 00:00:00+03:00,2.424999952316284,2.5450000762939453,2.365000009536743,2.4749999046325684,10563,0.0,0.0
2023-05-09 00:00:00+03:00,2.484999895095825,2.5850000381469727,2.430000066757202,2.430000066757202,11973,0.0,0.0
2023-05-10 00:00:00+03:00,2.430000066757202,2.4700000286102295,2.4100000858306885,2.4100000858306885,1083,0.0,0.0
2023-05-11 00:00:00+03:00,2.4100000858306885,2.4749999046325684,2.4000000953674316,2.434999942779541,10779,0.0,0.0
2023-05-12 00:00:00+03:00,2.430000066757202,2.494999885559082,2.3550000190734863,2.4200000762939453,5959,0.0,0.0
2023-05-15 00:00:00+03:00,2.369999885559082,2.450000047683716,2.365000009536743,2.450000047683716,4330,0.0,0.0
2023-05-16 00:00:00+03:00,2.4000000953674316,2.444999933242798,2.3299999237060547,2.440000057220459,6703,0.0,0.0
2023-05-17 00:00:00+03:00,2.444999933242798,2.444999933242798,2.3499999046325684,2.384999990463257,8242,0.0,0.0
2023-05-19 00:00:00+03:00,2.4000000953674316,2.444999933242798,2.3499999046325684,2.384999990463257,4329,0.0,0.0
2023-05-22 00:00:00+03:00,2.384999990463257,2.5799999237060547,2.240000009536743,2.2899999618530273,22137,0.0,0.0
2023-05-23 00:00:00+03:00,2.299999952316284,2.369999885559082,2.2850000858306885,2.2899999618530273,15608,0.0,0.0
2023-05-24 00:00:00+03:00,2.299999952316284,2.299999952316284,2.2100000381469727,2.2750000953674316,6808,0.0,0.0
2023-05-25 00:00:00+03:00,2.2799999713897705,2.2799999713897705,2.200000047683716,2.200000047683716,11764,0.0,0.0
2023-05-26 00:00:00+03:00,2.200000047683716,2.3550000190734863,2.184999942779541,2.2899999618530273,18062,0.0,0.0
2023-05-29 00:00:00+03:00,2.305000066757202,2.3550000190734863,2.194999933242798,2.255000114440918,2461,0.0,0.0
2023-05-30 00:00:00+03:00,2.259999990463257,2.3299999237060547,2.255000114440918,2.2850000858306885,8359,0.0,0.0
2023-05-31 00:00:00+03:00,2.3499999046325684,2.3499999046325684,2.190000057220459,2.265000104904175,9172,0.0,0.0
2023-06-01 00:00:00+03:00,2.2725000381469727,2.3450000286102295,2.234999895095825,2.25,39408,0.0,0.0
2023-06-02 00:00:00+03:00,2.2799999713897705,2.494999885559082,2.2300000190734863,2.3550000190734863,19765,0.0,0.0
2023-06-05 00:00:00+03:00,2.359999895095825,2.369999885559082,2.299999952316284,2.325000047683716,7382,0.0,0.0
2023-06-06 00:00:00+03:00,2.3299999237060547,2.3399999141693115,2.3299999237060547,2.3399999141693115,1563,0.0,0.0
2023-06-07 00:00:00+03:00,2.3499999046325684,2.384999990463257,2.2200000286102295,2.305000066757202,11543,0.0,0.0
2023-06-08 00:00:00+03:00,2.305000066757202,2.3399999141693115,2.255000114440918,2.305000066757202,2054,0.0,0.0
2023-06-09 00:00:00+03:00,2.305000066757202,2.3399999141693115,2.2699999809265137,2.299999952316284,8234,0.0,0.0
2023-06-12 00:00:00+03:00,2.299999952316284,2.299999952316284,2.234999895095825,2.240000009536743,17750,0.0,0.0
2023-06-13 00:00:00+03:00,2.25,2.299999952316284,2.240000009536743,2.299999952316284,7041,0.0,0.0
2023-06-14 00:00:00+03:00,2.299999952316284,2.3350000381469727,2.25,2.259999990463257,19132,0.0,0.0
2023-06-15 00:00:00+03:00,2.259999990463257,2.3450000286102295,2.259999990463257,2.259999990463257,2164,0.0,0.0
2023-06-16 00:00:00+03:00,2.325000047683716,2.325000047683716,2.240000009536743,2.325000047683716,8455,0.0,0.0
2023-06-19 00:00:00+03:00,2.319999933242798,2.319999933242798,2.259999990463257,2.305000066757202,3562,0.0,0.0
2023-06-20 00:00:00+03:00,2.299999952316284,2.325000047683716,2.2200000286102295,2.305000066757202,6446,0.0,0.0
2023-06-21 00:00:00+03:00,2.305000066757202,2.305000066757202,2.1700000762939453,2.200000047683716,20257,0.0,0.0
2023-06-22 00:00:00+03:00,2.200000047683716,2.255000114440918,2.190000057220459,2.2300000190734863,968,0.0,0.0
2023-06-26 00:00:00+03:00,2.200000047683716,2.2750000953674316,2.1700000762939453,2.2300000190734863,11322,0.0,0.0
2023-06-27 00:00:00+03:00,2.2049999237060547,2.309999942779541,2.190000057220459,2.309999942779541,13354,0.0,0.0
2023-06-28 00:00:00+03:00,2.309999942779541,2.309999942779541,2.2249999046325684,2.2850000858306885,11567,0.0,0.0
2023-06-29 00:00:00+03:00,2.240000009536743,2.299999952316284,2.174999952316284,2.240000009536743,6545,0.0,0.0
2023-06-30 00:00:00+03:00,2.299999952316284,2.299999952316284,2.194999933242798,2.265000104904175,5618,0.0,0.0
2023-07-03 00:00:00+03:00,2.2950000762939453,2.2950000762939453,2.1600000858306885,2.2249999046325684,6268,0.0,0.0
2023-07-04 00:00:00+03:00,2.2300000190734863,2.2699999809265137,2.2300000190734863,2.234999895095825,4576,0.0,0.0
2023-07-05 00:00:00+03:00,2.234999895095825,2.2750000953674316,2.200000047683716,2.200000047683716,5116,0.0,0.0
2023-07-06 00:00:00+03:00,2.259999990463257,2.259999990463257,2.184999942779541,2.200000047683716,5025,0.0,0.0
2023-07-07 00:00:00+03:00,2.2200000286102295,2.240000009536743,2.200000047683716,2.240000009536743,4222,0.0,0.0
2023-07-10 00:00:00+03:00,2.240000009536743,2.2750000953674316,2.184999942779541,2.2200000286102295,3339,0.0,0.0
2023-07-11 00:00:00+03:00,2.2300000190734863,2.25,2.1649999618530273,2.200000047683716,15069,0.0,0.0
2023-07-12 00:00:00+03:00,2.180000066757202,2.265000104904175,2.1700000762939453,2.255000114440918,13398,0.0,0.0
2023-07-13 00:00:00+03:00,2.255000114440918,2.2899999618530273,2.2049999237060547,2.2899999618530273,4572,0.0,0.0
2023-07-14 00:00:00+03:00,2.2899999618530273,2.2899999618530273,2.1500000953674316,2.2750000953674316,6589,0.0,0.0
2023-07-17 00:00:00+03:00,2.180000066757202,2.2750000953674316,2.1500000953674316,2.255000114440918,14105,0.0,0.0
2023-07-18 00:00:00+03:00,2.1500000953674316,2.2200000286102295,2.1500000953674316,2.2200000286102295,5931,0.0,0.0
2023-07-19 00:00:00+03:00,2.2049999237060547,2.2300000190734863,2.190000057220459,2.190000057220459,9423,0.0,0.0
2023-07-20 00:00:00+03:00,2.190000057220459,2.2799999713897705,2.190000057220459,2.2249999046325684,3663,0.0,0.0
2023-07-21 00:00:00+03:00,2.2249999046325684,2.2249999046325684,2.119999885559082,2.1600000858306885,13827,0.0,0.0
2023-07-24 00:00:00+03:00,2.1600000858306885,2.244999885559082,2.1600000858306885,2.190000057220459,3268,0.0,0.0
2023-07-25 00:00:00+03:00,2.1700000762939453,2.184999942779541,2.109999895095825,2.1500000953674316,2848,0.0,0.0
2023-07-26 00:00:00+03:00,2.180000066757202,2.200000047683716,2.119999885559082,2.1500000953674316,8057,0.0,0.0
2023-07-27 00:00:00+03:00,2.1500000953674316,2.2200000286102295,2.115000009536743,2.180000066757202,5173,0.0,0.0
2023-07-28 00:00:00+03:00,2.0999999046325684,2.2149999141693115,2.0899999141693115,2.194999933242798,4537,0.0,0.0
2023-07-31 00:00:00+03:00,2.194999933242798,2.194999933242798,2.115000009536743,2.1449999809265137,1666,0.0,0.0
2023-08-01 00:00:00+03:00,2.184999942779541,2.184999942779541,2.1449999809265137,2.184999942779541,3150,0.0,0.0
2023-08-02 00:00:00+03:00,2.2049999237060547,2.2049999237060547,2.0950000286102295,2.180000066757202,5779,0.0,0.0
2023-08-03 00:00:00+03:00,2.1649999618530273,2.1649999618530273,2.0999999046325684,2.1500000953674316,7448,0.0,0.0
2023-08-04 00:00:00+03:00,2.109999895095825,2.1449999809265137,2.1050000190734863,2.140000104904175,3192,0.0,0.0
2023-08-07 00:00:00+03:00,2.109999895095825,2.194999933242798,2.0799999237060547,2.1649999618530273,4801,0.0,0.0
2023-08-08 00:00:00+03:00,2.1700000762939453,2.1700000762939453,2.1050000190734863,2.1649999618530273,8138,0.0,0.0
2023-08-09 00:00:00+03:00,2.1649999618530273,2.1649999618530273,2.0899999141693115,2.125,12988,0.0,0.0
2023-08-10 00:00:00+03:00,2.125,2.1449999809265137,2.0799999237060547,2.1449999809265137,4959,0.0,0.0
2023-08-11 00:00:00+03:00,2.119999885559082,2.140000104904175,2.0799999237060547,2.0799999237060547,11319,0.0,0.0
2023-08-14 00:00:00+03:00,2.0799999237060547,2.0850000381469727,2.0,2.049999952316284,22402,0.0,0.0
2023-08-15 00:00:00+03:00,2.049999952316284,2.055000066757202,1.9700000286102295,2.009999990463257,16546,0.0,0.0
2023-08-16 00:00:00+03:00,2.009999990463257,2.009999990463257,1.9119999408721924,1.996000051498413,39323,0.0,0.0
2023-08-17 00:00:00+03:00,1.909999966621399,1.9819999933242798,1.909999966621399,1.9800000190734863,15679,0.0,0.0
2023-08-18 00:00:00+03:00,1.9800000190734863,1.9800000190734863,1.4040000438690186,1.5,410663,0.0,0.0
2023-08-21 00:00:00+03:00,1.5379999876022339,1.6519999504089355,1.5099999904632568,1.6399999856948853,75171,0.0,0.0
2023-08-22 00:00:00+03:00,1.6519999504089355,1.6979999542236328,1.5499999523162842,1.600000023841858,31889,0.0,0.0
2023-08-23 00:00:00+03:00,1.600000023841858,1.600000023841858,1.5,1.5479999780654907,47118,0.0,0.0
2023-08-24 00:00:00+03:00,1.5479999780654907,1.590000033378601,1.5,1.5499999523162842,31818,0.0,0.0
2023-08-25 00:00:00+03:00,1.5980000495910645,1.5980000495910645,1.5360000133514404,1.5779999494552612,12948,0.0,0.0
2023-08-28 00:00:00+03:00,1.5779999494552612,1.6979999542236328,1.5,1.600000023841858,44540,0.0,0.0
2023-08-29 00:00:00+03:00,1.6019999980926514,1.649999976158142,1.5700000524520874,1.5920000076293945,54010,0.0,0.0
2023-08-30 00:00:00+03:00,1.6540000438690186,1.746000051498413,1.6059999465942383,1.7300000190734863,69847,0.0,0.0
2023-08-31 00:00:00+03:00,1.7480000257492065,1.8300000429153442,1.7400000095367432,1.75600004196167,29402,0.0,0.0
2023-09-01 00:00:00+03:00,1.7999999523162842,1.944000005722046,1.7879999876022339,1.937999963760376,39786,0.0,0.0
2023-09-04 00:00:00+03:00,1.9420000314712524,2.0999999046325684,1.937999963760376,2.0450000762939453,44681,0.0,0.0
2023-09-05 00:00:00+03:00,2.055000066757202,2.075000047683716,1.9320000410079956,1.9900000095367432,17276,0.0,0.0
2023-09-06 00:00:00+03:00,1.9919999837875366,2.065000057220459,1.9919999837875366,2.0450000762939453,16215,0.0,0.0
2023-09-07 00:00:00+03:00,2.1500000953674316,2.4549999237060547,2.0999999046325684,2.1500000953674316,106181,0.0,0.0
2023-09-08 00:00:00+03:00,2.115000009536743,2.2200000286102295,1.99399995803833,1.99399995803833,50756,0.0,0.0
2023-09-11 00:00:00+03:00,1.996000051498413,2.059999942779541,1.8899999856948853,1.8899999856948853,22137,0.0,0.0
2023-09-12 00:00:00+03:00,1.9019999504089355,1.99399995803833,1.899999976158142,1.9579999446868896,10503,0.0,0.0
2023-09-13 00:00:00+03:00,1.9739999771118164,1.9780000448226929,1.8799999952316284,1.9559999704360962,6999,0.0,0.0
2023-09-14 00:00:00+03:00,1.9479999542236328,2.009999990463257,1.899999976158142,1.9700000286102295,11588,0.0,0.0
2023-09-15 00:00:00+03:00,2.0399999618530273,2.0399999618530273,1.9500000476837158,1.9520000219345093,8859,0.0,0.0
2023-09-18 00:00:00+03:00,1.9859999418258667,1.9859999418258667,1.8899999856948853,1.9520000219345093,19455,0.0,0.0
2023-09-19 00:00:00+03:00,1.9019999504089355,1.9980000257492065,1.899999976158142,1.9500000476837158,5587,0.0,0.0
2023-09-20 00:00:00+03:00,1.9199999570846558,1.9980000257492065,1.9119999408721924,1.9859999418258667,4154,0.0,0.0
2023-09-21 00:00:00+03:00,1.9900000095367432,1.9900000095367432,1.8639999628067017,1.899999976158142,12984,0.0,0.0
2023-09-22 00:00:00+03:00,1.9759999513626099,1.9759999513626099,1.850000023841858,1.899999976158142,7187,0.0,0.0
2023-09-25 00:00:00+03:00,1.9839999675750732,1.9839999675750732,1.8300000429153442,1.8480000495910645,13779,0.0,0.0
2023-09-26 00:00:00+03:00,1.850000023841858,1.850000023841858,1.7039999961853027,1.75,15682,0.0,0.0
2023-09-27 00:00:00+03:00,1.7599999904632568,1.840000033378601,1.7599999904632568,1.8300000429153442,6916,0.0,0.0
2023-09-28 00:00:00+03:00,1.850000023841858,1.940000057220459,1.7719999551773071,1.940000057220459,14036,0.0,0.0
2023-09-29 00:00:00+03:00,1.9359999895095825,1.9359999895095825,1.850000023841858,1.9240000247955322,15193,0.0,0.0
2023-10-02 00:00:00+03:00,1.9240000247955322,1.9919999837875366,1.7999999523162842,1.850000023841858,56791,0.0,0.0
2023-10-03 00:00:00+03:00,1.850000023841858,1.850000023841858,1.7300000190734863,1.8339999914169312,18203,0.0,0.0
2023-10-04 00:00:00+03:00,1.8339999914169312,1.8339999914169312,1.6100000143051147,1.784000039100647,39932,0.0,0.0
2023-10-05 00:00:00+03:00,1.7200000286102295,1.7200000286102295,1.6640000343322754,1.690000057220459,32013,0.0,0.0
2023-10-06 00:00:00+03:00,1.7100000381469727,1.7879999876022339,1.6640000343322754,1.6679999828338623,11343,0.0,0.0
2023-10-09 00:00:00+03:00,1.7200000286102295,1.7200000286102295,1.5520000457763672,1.5800000429153442,23387,0.0,0.0
2023-10-10 00:00:00+03:00,1.6699999570846558,1.684000015258789,1.6019999980926514,1.6480000019073486,13367,0.0,0.0
2023-10-11 00:00:00+03:00,1.649999976158142,1.6979999542236328,1.562000036239624,1.5880000591278076,42956,0.0,0.0
2023-10-12 00:00:00+03:00,1.600000023841858,1.6480000019073486,1.590000033378601,1.5959999561309814,15569,0.0,0.0
2023-10-13 00:00:00+03:00,1.6380000114440918,1.6399999856948853,1.562000036239624,1.5980000495910645,27496,0.0,0.0
2023-10-16 00:00:00+03:00,1.5980000495910645,1.6360000371932983,1.562000036239624,1.590000033378601,8863,0.0,0.0
2023-10-17 00:00:00+03:00,1.590000033378601,1.6640000343322754,1.590000033378601,1.6139999628067017,14010,0.0,0.0
2023-10-18 00:00:00+03:00,1.6160000562667847,1.6260000467300415,1.5700000524520874,1.5720000267028809,15457,0.0,0.0
2023-10-19 00:00:00+03:00,1.5740000009536743,1.6399999856948853,1.5700000524520874,1.6360000371932983,11441,0.0,0.0
2023-10-20 00:00:00+03:00,1.600000023841858,1.6019999980926514,1.3700000047683716,1.3899999856948853,116408,0.0,0.0
2023-10-23 00:00:00+03:00,1.444000005722046,1.444000005722046,1.2480000257492065,1.25,71147,0.0,0.0
2023-10-24 00:00:00+03:00,1.2519999742507935,1.350000023841858,1.25,1.2999999523162842,38195,0.0,0.0
2023-10-25 00:00:00+03:00,1.3200000524520874,1.3200000524520874,1.2200000286102295,1.246000051498413,30223,0.0,0.0
2023-10-26 00:00:00+03:00,1.2999999523162842,1.2999999523162842,1.2200000286102295,1.2300000190734863,8897,0.0,0.0
2023-10-27 00:00:00+03:00,1.25,1.2660000324249268,1.149999976158142,1.187999963760376,73370,0.0,0.0
2023-10-30 00:00:00+02:00,1.2000000476837158,1.2480000257492065,1.1920000314712524,1.222000002861023,22417,0.0,0.0
2023-10-31 00:00:00+02:00,1.222000002861023,1.222000002861023,1.121999979019165,1.1779999732971191,36768,0.0,0.0
2023-11-01 00:00:00+02:00,1.2000000476837158,1.2300000190734863,1.159999966621399,1.187999963760376,25120,0.0,0.0
2023-11-02 00:00:00+02:00,1.187999963760376,1.2940000295639038,1.1799999475479126,1.2940000295639038,45171,0.0,0.0
2023-11-03 00:00:00+02:00,1.2979999780654907,1.2979999780654907,1.2300000190734863,1.2400000095367432,35802,0.0,0.0
2023-11-06 00:00:00+02:00,1.2400000095367432,1.2860000133514404,1.2020000219345093,1.2480000257492065,13833,0.0,0.0
2023-11-07 00:00:00+02:00,1.2480000257492065,1.2480000257492065,1.2000000476837158,1.2000000476837158,46691,0.0,0.0
2023-11-08 00:00:00+02:00,1.2400000095367432,1.2400000095367432,1.1399999856948853,1.184000015258789,44598,0.0,0.0
2023-11-09 00:00:00+02:00,1.2020000219345093,1.2139999866485596,1.184000015258789,1.2100000381469727,18785,0.0,0.0
2023-11-10 00:00:00+02:00,1.2100000381469727,1.2619999647140503,1.2000000476837158,1.2580000162124634,13221,0.0,0.0
2023-11-13 00:00:00+02:00,1.2960000038146973,1.2960000038146973,1.2000000476837158,1.2000000476837158,27893,0.0,0.0
