Date,Open,High,Low,Close,Volume,Dividends,Stock Splits
2020-06-04 00:00:00+03:00,4.0,5.050000190734863,4.0,5.050000190734863,3011140,0.0,0.0
2020-06-05 00:00:00+03:00,5.050000190734863,5.098999977111816,4.449999809265137,4.5,566777,0.0,0.0
2020-06-08 00:00:00+03:00,4.53000020980835,4.630000114440918,4.360000133514404,4.480000019073486,208831,0.0,0.0
2020-06-09 00:00:00+03:00,4.510000228881836,4.550000190734863,4.119999885559082,4.400000095367432,113502,0.0,0.0
2020-06-10 00:00:00+03:00,4.400000095367432,4.5,4.300000190734863,4.400000095367432,27292,0.0,0.0
2020-06-11 00:00:00+03:00,4.46999979019165,4.46999979019165,4.110000133514404,4.309999942779541,32512,0.0,0.0
2020-06-12 00:00:00+03:00,4.349999904632568,4.349999904632568,4.119999885559082,4.239999771118164,35291,0.0,0.0
2020-06-15 00:00:00+03:00,4.179999828338623,4.239999771118164,4.039999961853027,4.21999979019165,57168,0.0,0.0
2020-06-16 00:00:00+03:00,4.340000152587891,4.380000114440918,4.199999809265137,4.320000171661377,29222,0.0,0.0
2020-06-17 00:00:00+03:00,4.409999847412109,4.409999847412109,4.260000228881836,4.329999923706055,673125,0.0,0.0
2020-06-18 00:00:00+03:00,4.400000095367432,4.429999828338623,4.230000019073486,4.409999847412109,14167,0.0,0.0
2020-06-22 00:00:00+03:00,4.409999847412109,4.5,4.380000114440918,4.380000114440918,22579,0.0,0.0
2020-06-23 00:00:00+03:00,4.460000038146973,4.460000038146973,4.25,4.300000190734863,30752,0.0,0.0
2020-06-24 00:00:00+03:00,4.300000190734863,4.349999904632568,4.21999979019165,4.300000190734863,25441,0.0,0.0
2020-06-25 00:00:00+03:00,4.400000095367432,4.400000095367432,4.150000095367432,4.199999809265137,11942,0.0,0.0
2020-06-26 00:00:00+03:00,4.199999809265137,4.199999809265137,4.150000095367432,4.150000095367432,8817,0.0,0.0
2020-06-29 00:00:00+03:00,4.150000095367432,4.25,4.0,4.0,11295,0.0,0.0
2020-06-30 00:00:00+03:00,4.0,4.269999980926514,4.0,4.25,6175,0.0,0.0
2020-07-01 00:00:00+03:00,4.25,4.25,4.110000133514404,4.110000133514404,12458,0.0,0.0
2020-07-02 00:00:00+03:00,4.099999904632568,4.25,4.079999923706055,4.199999809265137,7135,0.0,0.0
2020-07-03 00:00:00+03:00,4.25,4.25,4.110000133514404,4.190000057220459,60827,0.0,0.0
2020-07-06 00:00:00+03:00,4.190000057220459,4.25,4.110000133514404,4.21999979019165,122541,0.0,0.0
2020-07-07 00:00:00+03:00,4.21999979019165,4.21999979019165,4.099999904632568,4.099999904632568,25855,0.0,0.0
2020-07-08 00:00:00+03:00,4.190000057220459,4.190000057220459,4.079999923706055,4.119999885559082,1153,0.0,0.0
2020-07-09 00:00:00+03:00,4.130000114440918,4.179999828338623,4.010000228881836,4.179999828338623,4608,0.0,0.0
2020-07-10 00:00:00+03:00,4.079999923706055,4.099999904632568,4.0,4.010000228881836,27032,0.0,0.0
2020-07-13 00:00:00+03:00,4.005000114440918,4.110000133514404,4.0,4.079999923706055,4210,0.0,0.0
2020-07-14 00:00:00+03:00,4.085000038146973,4.364999771118164,4.025000095367432,4.260000228881836,135447,0.0,0.0
2020-07-15 00:00:00+03:00,4.369999885559082,4.5,4.25,4.275000095367432,234059,0.0,0.0
2020-07-16 00:00:00+03:00,4.446000099182129,4.699999809265137,4.25,4.25,249271,0.0,0.0
2020-07-17 00:00:00+03:00,4.257999897003174,4.369999885559082,4.199999809265137,4.329999923706055,32835,0.0,0.0
2020-07-20 00:00:00+03:00,4.329999923706055,4.498000144958496,4.136000156402588,4.360000133514404,9939,0.0,0.0
2020-07-21 00:00:00+03:00,4.400000095367432,4.400000095367432,4.202000141143799,4.360000133514404,12284,0.0,0.0
2020-07-22 00:00:00+03:00,4.3979997634887695,4.420000076293945,4.25,4.320000171661377,14630,0.0,0.0
2020-07-23 00:00:00+03:00,4.400000095367432,4.400000095367432,4.185999870300293,4.303999900817871,75310,0.0,0.0
2020-07-24 00:00:00+03:00,4.303999900817871,4.303999900817871,3.9100000858306885,4.010000228881836,287836,0.0,0.0
2020-07-27 00:00:00+03:00,4.01200008392334,4.199999809265137,4.010000228881836,4.01200008392334,105737,0.0,0.0
2020-07-28 00:00:00+03:00,4.079999923706055,4.119999885559082,4.038000106811523,4.050000190734863,36449,0.0,0.0
2020-07-29 00:00:00+03:00,4.050000190734863,4.190000057220459,4.050000190734863,4.052000045776367,116708,0.0,0.0
2020-07-30 00:00:00+03:00,4.3480000495910645,4.3480000495910645,4.061999797821045,4.061999797821045,5357,0.0,0.0
2020-07-31 00:00:00+03:00,4.061999797821045,4.25,4.061999797821045,4.159999847412109,23086,0.0,0.0
2020-08-03 00:00:00+03:00,4.199999809265137,4.199999809265137,4.076000213623047,4.076000213623047,4813,0.0,0.0
2020-08-04 00:00:00+03:00,4.072000026702881,4.210000038146973,4.072000026702881,4.110000133514404,5351,0.0,0.0
2020-08-05 00:00:00+03:00,4.110000133514404,4.248000144958496,4.110000133514404,4.130000114440918,4266,0.0,0.0
2020-08-06 00:00:00+03:00,4.070000171661377,4.245999813079834,4.070000171661377,4.208000183105469,7553,0.0,0.0
2020-08-07 00:00:00+03:00,4.349999904632568,4.349999904632568,4.199999809265137,4.291999816894531,2174,0.0,0.0
2020-08-10 00:00:00+03:00,4.291999816894531,4.300000190734863,4.119999885559082,4.196000099182129,92310,0.0,0.0
2020-08-11 00:00:00+03:00,4.21999979019165,4.21999979019165,4.050000190734863,4.050000190734863,39816,0.0,0.0
2020-08-12 00:00:00+03:00,4.067999839782715,4.067999839782715,4.010000228881836,4.010000228881836,33583,0.0,0.0
2020-08-13 00:00:00+03:00,4.01200008392334,4.441999912261963,4.01200008392334,4.438000202178955,142801,0.0,0.0
2020-08-14 00:00:00+03:00,4.458000183105469,4.947999954223633,4.438000202178955,4.599999904632568,108024,0.0,0.0
2020-08-17 00:00:00+03:00,4.797999858856201,4.860000133514404,4.599999904632568,4.769999980926514,77893,0.0,0.0
2020-08-18 00:00:00+03:00,4.751999855041504,4.769999980926514,4.429999828338623,4.699999809265137,16926,0.0,0.0
2020-08-19 00:00:00+03:00,4.619999885559082,4.691999912261963,4.449999809265137,4.449999809265137,5836,0.0,0.0
2020-08-20 00:00:00+03:00,4.449999809265137,4.6479997634887695,4.449999809265137,4.5,5404,0.0,0.0
2020-08-21 00:00:00+03:00,4.5,4.6479997634887695,4.449999809265137,4.449999809265137,6643,0.0,0.0
2020-08-24 00:00:00+03:00,4.627999782562256,4.693999767303467,4.400000095367432,4.400000095367432,7525,0.0,0.0
2020-08-25 00:00:00+03:00,4.599999904632568,4.769999980926514,4.440000057220459,4.510000228881836,48632,0.0,0.0
2020-08-26 00:00:00+03:00,4.644000053405762,4.644000053405762,4.4019999504089355,4.599999904632568,8387,0.0,0.0
2020-08-27 00:00:00+03:00,4.400000095367432,4.556000232696533,4.400000095367432,4.400000095367432,27319,0.0,0.0
2020-08-28 00:00:00+03:00,4.5980000495910645,4.788000106811523,4.567999839782715,4.7820000648498535,84551,0.0,0.0
2020-08-31 00:00:00+03:00,4.5920000076293945,4.8480000495910645,4.492000102996826,4.552000045776367,33761,0.0,0.0
2020-09-01 00:00:00+03:00,4.668000221252441,4.668000221252441,4.400000095367432,4.449999809265137,74694,0.0,0.0
2020-09-02 00:00:00+03:00,4.5980000495910645,4.5980000495910645,4.409999847412109,4.47599983215332,105561,0.0,0.0
2020-09-03 00:00:00+03:00,4.480000019073486,4.590000152587891,4.449999809265137,4.510000228881836,11979,0.0,0.0
2020-09-04 00:00:00+03:00,4.46999979019165,4.51800012588501,4.400000095367432,4.449999809265137,14529,0.0,0.0
2020-09-07 00:00:00+03:00,4.447999954223633,4.5,4.400000095367432,4.4039998054504395,25465,0.0,0.0
2020-09-08 00:00:00+03:00,4.4039998054504395,4.447999954223633,4.355999946594238,4.361999988555908,56591,0.0,0.0
2020-09-09 00:00:00+03:00,4.400000095367432,4.400000095367432,4.349999904632568,4.349999904632568,6045,0.0,0.0
2020-09-10 00:00:00+03:00,4.369999885559082,4.383999824523926,4.302000045776367,4.320000171661377,7213,0.0,0.0
2020-09-11 00:00:00+03:00,4.380000114440918,4.449999809265137,4.320000171661377,4.320000171661377,47996,0.0,0.0
2020-09-14 00:00:00+03:00,4.492000102996826,4.498000144958496,4.300000190734863,4.440000057220459,7534,0.0,0.0
2020-09-15 00:00:00+03:00,4.480000019073486,4.49399995803833,4.300000190734863,4.374000072479248,23780,0.0,0.0
2020-09-16 00:00:00+03:00,4.374000072479248,4.374000072479248,4.309999942779541,4.357999801635742,4507,0.0,0.0
2020-09-17 00:00:00+03:00,4.311999797821045,4.375999927520752,4.311999797821045,4.374000072479248,3802,0.0,0.0
2020-09-18 00:00:00+03:00,4.380000114440918,4.400000095367432,4.300000190734863,4.3480000495910645,57964,0.0,0.0
2020-09-21 00:00:00+03:00,4.300000190734863,4.480000019073486,4.202000141143799,4.480000019073486,44898,0.0,0.0
2020-09-22 00:00:00+03:00,4.480000019073486,4.480000019073486,4.2820000648498535,4.288000106811523,7951,0.0,0.0
2020-09-23 00:00:00+03:00,4.3379998207092285,4.394000053405762,4.263999938964844,4.349999904632568,4780,0.0,0.0
2020-09-24 00:00:00+03:00,4.25,4.400000095367432,4.210000038146973,4.400000095367432,14675,0.0,0.0
2020-09-25 00:00:00+03:00,4.400000095367432,4.400000095367432,4.25,4.271999835968018,25753,0.0,0.0
2020-09-28 00:00:00+03:00,4.271999835968018,4.394000053405762,4.271999835968018,4.355999946594238,630,0.0,0.0
2020-09-29 00:00:00+03:00,4.354000091552734,4.380000114440918,4.251999855041504,4.25600004196167,5433,0.0,0.0
2020-09-30 00:00:00+03:00,4.3420000076293945,4.3420000076293945,4.260000228881836,4.26200008392334,3987,0.0,0.0
2020-10-01 00:00:00+03:00,4.380000114440918,4.380000114440918,4.251999855041504,4.3480000495910645,4933,0.0,0.0
2020-10-02 00:00:00+03:00,4.3460001945495605,4.4039998054504395,4.300000190734863,4.400000095367432,10041,0.0,0.0
2020-10-05 00:00:00+03:00,4.400000095367432,4.5,4.306000232696533,4.5,8223,0.0,0.0
2020-10-06 00:00:00+03:00,4.400000095367432,4.5,4.3420000076293945,4.460000038146973,5027,0.0,0.0
2020-10-07 00:00:00+03:00,4.300000190734863,4.458000183105469,4.300000190734863,4.453999996185303,12199,0.0,0.0
2020-10-08 00:00:00+03:00,4.521999835968018,4.521999835968018,4.349999904632568,4.349999904632568,19310,0.0,0.0
2020-10-09 00:00:00+03:00,4.3520002365112305,4.578000068664551,4.329999923706055,4.349999904632568,31950,0.0,0.0
2020-10-12 00:00:00+03:00,4.2820000648498535,4.473999977111816,4.2820000648498535,4.400000095367432,43471,0.0,0.0
2020-10-13 00:00:00+03:00,4.400000095367432,4.400000095367432,4.349999904632568,4.360000133514404,4760,0.0,0.0
2020-10-14 00:00:00+03:00,4.360000133514404,4.400000095367432,4.349999904632568,4.360000133514404,13264,0.0,0.0
2020-10-15 00:00:00+03:00,4.3480000495910645,4.3480000495910645,4.251999855041504,4.309999942779541,6865,0.0,0.0
2020-10-16 00:00:00+03:00,4.302000045776367,4.309999942779541,4.21999979019165,4.309999942779541,74114,0.0,0.0
2020-10-19 00:00:00+03:00,4.340000152587891,4.447999954223633,4.223999977111816,4.223999977111816,6787,0.0,0.0
2020-10-20 00:00:00+03:00,4.25,4.547999858856201,4.216000080108643,4.438000202178955,69717,0.0,0.0
2020-10-21 00:00:00+03:00,4.559999942779541,4.559999942779541,4.349999904632568,4.400000095367432,74160,0.0,0.0
2020-10-22 00:00:00+03:00,4.498000144958496,4.498000144958496,4.289999961853027,4.329999923706055,9486,0.0,0.0
2020-10-23 00:00:00+03:00,4.328000068664551,4.4039998054504395,4.296000003814697,4.300000190734863,3920,0.0,0.0
2020-10-26 00:00:00+02:00,4.300000190734863,4.300000190734863,4.257999897003174,4.300000190734863,3814,0.0,0.0
2020-10-27 00:00:00+02:00,4.300000190734863,4.3480000495910645,4.203999996185303,4.300000190734863,83331,0.0,0.0
2020-10-28 00:00:00+02:00,4.300000190734863,4.300000190734863,4.019999980926514,4.039999961853027,136186,0.0,0.0
2020-10-29 00:00:00+02:00,4.039999961853027,4.056000232696533,3.9000000953674316,4.056000232696533,15454,0.0,0.0
2020-10-30 00:00:00+02:00,4.056000232696533,4.099999904632568,3.799999952316284,4.0980000495910645,3684,0.0,0.0
2020-11-02 00:00:00+02:00,4.099999904632568,4.1020002365112305,3.8559999465942383,3.9140000343322754,15950,0.0,0.0
2020-11-03 00:00:00+02:00,3.9179999828338623,3.9779999256134033,3.9000000953674316,3.9000000953674316,6741,0.0,0.0
2020-11-04 00:00:00+02:00,3.98799991607666,3.98799991607666,3.9000000953674316,3.9000000953674316,4931,0.0,0.0
2020-11-05 00:00:00+02:00,3.9860000610351562,3.9860000610351562,3.890000104904175,3.9100000858306885,5750,0.0,0.0
2020-11-06 00:00:00+02:00,3.9860000610351562,3.9860000610351562,3.9000000953674316,3.947999954223633,2758,0.0,0.0
2020-11-09 00:00:00+02:00,3.950000047683716,4.099999904632568,3.950000047683716,3.950000047683716,23980,0.0,0.0
2020-11-10 00:00:00+02:00,3.9820001125335693,4.113999843597412,3.9820001125335693,4.007999897003174,5163,0.0,0.0
2020-11-11 00:00:00+02:00,4.099999904632568,4.118000030517578,3.9539999961853027,3.9800000190734863,7808,0.0,0.0
2020-11-12 00:00:00+02:00,3.9800000190734863,4.099999904632568,3.9700000286102295,4.099999904632568,8691,0.0,0.0
2020-11-13 00:00:00+02:00,4.170000076293945,4.171999931335449,3.950000047683716,4.130000114440918,24501,0.0,0.0
2020-11-16 00:00:00+02:00,4.150000095367432,4.150000095367432,3.950000047683716,4.047999858856201,7815,0.0,0.0
2020-11-17 00:00:00+02:00,4.047999858856201,4.073999881744385,3.931999921798706,3.937999963760376,5023,0.0,0.0
2020-11-18 00:00:00+02:00,3.946000099182129,3.992000102996826,3.940000057220459,3.9600000381469727,6348,0.0,0.0
2020-11-19 00:00:00+02:00,3.940000057220459,4.0,3.9140000343322754,3.98799991607666,3061,0.0,0.0
2020-11-20 00:00:00+02:00,4.001999855041504,4.0879998207092285,3.9700000286102295,4.01800012588501,34942,0.0,0.0
2020-11-23 00:00:00+02:00,4.079999923706055,4.079999923706055,3.9619998931884766,3.997999906539917,20807,0.0,0.0
2020-11-24 00:00:00+02:00,4.059999942779541,4.2179999351501465,4.019999980926514,4.130000114440918,63613,0.0,0.0
2020-11-25 00:00:00+02:00,4.239999771118164,4.248000144958496,4.139999866485596,4.21999979019165,32597,0.0,0.0
2020-11-26 00:00:00+02:00,4.21999979019165,4.260000228881836,4.165999889373779,4.165999889373779,20932,0.0,0.0
2020-11-27 00:00:00+02:00,4.164000034332275,4.400000095367432,4.159999847412109,4.329999923706055,104140,0.0,0.0
2020-11-30 00:00:00+02:00,4.5,4.593999862670898,4.449999809265137,4.48799991607666,44106,0.0,0.0
2020-12-01 00:00:00+02:00,4.495999813079834,4.495999813079834,4.480000019073486,4.48799991607666,93522,0.0,0.0
2020-12-02 00:00:00+02:00,4.480000019073486,4.480000019073486,4.435999870300293,4.446000099182129,116376,0.0,0.0
2020-12-03 00:00:00+02:00,4.449999809265137,4.478000164031982,4.432000160217285,4.452000141143799,13888,0.0,0.0
2020-12-04 00:00:00+02:00,4.452000141143799,4.49399995803833,4.420000076293945,4.48199987411499,4401,0.0,0.0
2020-12-07 00:00:00+02:00,4.48199987411499,4.48199987411499,4.4019999504089355,4.46999979019165,4412,0.0,0.0
2020-12-08 00:00:00+02:00,4.432000160217285,4.48799991607666,4.432000160217285,4.48199987411499,104005,0.0,0.0
2020-12-09 00:00:00+02:00,4.480000019073486,4.5879998207092285,4.480000019073486,4.5879998207092285,18306,0.0,0.0
2020-12-10 00:00:00+02:00,4.659999847412109,4.705999851226807,4.636000156402588,4.696000099182129,12065,0.0,0.0
2020-12-11 00:00:00+02:00,4.690000057220459,4.809999942779541,4.636000156402588,4.809999942779541,29628,0.0,0.0
2020-12-14 00:00:00+02:00,4.809999942779541,5.0,4.800000190734863,4.949999809265137,166990,0.0,0.0
2020-12-15 00:00:00+02:00,5.0,5.065000057220459,4.949999809265137,4.989999771118164,29556,0.0,0.0
2020-12-16 00:00:00+02:00,5.0,5.0,4.791999816894531,4.797999858856201,14209,0.0,0.0
2020-12-17 00:00:00+02:00,4.797999858856201,5.195000171661377,4.734000205993652,5.0,23742,0.0,0.0
2020-12-18 00:00:00+02:00,5.15500020980835,5.925000190734863,5.15500020980835,5.800000190734863,258833,0.0,0.0
2020-12-21 00:00:00+02:00,5.849999904632568,5.849999904632568,5.704999923706055,5.75,100692,0.0,0.0
2020-12-22 00:00:00+02:00,5.804999828338623,5.900000095367432,5.75,5.75,75768,0.0,0.0
2020-12-23 00:00:00+02:00,5.815000057220459,6.599999904632568,5.815000057220459,6.110000133514404,428987,0.0,0.0
2020-12-28 00:00:00+02:00,6.25,7.09499979019165,6.25,6.835000038146973,319073,0.0,0.0
2020-12-29 00:00:00+02:00,7.105000019073486,7.295000076293945,6.900000095367432,6.994999885559082,88230,0.0,0.0
2020-12-30 00:00:00+02:00,7.179999828338623,8.0,6.900000095367432,7.079999923706055,113106,0.0,0.0
2021-01-04 00:00:00+02:00,7.175000190734863,7.195000171661377,6.760000228881836,6.784999847412109,75700,0.0,0.0
2021-01-05 00:00:00+02:00,6.78000020980835,6.78000020980835,6.15500020980835,6.34499979019165,67150,0.0,0.0
2021-01-07 00:00:00+02:00,6.400000095367432,6.519999980926514,5.980000019073486,6.210000038146973,96220,0.0,0.0
2021-01-08 00:00:00+02:00,6.204999923706055,6.210000038146973,6.054999828338623,6.099999904632568,196956,0.0,0.0
2021-01-11 00:00:00+02:00,6.099999904632568,6.300000190734863,5.965000152587891,6.0,45408,0.0,0.0
2021-01-12 00:00:00+02:00,6.005000114440918,6.400000095367432,6.0,6.400000095367432,132921,0.0,0.0
2021-01-13 00:00:00+02:00,6.400000095367432,6.639999866485596,6.340000152587891,6.639999866485596,52181,0.0,0.0
2021-01-14 00:00:00+02:00,6.684999942779541,6.684999942779541,6.300000190734863,6.585000038146973,41538,0.0,0.0
2021-01-15 00:00:00+02:00,6.599999904632568,6.599999904632568,6.105000019073486,6.260000228881836,45221,0.0,0.0
2021-01-18 00:00:00+02:00,6.5,6.59499979019165,6.199999809265137,6.5,43336,0.0,0.0
2021-01-19 00:00:00+02:00,6.5,6.59499979019165,6.304999828338623,6.494999885559082,36417,0.0,0.0
2021-01-20 00:00:00+02:00,6.525000095367432,6.579999923706055,6.364999771118164,6.369999885559082,31770,0.0,0.0
2021-01-21 00:00:00+02:00,6.559999942779541,6.800000190734863,6.465000152587891,6.75,60537,0.0,0.0
2021-01-22 00:00:00+02:00,7.5,8.0,6.96999979019165,7.5,486125,0.0,0.0
2021-01-25 00:00:00+02:00,7.480000019073486,7.480000019073486,7.210000038146973,7.289999961853027,156031,0.0,0.0
2021-01-26 00:00:00+02:00,7.449999809265137,7.485000133514404,7.224999904632568,7.449999809265137,319701,0.0,0.0
2021-01-27 00:00:00+02:00,7.449999809265137,7.559999942779541,7.315000057220459,7.434999942779541,87570,0.0,0.0
2021-01-28 00:00:00+02:00,7.425000190734863,7.425000190734863,6.755000114440918,7.199999809265137,86336,0.0,0.0
2021-01-29 00:00:00+02:00,7.360000133514404,7.360000133514404,6.914999961853027,7.179999828338623,33702,0.0,0.0
2021-02-01 00:00:00+02:00,7.184999942779541,7.5,7.184999942779541,7.449999809265137,64730,0.0,0.0
2021-02-02 00:00:00+02:00,7.480000019073486,7.5,7.449999809265137,7.5,20385,0.0,0.0
2021-02-03 00:00:00+02:00,7.5,7.5,7.46999979019165,7.5,43520,0.0,0.0
2021-02-04 00:00:00+02:00,7.5,7.5,7.329999923706055,7.480000019073486,58997,0.0,0.0
2021-02-05 00:00:00+02:00,7.494999885559082,7.554999828338623,7.449999809265137,7.449999809265137,265931,0.0,0.0
2021-02-08 00:00:00+02:00,7.494999885559082,7.5,7.400000095367432,7.400000095367432,36924,0.0,0.0
2021-02-09 00:00:00+02:00,7.449999809265137,7.5,7.300000190734863,7.300000190734863,33662,0.0,0.0
2021-02-10 00:00:00+02:00,7.5,7.545000076293945,7.284999847412109,7.489999771118164,45084,0.0,0.0
2021-02-11 00:00:00+02:00,7.494999885559082,7.519999980926514,7.355000019073486,7.449999809265137,33067,0.0,0.0
2021-02-12 00:00:00+02:00,7.304999828338623,7.489999771118164,7.304999828338623,7.440000057220459,20846,0.0,0.0
2021-02-15 00:00:00+02:00,7.454999923706055,7.5,7.449999809265137,7.46999979019165,21128,0.0,0.0
2021-02-16 00:00:00+02:00,7.5,7.675000190734863,7.460000038146973,7.5,35410,0.0,0.0
2021-02-17 00:00:00+02:00,7.5,7.78000020980835,7.5,7.730000019073486,33077,0.0,0.0
2021-02-18 00:00:00+02:00,7.760000228881836,7.784999847412109,7.559999942779541,7.735000133514404,16902,0.0,0.0
2021-02-19 00:00:00+02:00,7.735000133514404,7.940000057220459,7.735000133514404,7.860000133514404,36358,0.0,0.0
2021-02-22 00:00:00+02:00,7.894999980926514,8.0,7.835000038146973,7.849999904632568,27403,0.0,0.0
2021-02-23 00:00:00+02:00,7.945000171661377,8.350000381469727,7.90500020980835,8.350000381469727,88841,0.0,0.0
2021-02-24 00:00:00+02:00,8.425000190734863,8.800000190734863,8.425000190734863,8.5,113585,0.0,0.0
2021-02-25 00:00:00+02:00,8.595000267028809,8.649999618530273,8.015000343322754,8.119999885559082,35793,0.0,0.0
2021-02-26 00:00:00+02:00,7.900000095367432,7.900000095367432,7.099999904632568,7.894999980926514,105920,0.0,0.0
2021-03-01 00:00:00+02:00,7.90500020980835,8.449999809265137,7.90500020980835,8.0,49807,0.0,0.0
2021-03-02 00:00:00+02:00,8.319999694824219,8.329999923706055,8.0,8.0,26625,0.0,0.0
2021-03-03 00:00:00+02:00,8.180000305175781,8.300000190734863,7.784999847412109,8.050000190734863,60976,0.0,0.0
2021-03-04 00:00:00+02:00,8.0,8.114999771118164,7.800000190734863,7.900000095367432,17107,0.0,0.0
2021-03-05 00:00:00+02:00,7.900000095367432,8.135000228881836,7.730000019073486,7.940000057220459,32459,0.0,0.0
2021-03-08 00:00:00+02:00,7.949999809265137,8.050000190734863,7.855000019073486,7.949999809265137,30468,0.0,0.0
2021-03-09 00:00:00+02:00,7.945000171661377,7.945000171661377,7.199999809265137,7.639999866485596,22611,0.0,0.0
2021-03-10 00:00:00+02:00,7.40500020980835,7.434999942779541,7.059999942779541,7.224999904632568,391468,0.0,0.0
2021-03-11 00:00:00+02:00,7.195000171661377,7.355000019073486,7.090000152587891,7.090000152587891,164266,0.0,0.0
2021-03-12 00:00:00+02:00,7.369999885559082,7.425000190734863,7.139999866485596,7.335000038146973,57755,0.0,0.0
2021-03-15 00:00:00+02:00,7.335000038146973,7.400000095367432,7.335000038146973,7.335000038146973,43462,0.0,0.0
2021-03-16 00:00:00+02:00,7.394999980926514,7.414999961853027,7.199999809265137,7.199999809265137,54036,0.0,0.0
2021-03-17 00:00:00+02:00,7.199999809265137,7.34499979019165,7.199999809265137,7.269999980926514,17343,0.0,0.0
2021-03-18 00:00:00+02:00,7.320000171661377,7.320000171661377,7.099999904632568,7.25,15358,0.0,0.0
2021-03-19 00:00:00+02:00,7.284999847412109,7.284999847412109,7.179999828338623,7.190000057220459,20241,0.0,0.0
2021-03-22 00:00:00+02:00,7.190000057220459,7.260000228881836,7.144999980926514,7.184999942779541,17980,0.0,0.0
2021-03-23 00:00:00+02:00,7.284999847412109,7.284999847412109,7.099999904632568,7.105000019073486,37884,0.0,0.0
2021-03-24 00:00:00+02:00,7.184999942779541,7.184999942779541,7.045000076293945,7.045000076293945,18069,0.0,0.0
2021-03-25 00:00:00+02:00,7.065000057220459,7.065000057220459,6.934999942779541,7.005000114440918,36490,0.0,0.0
2021-03-26 00:00:00+02:00,7.284999847412109,7.284999847412109,7.159999847412109,7.230000019073486,30450,0.0,0.0
2021-03-29 00:00:00+03:00,7.235000133514404,7.425000190734863,7.235000133514404,7.34499979019165,28950,0.0,0.0
2021-03-30 00:00:00+03:00,7.340000152587891,7.394999980926514,7.125,7.289999961853027,49995,0.0,0.0
2021-03-31 00:00:00+03:00,7.289999961853027,7.465000152587891,7.199999809265137,7.25,43028,0.0,0.0
2021-04-01 00:00:00+03:00,7.119999885559082,7.360000133514404,6.800000190734863,6.949999809265137,41749,0.0,0.0
2021-04-06 00:00:00+03:00,7.0,7.239999771118164,7.0,7.239999771118164,56784,0.0,0.0
2021-04-07 00:00:00+03:00,7.190000057220459,7.25,7.119999885559082,7.179999828338623,373793,0.0,0.0
2021-04-08 00:00:00+03:00,7.300000190734863,7.300000190734863,7.199999809265137,7.28000020980835,25570,0.0,0.0
2021-04-09 00:00:00+03:00,7.289999961853027,7.300000190734863,7.25,7.300000190734863,21192,0.0,0.0
2021-04-12 00:00:00+03:00,7.300000190734863,7.420000076293945,7.300000190734863,7.360000133514404,26174,0.0,0.0
2021-04-13 00:00:00+03:00,7.360000133514404,7.389999866485596,7.28000020980835,7.360000133514404,30892,0.0,0.0
2021-04-14 00:00:00+03:00,7.400000095367432,7.440000057220459,7.340000152587891,7.340000152587891,27948,0.0,0.0
2021-04-15 00:00:00+03:00,7.300000190734863,7.340000152587891,7.199999809265137,7.300000190734863,19014,0.0,0.0
2021-04-16 00:00:00+03:00,7.340000152587891,7.360000133514404,7.199999809265137,7.199999809265137,24611,0.0,0.0
2021-04-19 00:00:00+03:00,7.210000038146973,7.28000020980835,7.059999942779541,7.179999828338623,38910,0.0,0.0
2021-04-20 00:00:00+03:00,7.179999828338623,7.199999809265137,7.039999961853027,7.170000076293945,45060,0.0,0.0
2021-04-21 00:00:00+03:00,7.170000076293945,7.170000076293945,7.03000020980835,7.139999866485596,29032,0.0,0.0
2021-04-22 00:00:00+03:00,7.099999904632568,7.28000020980835,7.099999904632568,7.21999979019165,27758,0.0,0.0
2021-04-23 00:00:00+03:00,7.260000228881836,7.360000133514404,7.21999979019165,7.25,696408,0.0,0.0
2021-04-26 00:00:00+03:00,7.25,7.260000228881836,7.070000171661377,7.179999828338623,27118,0.0,0.0
2021-04-27 00:00:00+03:00,7.139999866485596,7.179999828338623,7.110000133514404,7.119999885559082,25572,0.0,0.0
2021-04-28 00:00:00+03:00,7.309999942779541,7.309999942779541,7.0,7.03000020980835,48673,0.0,0.0
2021-04-29 00:00:00+03:00,7.050000190734863,7.150000095367432,6.96999979019165,7.079999923706055,17709,0.0,0.0
2021-04-30 00:00:00+03:00,7.0,7.059999942779541,6.96999979019165,7.0,14403,0.0,0.0
2021-05-03 00:00:00+03:00,7.0,7.0,6.929999828338623,6.989999771118164,63894,0.0,0.0
2021-05-04 00:00:00+03:00,6.960000038146973,6.96999979019165,6.829999923706055,6.829999923706055,30131,0.0,0.0
2021-05-05 00:00:00+03:00,6.820000171661377,6.820000171661377,6.610000133514404,6.739999771118164,18851,0.0,0.0
2021-05-06 00:00:00+03:00,6.739999771118164,6.739999771118164,6.449999809265137,6.5,72987,0.0,0.0
2021-05-07 00:00:00+03:00,6.480000019073486,6.699999809265137,6.309999942779541,6.699999809265137,122854,0.0,0.0
2021-05-10 00:00:00+03:00,6.699999809265137,6.789999961853027,6.409999847412109,6.409999847412109,29978,0.0,0.0
2021-05-11 00:00:00+03:00,6.369999885559082,6.369999885559082,5.940000057220459,5.96999979019165,272242,0.0,0.0
2021-05-12 00:00:00+03:00,5.929999828338623,6.369999885559082,5.840000152587891,6.210000038146973,38010,0.0,0.0
2021-05-14 00:00:00+03:00,6.0,6.239999771118164,6.0,6.079999923706055,11095,0.0,0.0
2021-05-17 00:00:00+03:00,6.0,6.340000152587891,6.0,6.28000020980835,38218,0.0,0.0
2021-05-18 00:00:00+03:00,6.539999961853027,6.769999980926514,6.409999847412109,6.599999904632568,46558,0.0,0.0
2021-05-19 00:00:00+03:00,6.739999771118164,6.739999771118164,6.5,6.599999904632568,40271,0.0,0.0
2021-05-20 00:00:00+03:00,6.739999771118164,6.739999771118164,6.460000038146973,6.659999847412109,17031,0.0,0.0
2021-05-21 00:00:00+03:00,6.78000020980835,7.0,6.5,6.5,69585,0.0,0.0
2021-05-24 00:00:00+03:00,6.449999809265137,7.099999904632568,6.420000076293945,6.5,32706,0.0,0.0
2021-05-25 00:00:00+03:00,6.539999961853027,6.829999923706055,6.309999942779541,6.340000152587891,61616,0.0,0.0
2021-05-26 00:00:00+03:00,6.570000171661377,6.570000171661377,6.269999980926514,6.309999942779541,26704,0.0,0.0
2021-05-27 00:00:00+03:00,6.78000020980835,6.869999885559082,6.519999980926514,6.599999904632568,68158,0.0,0.0
2021-05-28 00:00:00+03:00,6.599999904632568,6.699999809265137,6.369999885559082,6.389999866485596,93119,0.0,0.0
2021-05-31 00:00:00+03:00,6.389999866485596,6.699999809265137,6.389999866485596,6.679999828338623,41862,0.0,0.0
2021-06-01 00:00:00+03:00,6.699999809265137,6.699999809265137,6.510000228881836,6.510000228881836,28065,0.0,0.0
2021-06-02 00:00:00+03:00,6.699999809265137,7.139999866485596,6.590000152587891,7.059999942779541,131424,0.0,0.0
2021-06-03 00:00:00+03:00,7.059999942779541,7.119999885559082,6.96999979019165,7.0,158755,0.0,0.0
2021-06-04 00:00:00+03:00,7.190000057220459,7.440000057220459,7.050000190734863,7.400000095367432,62841,0.0,0.0
2021-06-07 00:00:00+03:00,7.659999847412109,7.849999904632568,7.550000190734863,7.599999904632568,74276,0.0,0.0
2021-06-08 00:00:00+03:00,7.800000190734863,7.800000190734863,7.599999904632568,7.599999904632568,9918,0.0,0.0
2021-06-09 00:00:00+03:00,7.800000190734863,7.800000190734863,7.099999904632568,7.489999771118164,48883,0.0,0.0
2021-06-10 00:00:00+03:00,7.5,7.5,7.289999961853027,7.400000095367432,17601,0.0,0.0
2021-06-11 00:00:00+03:00,7.400000095367432,7.400000095367432,7.150000095367432,7.199999809265137,28551,0.0,0.0
2021-06-14 00:00:00+03:00,7.199999809265137,7.400000095367432,7.139999866485596,7.210000038146973,10848,0.0,0.0
2021-06-15 00:00:00+03:00,7.179999828338623,7.179999828338623,6.909999847412109,6.989999771118164,27799,0.0,0.0
2021-06-16 00:00:00+03:00,7.0,7.0,6.760000228881836,6.949999809265137,10294,0.0,0.0
2021-06-17 00:00:00+03:00,7.199999809265137,7.199999809265137,6.75,6.820000171661377,7955,0.0,0.0
2021-06-18 00:00:00+03:00,6.900000095367432,7.070000171661377,6.800000190734863,6.860000133514404,19933,0.0,0.0
2021-06-21 00:00:00+03:00,7.0,7.0,6.559999942779541,6.78000020980835,11482,0.0,0.0
2021-06-22 00:00:00+03:00,6.769999980926514,6.789999961853027,6.659999847412109,6.739999771118164,1306,0.0,0.0
2021-06-23 00:00:00+03:00,6.650000095367432,6.869999885559082,6.570000171661377,6.809999942779541,22533,0.0,0.0
2021-06-24 00:00:00+03:00,6.829999923706055,7.179999828338623,6.829999923706055,7.019999980926514,10641,0.0,0.0
2021-06-28 00:00:00+03:00,7.099999904632568,7.139999866485596,6.880000114440918,6.980000019073486,25137,0.0,0.0
2021-06-29 00:00:00+03:00,7.0,7.130000114440918,6.650000095367432,7.130000114440918,34340,0.0,0.0
2021-06-30 00:00:00+03:00,7.130000114440918,7.150000095367432,7.099999904632568,7.130000114440918,6124,0.0,0.0
2021-07-01 00:00:00+03:00,7.0,7.139999866485596,6.739999771118164,6.739999771118164,14728,0.0,0.0
2021-07-02 00:00:00+03:00,6.760000228881836,7.179999828338623,6.760000228881836,7.139999866485596,20226,0.0,0.0
2021-07-05 00:00:00+03:00,7.139999866485596,7.150000095367432,7.0,7.119999885559082,6224,0.0,0.0
2021-07-06 00:00:00+03:00,7.119999885559082,7.190000057220459,7.119999885559082,7.130000114440918,5330,0.0,0.0
2021-07-07 00:00:00+03:00,7.130000114440918,7.190000057220459,7.099999904632568,7.139999866485596,3784,0.0,0.0
2021-07-08 00:00:00+03:00,7.0,7.139999866485596,7.0,7.070000171661377,10013,0.0,0.0
2021-07-09 00:00:00+03:00,7.070000171661377,7.150000095367432,6.920000076293945,6.980000019073486,15791,0.0,0.0
2021-07-12 00:00:00+03:00,6.980000019073486,7.090000152587891,6.980000019073486,7.010000228881836,16494,0.0,0.0
2021-07-13 00:00:00+03:00,7.010000228881836,7.099999904632568,6.980000019073486,7.0,13950,0.0,0.0
2021-07-14 00:00:00+03:00,7.010000228881836,7.170000076293945,7.010000228881836,7.139999866485596,9002,0.0,0.0
2021-07-15 00:00:00+03:00,7.0,7.139999866485596,7.0,7.039999961853027,9597,0.0,0.0
2021-07-16 00:00:00+03:00,7.0,7.090000152587891,7.0,7.050000190734863,2680,0.0,0.0
2021-07-19 00:00:00+03:00,6.800000190734863,7.119999885559082,6.800000190734863,7.039999961853027,8267,0.0,0.0
2021-07-20 00:00:00+03:00,7.079999923706055,7.079999923706055,6.860000133514404,6.900000095367432,12699,0.0,0.0
2021-07-21 00:00:00+03:00,7.0,7.019999980926514,6.929999828338623,6.929999828338623,5019,0.0,0.0
2021-07-22 00:00:00+03:00,7.0,7.03000020980835,6.889999866485596,7.0,26898,0.0,0.0
2021-07-23 00:00:00+03:00,6.940000057220459,7.099999904632568,6.849999904632568,7.099999904632568,57633,0.0,0.0
2021-07-26 00:00:00+03:00,7.170000076293945,7.170000076293945,6.75,6.929999828338623,56814,0.0,0.0
2021-07-27 00:00:00+03:00,6.880000114440918,7.099999904632568,6.800000190734863,7.090000152587891,48368,0.0,0.0
2021-07-28 00:00:00+03:00,7.090000152587891,7.159999847412109,7.039999961853027,7.130000114440918,8448,0.0,0.0
2021-07-29 00:00:00+03:00,7.150000095367432,7.159999847412109,7.059999942779541,7.139999866485596,8254,0.0,0.0
2021-07-30 00:00:00+03:00,7.139999866485596,7.139999866485596,7.010000228881836,7.099999904632568,12721,0.0,0.0
2021-08-02 00:00:00+03:00,7.099999904632568,7.349999904632568,7.099999904632568,7.230000019073486,10250,0.0,0.0
2021-08-03 00:00:00+03:00,7.400000095367432,7.579999923706055,7.400000095367432,7.579999923706055,60723,0.0,0.0
2021-08-04 00:00:00+03:00,7.579999923706055,7.699999809265137,7.579999923706055,7.699999809265137,8033,0.0,0.0
2021-08-05 00:00:00+03:00,8.0,8.0,7.329999923706055,7.369999885559082,15077,0.0,0.0
2021-08-06 00:00:00+03:00,7.090000152587891,7.289999961853027,6.980000019073486,6.980000019073486,11998,0.0,0.0
2021-08-09 00:00:00+03:00,7.25,7.25,6.849999904632568,6.869999885559082,13095,0.0,0.0
2021-08-10 00:00:00+03:00,7.099999904632568,7.099999904632568,6.900000095367432,7.0,7021,0.0,0.0
2021-08-11 00:00:00+03:00,7.199999809265137,7.199999809265137,6.75,6.800000190734863,33660,0.0,0.0
2021-08-12 00:00:00+03:00,6.900000095367432,6.900000095367432,6.739999771118164,6.900000095367432,9465,0.0,0.0
2021-08-13 00:00:00+03:00,6.900000095367432,7.0,6.820000171661377,7.0,5022,0.0,0.0
2021-08-16 00:00:00+03:00,7.0,7.03000020980835,6.900000095367432,7.019999980926514,7785,0.0,0.0
2021-08-17 00:00:00+03:00,7.019999980926514,7.21999979019165,6.840000152587891,7.039999961853027,9775,0.0,0.0
2021-08-18 00:00:00+03:00,7.239999771118164,7.239999771118164,6.96999979019165,7.03000020980835,12951,0.0,0.0
2021-08-19 00:00:00+03:00,7.03000020980835,7.03000020980835,6.900000095367432,6.900000095367432,10976,0.0,0.0
2021-08-20 00:00:00+03:00,6.949999809265137,6.96999979019165,6.849999904632568,6.96999979019165,7988,0.0,0.0
2021-08-23 00:00:00+03:00,6.96999979019165,7.25,6.860000133514404,7.019999980926514,15336,0.0,0.0
2021-08-24 00:00:00+03:00,6.909999847412109,7.159999847412109,6.909999847412109,6.96999979019165,10136,0.0,0.0
2021-08-25 00:00:00+03:00,7.150000095367432,7.150000095367432,6.96999979019165,7.059999942779541,12073,0.0,0.0
2021-08-26 00:00:00+03:00,7.150000095367432,7.5,7.150000095367432,7.349999904632568,19490,0.0,0.0
2021-08-27 00:00:00+03:00,7.349999904632568,7.5,7.289999961853027,7.429999828338623,24470,0.0,0.0
2021-08-30 00:00:00+03:00,7.5,7.5,7.289999961853027,7.409999847412109,19132,0.0,0.0
2021-08-31 00:00:00+03:00,7.349999904632568,7.409999847412109,7.190000057220459,7.28000020980835,22014,0.0,0.0
2021-09-01 00:00:00+03:00,7.260000228881836,7.369999885559082,7.110000133514404,7.110000133514404,77656,0.0,0.0
2021-09-02 00:00:00+03:00,7.110000133514404,7.110000133514404,7.010000228881836,7.03000020980835,196319,0.0,0.0
2021-09-03 00:00:00+03:00,7.110000133514404,7.190000057220459,7.099999904632568,7.170000076293945,110490,0.0,0.0
2021-09-06 00:00:00+03:00,7.260000228881836,7.920000076293945,7.260000228881836,7.590000152587891,44800,0.0,0.0
2021-09-07 00:00:00+03:00,7.539999961853027,7.730000019073486,7.460000038146973,7.559999942779541,41562,0.0,0.0
2021-09-08 00:00:00+03:00,7.590000152587891,7.78000020980835,7.460000038146973,7.639999866485596,17795,0.0,0.0
2021-09-09 00:00:00+03:00,7.900000095367432,8.0,7.769999980926514,7.940000057220459,73049,0.0,0.0
2021-09-10 00:00:00+03:00,8.0,8.100000381469727,7.769999980926514,7.829999923706055,35597,0.0,0.0
2021-09-13 00:00:00+03:00,7.900000095367432,7.940000057220459,7.5,7.590000152587891,13531,0.0,0.0
2021-09-14 00:00:00+03:00,7.590000152587891,7.75,7.53000020980835,7.679999828338623,30901,0.0,0.0
2021-09-15 00:00:00+03:00,7.670000076293945,7.670000076293945,7.159999847412109,7.400000095367432,37854,0.0,0.0
2021-09-16 00:00:00+03:00,7.289999961853027,7.769999980926514,7.289999961853027,7.610000133514404,24105,0.0,0.0
2021-09-17 00:00:00+03:00,7.699999809265137,7.989999771118164,7.650000095367432,7.78000020980835,28936,0.0,0.0
2021-09-20 00:00:00+03:00,7.78000020980835,7.869999885559082,7.210000038146973,7.46999979019165,49628,0.0,0.0
2021-09-21 00:00:00+03:00,7.199999809265137,7.679999828338623,7.159999847412109,7.619999885559082,32108,0.0,0.0
2021-09-22 00:00:00+03:00,7.619999885559082,7.880000114440918,7.5,7.71999979019165,8141,0.0,0.0
2021-09-23 00:00:00+03:00,7.659999847412109,8.0,7.659999847412109,7.960000038146973,21762,0.0,0.0
2021-09-24 00:00:00+03:00,8.0,8.09000015258789,7.699999809265137,7.699999809265137,33533,0.0,0.0
2021-09-27 00:00:00+03:00,7.869999885559082,7.909999847412109,7.579999923706055,7.75,15809,0.0,0.0
2021-09-28 00:00:00+03:00,7.449999809265137,7.769999980926514,7.440000057220459,7.5,13871,0.0,0.0
2021-09-29 00:00:00+03:00,7.5,8.710000038146973,7.5,8.0,67293,0.0,0.0
2021-09-30 00:00:00+03:00,8.069999694824219,8.279999732971191,8.0,8.100000381469727,49993,0.0,0.0
2021-10-01 00:00:00+03:00,8.100000381469727,8.149999618530273,7.909999847412109,8.100000381469727,25117,0.0,0.0
2021-10-04 00:00:00+03:00,8.100000381469727,8.100000381469727,7.5,7.5,14081,0.0,0.0
2021-10-05 00:00:00+03:00,7.75,7.940000057220459,7.730000019073486,7.800000190734863,9977,0.0,0.0
2021-10-06 00:00:00+03:00,7.510000228881836,8.140000343322754,7.349999904632568,7.519999980926514,38348,0.0,0.0
2021-10-07 00:00:00+03:00,7.519999980926514,7.929999828338623,7.519999980926514,7.840000152587891,4869,0.0,0.0
2021-10-08 00:00:00+03:00,7.869999885559082,7.869999885559082,7.699999809265137,7.869999885559082,11474,0.0,0.0
2021-10-11 00:00:00+03:00,8.0,8.0,7.760000228881836,7.800000190734863,10156,0.0,0.0
2021-10-12 00:00:00+03:00,7.800000190734863,7.989999771118164,7.710000038146973,7.869999885559082,7591,0.0,0.0
2021-10-13 00:00:00+03:00,7.800000190734863,7.849999904632568,7.71999979019165,7.820000171661377,70868,0.0,0.0
2021-10-14 00:00:00+03:00,7.889999866485596,8.0,7.75,7.849999904632568,10270,0.0,0.0
2021-10-15 00:00:00+03:00,8.0,8.0,7.739999771118164,7.900000095367432,7508,0.0,0.0
2021-10-18 00:00:00+03:00,7.900000095367432,7.989999771118164,7.75,7.900000095367432,11842,0.0,0.0
2021-10-19 00:00:00+03:00,7.940000057220459,7.949999809265137,7.710000038146973,7.820000171661377,7570,0.0,0.0
2021-10-20 00:00:00+03:00,7.820000171661377,7.880000114440918,7.730000019073486,7.880000114440918,17411,0.0,0.0
2021-10-21 00:00:00+03:00,7.949999809265137,7.949999809265137,7.760000228881836,7.849999904632568,8681,0.0,0.0
2021-10-22 00:00:00+03:00,7.800000190734863,7.880000114440918,7.599999904632568,7.599999904632568,10574,0.0,0.0
2021-10-25 00:00:00+03:00,7.599999904632568,7.840000152587891,7.409999847412109,7.460000038146973,15078,0.0,0.0
2021-10-26 00:00:00+03:00,7.519999980926514,7.539999961853027,7.409999847412109,7.5,91102,0.0,0.0
2021-10-27 00:00:00+03:00,7.510000228881836,7.769999980926514,7.510000228881836,7.570000171661377,6216,0.0,0.0
2021-10-28 00:00:00+03:00,7.550000190734863,7.670000076293945,7.420000076293945,7.5,5928,0.0,0.0
2021-10-29 00:00:00+03:00,7.5,7.539999961853027,7.409999847412109,7.409999847412109,3056,0.0,0.0
2021-11-01 00:00:00+02:00,7.5,7.650000095367432,7.25,7.400000095367432,5671,0.0,0.0
2021-11-02 00:00:00+02:00,7.400000095367432,7.730000019073486,7.309999942779541,7.539999961853027,12719,0.0,0.0
2021-11-03 00:00:00+02:00,7.800000190734863,7.800000190734863,7.179999828338623,7.25,18791,0.0,0.0
2021-11-04 00:00:00+02:00,7.21999979019165,7.449999809265137,7.210000038146973,7.309999942779541,10167,0.0,0.0
2021-11-05 00:00:00+02:00,7.329999923706055,7.570000171661377,7.320000171661377,7.400000095367432,67317,0.0,0.0
2021-11-08 00:00:00+02:00,7.360000133514404,7.369999885559082,7.300000190734863,7.300000190734863,14116,0.0,0.0
2021-11-09 00:00:00+02:00,7.309999942779541,7.380000114440918,7.019999980926514,7.289999961853027,13886,0.0,0.0
2021-11-10 00:00:00+02:00,7.349999904632568,7.349999904632568,7.03000020980835,7.300000190734863,21884,0.0,0.0
2021-11-11 00:00:00+02:00,7.300000190734863,7.369999885559082,7.190000057220459,7.28000020980835,5741,0.0,0.0
2021-11-12 00:00:00+02:00,7.369999885559082,7.71999979019165,7.21999979019165,7.360000133514404,14465,0.0,0.0
2021-11-15 00:00:00+02:00,7.510000228881836,7.650000095367432,7.019999980926514,7.539999961853027,531888,0.0,0.0
2021-11-16 00:00:00+02:00,7.789999961853027,7.789999961853027,7.449999809265137,7.519999980926514,20912,0.0,0.0
2021-11-17 00:00:00+02:00,7.769999980926514,7.769999980926514,7.429999828338623,7.5,10506,0.0,0.0
2021-11-18 00:00:00+02:00,7.550000190734863,7.570000171661377,7.159999847412109,7.159999847412109,8779,0.0,0.0
2021-11-19 00:00:00+02:00,7.559999942779541,7.559999942779541,7.150000095367432,7.150000095367432,10646,0.0,0.0
2021-11-22 00:00:00+02:00,7.380000114440918,7.380000114440918,7.010000228881836,7.059999942779541,10211,0.0,0.0
2021-11-23 00:00:00+02:00,7.010000228881836,7.050000190734863,6.929999828338623,6.960000038146973,14748,0.0,0.0
2021-11-24 00:00:00+02:00,6.960000038146973,7.010000228881836,6.900000095367432,6.949999809265137,10172,0.0,0.0
2021-11-25 00:00:00+02:00,7.050000190734863,7.050000190734863,6.699999809265137,6.789999961853027,17454,0.0,0.0
2021-11-26 00:00:00+02:00,6.849999904632568,7.0,6.590000152587891,6.699999809265137,44057,0.0,0.0
2021-11-29 00:00:00+02:00,6.699999809265137,6.900000095367432,6.309999942779541,6.900000095367432,38976,0.0,0.0
2021-11-30 00:00:00+02:00,6.900000095367432,6.900000095367432,6.559999942779541,6.800000190734863,9012,0.0,0.0
2021-12-01 00:00:00+02:00,6.570000171661377,6.789999961853027,6.570000171661377,6.75,15551,0.0,0.0
2021-12-02 00:00:00+02:00,6.75,6.75,6.559999942779541,6.619999885559082,12389,0.0,0.0
2021-12-03 00:00:00+02:00,6.619999885559082,6.619999885559082,6.420000076293945,6.599999904632568,12329,0.0,0.0
2021-12-07 00:00:00+02:00,6.599999904632568,6.699999809265137,6.389999866485596,6.699999809265137,21367,0.0,0.0
2021-12-08 00:00:00+02:00,6.699999809265137,6.849999904632568,6.489999771118164,6.619999885559082,11384,0.0,0.0
2021-12-09 00:00:00+02:00,6.699999809265137,6.849999904632568,6.400000095367432,6.579999923706055,81985,0.0,0.0
2021-12-10 00:00:00+02:00,6.46999979019165,6.579999923706055,6.300000190734863,6.5,20809,0.0,0.0
2021-12-13 00:00:00+02:00,6.5,6.550000190734863,6.380000114440918,6.389999866485596,20202,0.0,0.0
2021-12-14 00:00:00+02:00,6.579999923706055,6.579999923706055,6.309999942779541,6.449999809265137,15789,0.0,0.0
2021-12-15 00:00:00+02:00,6.480000019073486,6.480000019073486,6.309999942779541,6.320000171661377,6709,0.0,0.0
2021-12-16 00:00:00+02:00,6.420000076293945,6.489999771118164,6.179999828338623,6.460000038146973,10489,0.0,0.0
2021-12-17 00:00:00+02:00,6.460000038146973,6.460000038146973,6.340000152587891,6.380000114440918,4055,0.0,0.0
2021-12-20 00:00:00+02:00,6.380000114440918,6.480000019073486,6.079999923706055,6.119999885559082,11111,0.0,0.0
2021-12-21 00:00:00+02:00,6.119999885559082,6.150000095367432,6.0,6.110000133514404,15467,0.0,0.0
2021-12-22 00:00:00+02:00,6.110000133514404,6.199999809265137,6.079999923706055,6.150000095367432,6873,0.0,0.0
2021-12-23 00:00:00+02:00,6.150000095367432,6.300000190734863,6.059999942779541,6.239999771118164,8580,0.0,0.0
2021-12-27 00:00:00+02:00,6.260000228881836,6.639999866485596,6.260000228881836,6.489999771118164,26900,0.0,0.0
2021-12-28 00:00:00+02:00,6.489999771118164,6.639999866485596,6.349999904632568,6.510000228881836,46260,0.0,0.0
2021-12-29 00:00:00+02:00,6.53000020980835,6.739999771118164,6.440000057220459,6.599999904632568,21929,0.0,0.0
2021-12-30 00:00:00+02:00,6.599999904632568,6.630000114440918,6.480000019073486,6.579999923706055,14947,0.0,0.0
2022-01-03 00:00:00+02:00,6.889999866485596,6.889999866485596,6.619999885559082,6.699999809265137,33317,0.0,0.0
2022-01-04 00:00:00+02:00,6.960000038146973,6.960000038146973,6.760000228881836,6.829999923706055,21703,0.0,0.0
2022-01-05 00:00:00+02:00,6.840000152587891,6.909999847412109,6.619999885559082,6.619999885559082,12145,0.0,0.0
2022-01-07 00:00:00+02:00,6.639999866485596,6.929999828338623,6.449999809265137,6.539999961853027,18894,0.0,0.0
2022-01-10 00:00:00+02:00,6.900000095367432,6.900000095367432,6.369999885559082,6.369999885559082,4538,0.0,0.0
2022-01-11 00:00:00+02:00,6.369999885559082,6.429999828338623,6.300000190734863,6.300000190734863,54331,0.0,0.0
2022-01-12 00:00:00+02:00,6.550000190734863,6.550000190734863,6.159999847412109,6.28000020980835,38436,0.0,0.0
2022-01-13 00:00:00+02:00,6.300000190734863,6.300000190734863,6.110000133514404,6.260000228881836,63632,0.0,0.0
2022-01-14 00:00:00+02:00,6.159999847412109,6.190000057220459,6.099999904632568,6.190000057220459,10053,0.0,0.0
2022-01-17 00:00:00+02:00,6.21999979019165,6.300000190734863,6.119999885559082,6.119999885559082,13357,0.0,0.0
2022-01-18 00:00:00+02:00,6.309999942779541,6.309999942779541,5.949999809265137,6.099999904632568,21849,0.0,0.0
2022-01-19 00:00:00+02:00,6.409999847412109,6.409999847412109,5.809999942779541,5.989999771118164,12311,0.0,0.0
2022-01-20 00:00:00+02:00,6.0,6.079999923706055,5.909999847412109,5.96999979019165,37258,0.0,0.0
2022-01-21 00:00:00+02:00,5.920000076293945,5.920000076293945,5.630000114440918,5.739999771118164,52207,0.0,0.0
2022-01-24 00:00:00+02:00,5.510000228881836,5.659999847412109,5.159999847412109,5.289999961853027,69135,0.0,0.0
2022-01-25 00:00:00+02:00,5.28000020980835,5.760000228881836,5.130000114440918,5.619999885559082,40271,0.0,0.0
2022-01-26 00:00:00+02:00,5.599999904632568,5.690000057220459,5.510000228881836,5.510000228881836,46157,0.0,0.0
2022-01-27 00:00:00+02:00,5.730000019073486,5.849999904632568,5.559999942779541,5.559999942779541,207860,0.0,0.0
2022-01-28 00:00:00+02:00,5.579999923706055,5.599999904632568,5.260000228881836,5.260000228881836,35870,0.0,0.0
2022-01-31 00:00:00+02:00,5.599999904632568,6.119999885559082,5.5,5.579999923706055,10052,0.0,0.0
2022-02-01 00:00:00+02:00,5.579999923706055,5.760000228881836,5.559999942779541,5.619999885559082,12944,0.0,0.0
2022-02-02 00:00:00+02:00,5.920000076293945,5.920000076293945,5.619999885559082,5.650000095367432,9496,0.0,0.0
2022-02-03 00:00:00+02:00,5.650000095367432,5.659999847412109,5.409999847412109,5.409999847412109,8609,0.0,0.0
2022-02-04 00:00:00+02:00,6.0,6.0,5.300000190734863,5.489999771118164,37268,0.0,0.0
2022-02-07 00:00:00+02:00,5.400000095367432,5.550000190734863,5.400000095367432,5.429999828338623,6112,0.0,0.0
2022-02-08 00:00:00+02:00,5.489999771118164,5.550000190734863,5.349999904632568,5.349999904632568,9086,0.0,0.0
2022-02-09 00:00:00+02:00,5.300000190734863,5.46999979019165,5.21999979019165,5.300000190734863,17005,0.0,0.0
2022-02-10 00:00:00+02:00,5.300000190734863,5.400000095367432,5.21999979019165,5.21999979019165,2214,0.0,0.0
2022-02-11 00:00:00+02:00,5.199999809265137,5.25,4.934999942779541,5.050000190734863,44569,0.0,0.0
2022-02-14 00:00:00+02:00,5.050000190734863,5.079999923706055,4.71999979019165,4.900000095367432,65525,0.0,0.0
2022-02-15 00:00:00+02:00,4.90500020980835,4.90500020980835,4.840000152587891,4.900000095367432,9843,0.0,0.0
2022-02-16 00:00:00+02:00,4.925000190734863,4.989999771118164,4.775000095367432,4.815000057220459,5108,0.0,0.0
2022-02-17 00:00:00+02:00,4.815000057220459,4.945000171661377,4.75,4.869999885559082,5918,0.0,0.0
2022-02-18 00:00:00+02:00,4.889999866485596,4.889999866485596,4.699999809265137,4.710000038146973,14882,0.0,0.0
2022-02-21 00:00:00+02:00,4.699999809265137,4.760000228881836,4.335000038146973,4.599999904632568,14192,0.0,0.0
2022-02-22 00:00:00+02:00,4.420000076293945,4.695000171661377,4.150000095367432,4.630000114440918,27832,0.0,0.0
2022-02-23 00:00:00+02:00,4.630000114440918,4.795000076293945,4.579999923706055,4.659999847412109,14602,0.0,0.0
2022-02-24 00:00:00+02:00,4.514999866485596,4.625,4.204999923706055,4.449999809265137,17061,0.0,0.0
2022-02-25 00:00:00+02:00,4.449999809265137,4.875,4.449999809265137,4.704999923706055,15934,0.0,0.0
2022-02-28 00:00:00+02:00,4.775000095367432,5.190000057220459,4.610000133514404,4.800000190734863,18484,0.0,0.0
2022-03-01 00:00:00+02:00,4.84499979019165,4.84499979019165,4.425000190734863,4.480000019073486,11322,0.0,0.0
2022-03-02 00:00:00+02:00,4.5,4.559999942779541,4.389999866485596,4.40500020980835,12887,0.0,0.0
2022-03-03 00:00:00+02:00,4.400000095367432,4.65500020980835,4.400000095367432,4.585000038146973,13554,0.0,0.0
2022-03-04 00:00:00+02:00,4.585000038146973,4.599999904632568,4.434999942779541,4.445000171661377,57811,0.0,0.0
2022-03-07 00:00:00+02:00,4.394999980926514,4.445000171661377,4.099999904632568,4.309999942779541,40946,0.0,0.0
2022-03-08 00:00:00+02:00,4.199999809265137,5.130000114440918,4.199999809265137,4.599999904632568,46324,0.0,0.0
2022-03-09 00:00:00+02:00,5.199999809265137,5.199999809265137,4.704999923706055,4.860000133514404,47348,0.0,0.0
2022-03-10 00:00:00+02:00,4.900000095367432,4.90500020980835,4.829999923706055,4.885000228881836,12558,0.0,0.0
2022-03-11 00:00:00+02:00,4.900000095367432,5.070000171661377,4.699999809265137,5.070000171661377,130188,0.0,0.0
2022-03-14 00:00:00+02:00,5.199999809265137,5.199999809265137,5.019999980926514,5.179999828338623,128490,0.0,0.0
2022-03-15 00:00:00+02:00,5.179999828338623,5.179999828338623,4.860000133514404,5.010000228881836,13364,0.0,0.0
2022-03-16 00:00:00+02:00,5.230000019073486,5.230000019073486,5.0,5.010000228881836,4864,0.0,0.0
2022-03-17 00:00:00+02:00,5.210000038146973,5.21999979019165,5.0,5.0,33023,0.0,0.0
2022-03-18 00:00:00+02:00,4.960000038146973,5.179999828338623,4.914999961853027,5.179999828338623,178974,0.0,0.0
2022-03-21 00:00:00+02:00,5.190000057220459,5.190000057220459,4.929999828338623,4.949999809265137,5480,0.0,0.0
2022-03-22 00:00:00+02:00,4.989999771118164,4.989999771118164,4.704999923706055,4.800000190734863,9855,0.0,0.0
2022-03-23 00:00:00+02:00,4.599999904632568,4.695000171661377,4.5,4.545000076293945,256630,0.0,0.0
2022-03-24 00:00:00+02:00,4.554999828338623,4.650000095367432,4.554999828338623,4.554999828338623,107832,0.0,0.0
2022-03-25 00:00:00+02:00,4.664999961853027,4.664999961853027,4.349999904632568,4.380000114440918,70745,0.0,0.0
2022-03-28 00:00:00+03:00,4.380000114440918,4.599999904632568,4.355000019073486,4.360000133514404,20119,0.0,0.0
2022-03-29 00:00:00+03:00,4.445000171661377,4.445000171661377,4.40500020980835,4.40500020980835,17709,0.0,0.0
2022-03-30 00:00:00+03:00,4.40500020980835,4.40500020980835,4.085000038146973,4.144999980926514,48301,0.0,0.0
2022-03-31 00:00:00+03:00,4.170000076293945,4.275000095367432,4.130000114440918,4.190000057220459,39240,0.0,0.0
2022-04-01 00:00:00+03:00,4.300000190734863,4.300000190734863,4.204999923706055,4.25,8279,0.0,0.0
2022-04-04 00:00:00+03:00,4.269999980926514,4.445000171661377,4.269999980926514,4.394999980926514,9585,0.0,0.0
2022-04-05 00:00:00+03:00,4.40500020980835,4.434999942779541,4.375,4.425000190734863,8851,0.0,0.0
2022-04-06 00:00:00+03:00,4.429999828338623,4.445000171661377,4.335000038146973,4.385000228881836,3282,0.0,0.0
2022-04-07 00:00:00+03:00,4.25,4.355000019073486,4.25,4.320000171661377,4065,0.0,0.0
2022-04-08 00:00:00+03:00,4.300000190734863,4.494999885559082,4.204999923706055,4.434999942779541,12505,0.0,0.0
2022-04-11 00:00:00+03:00,4.489999771118164,4.489999771118164,4.369999885559082,4.409999847412109,4613,0.0,0.0
2022-04-12 00:00:00+03:00,4.409999847412109,4.440000057220459,4.315000057220459,4.400000095367432,11942,0.0,0.0
2022-04-13 00:00:00+03:00,4.409999847412109,4.429999828338623,4.34499979019165,4.429999828338623,463,0.0,0.0
2022-04-14 00:00:00+03:00,4.400000095367432,4.445000171661377,4.304999828338623,4.360000133514404,7345,0.0,0.0
2022-04-19 00:00:00+03:00,4.300000190734863,4.420000076293945,4.300000190734863,4.34499979019165,4724,0.0,0.0
2022-04-20 00:00:00+03:00,4.400000095367432,4.420000076293945,4.230000019073486,4.25,8596,0.0,0.0
2022-04-21 00:00:00+03:00,4.25,4.409999847412109,4.25,4.275000095367432,29514,0.0,0.0
2022-04-22 00:00:00+03:00,4.300000190734863,4.400000095367432,4.269999980926514,4.300000190734863,7126,0.0,0.0
2022-04-25 00:00:00+03:00,4.300000190734863,4.385000228881836,4.239999771118164,4.385000228881836,5926,0.0,0.0
2022-04-26 00:00:00+03:00,4.394999980926514,4.40500020980835,4.170000076293945,4.295000076293945,15091,0.0,0.0
2022-04-27 00:00:00+03:00,4.065000057220459,4.375,4.065000057220459,4.375,43763,0.0,0.0
2022-04-28 00:00:00+03:00,4.380000114440918,4.454999923706055,4.320000171661377,4.385000228881836,90289,0.0,0.0
2022-04-29 00:00:00+03:00,4.385000228881836,4.5,4.309999942779541,4.335000038146973,26382,0.0,0.0
2022-05-02 00:00:00+03:00,4.494999885559082,4.525000095367432,4.28000020980835,4.28000020980835,11397,0.0,0.0
2022-05-03 00:00:00+03:00,4.519999980926514,4.519999980926514,4.059999942779541,4.199999809265137,27400,0.0,0.0
2022-05-04 00:00:00+03:00,4.09499979019165,4.5,4.0,4.0,29289,0.0,0.0
2022-05-05 00:00:00+03:00,4.275000095367432,4.429999828338623,3.884999990463257,3.884999990463257,12767,0.0,0.0
2022-05-06 00:00:00+03:00,3.8550000190734863,4.119999885559082,3.805000066757202,3.8550000190734863,19252,0.0,0.0
2022-05-09 00:00:00+03:00,3.8949999809265137,3.9100000858306885,3.5199999809265137,3.5199999809265137,41130,0.0,0.0
2022-05-10 00:00:00+03:00,3.5999999046325684,3.8399999141693115,3.5299999713897705,3.700000047683716,68574,0.0,0.0
2022-05-11 00:00:00+03:00,3.8399999141693115,4.204999923706055,3.690000057220459,3.8450000286102295,24043,0.0,0.0
2022-05-12 00:00:00+03:00,3.9749999046325684,3.9749999046325684,3.4600000381469727,3.4600000381469727,27794,0.0,0.0
2022-05-13 00:00:00+03:00,3.6500000953674316,3.694999933242798,3.549999952316284,3.5899999141693115,68443,0.0,0.0
2022-05-16 00:00:00+03:00,3.5899999141693115,3.694999933242798,3.5199999809265137,3.5950000286102295,19883,0.0,0.0
2022-05-17 00:00:00+03:00,3.630000114440918,3.890000104904175,3.630000114440918,3.875,12636,0.0,0.0
2022-05-18 00:00:00+03:00,3.869999885559082,3.869999885559082,3.625,3.700000047683716,16094,0.0,0.0
2022-05-19 00:00:00+03:00,3.625,3.694999933242798,3.5250000953674316,3.5250000953674316,8701,0.0,0.0
2022-05-20 00:00:00+03:00,3.6600000858306885,3.6600000858306885,3.515000104904175,3.569999933242798,19303,0.0,0.0
2022-05-23 00:00:00+03:00,3.7750000953674316,3.7750000953674316,3.555000066757202,3.555000066757202,12118,0.0,0.0
2022-05-24 00:00:00+03:00,3.569999933242798,3.75,3.440000057220459,3.5,15851,0.0,0.0
2022-05-25 00:00:00+03:00,3.505000114440918,3.5799999237060547,3.424999952316284,3.5,22117,0.0,0.0
2022-05-27 00:00:00+03:00,3.555000066757202,3.7249999046325684,3.549999952316284,3.575000047683716,29856,0.0,0.0
2022-05-30 00:00:00+03:00,3.694999933242798,3.740000009536743,3.6600000858306885,3.734999895095825,19076,0.0,0.0
2022-05-31 00:00:00+03:00,3.740000009536743,3.7950000762939453,3.694999933242798,3.7899999618530273,39443,0.0,0.0
2022-06-01 00:00:00+03:00,3.7049999237060547,4.010000228881836,3.7049999237060547,4.010000228881836,11344,0.0,0.0
2022-06-02 00:00:00+03:00,3.890000104904175,3.890000104904175,3.7750000953674316,3.8350000381469727,9452,0.0,0.0
2022-06-03 00:00:00+03:00,3.8350000381469727,3.9700000286102295,3.8350000381469727,3.930000066757202,9672,0.0,0.0
2022-06-06 00:00:00+03:00,4.085000038146973,4.119999885559082,3.9649999141693115,4.034999847412109,5713,0.0,0.0
2022-06-07 00:00:00+03:00,4.159999847412109,4.255000114440918,3.9749999046325684,3.984999895095825,28774,0.0,0.0
2022-06-08 00:00:00+03:00,4.070000171661377,4.135000228881836,4.005000114440918,4.110000133514404,8130,0.0,0.0
2022-06-09 00:00:00+03:00,4.110000133514404,4.110000133514404,4.0,4.099999904632568,15270,0.0,0.0
2022-06-10 00:00:00+03:00,4.195000171661377,4.195000171661377,3.994999885559082,4.005000114440918,8929,0.0,0.0
2022-06-13 00:00:00+03:00,4.09499979019165,4.210000038146973,3.799999952316284,3.799999952316284,12524,0.0,0.0
2022-06-14 00:00:00+03:00,3.815000057220459,4.184999942779541,3.5999999046325684,3.700000047683716,10392,0.0,0.0
2022-06-15 00:00:00+03:00,3.625,3.994999885559082,3.5,3.6549999713897705,31811,0.0,0.0
2022-06-16 00:00:00+03:00,3.740000009536743,3.8350000381469727,3.5399999618530273,3.5999999046325684,34494,0.0,0.0
2022-06-17 00:00:00+03:00,3.505000114440918,3.8399999141693115,3.450000047683716,3.8399999141693115,21581,0.0,0.0
2022-06-20 00:00:00+03:00,3.799999952316284,3.799999952316284,3.505000114440918,3.684999942779541,14092,0.0,0.0
2022-06-21 00:00:00+03:00,3.680000066757202,3.815000057220459,3.505000114440918,3.815000057220459,14781,0.0,0.0
2022-06-22 00:00:00+03:00,3.819999933242798,3.819999933242798,3.515000104904175,3.569999933242798,4075,0.0,0.0
2022-06-23 00:00:00+03:00,3.6050000190734863,3.6600000858306885,3.575000047683716,3.5950000286102295,2101,0.0,0.0
2022-06-27 00:00:00+03:00,3.5999999046325684,3.609999895095825,3.430000066757202,3.450000047683716,2969,0.0,0.0
2022-06-28 00:00:00+03:00,3.565000057220459,3.609999895095825,3.549999952316284,3.609999895095825,4750,0.0,0.0
2022-06-29 00:00:00+03:00,3.7200000286102295,3.759999990463257,3.5,3.5,6747,0.0,0.0
2022-06-30 00:00:00+03:00,3.5199999809265137,3.5199999809265137,3.5,3.515000104904175,4310,0.0,0.0
2022-07-01 00:00:00+03:00,3.515000104904175,3.515000104904175,3.4749999046325684,3.4800000190734863,3824,0.0,0.0
2022-07-04 00:00:00+03:00,3.4700000286102295,3.515000104904175,3.4700000286102295,3.4800000190734863,1853,0.0,0.0
2022-07-05 00:00:00+03:00,3.4800000190734863,3.515000104904175,3.4549999237060547,3.515000104904175,1017,0.0,0.0
2022-07-06 00:00:00+03:00,3.509999990463257,3.509999990463257,3.4000000953674316,3.4000000953674316,10748,0.0,0.0
2022-07-07 00:00:00+03:00,3.4149999618530273,3.515000104904175,3.4100000858306885,3.440000057220459,9241,0.0,0.0
2022-07-08 00:00:00+03:00,3.430000066757202,3.615000009536743,3.430000066757202,3.569999933242798,5256,0.0,0.0
2022-07-11 00:00:00+03:00,3.575000047683716,3.5799999237060547,3.484999895095825,3.5399999618530273,5049,0.0,0.0
2022-07-12 00:00:00+03:00,3.505000114440918,4.0,3.4800000190734863,4.0,4530,0.0,0.0
2022-07-13 00:00:00+03:00,3.674999952316284,3.674999952316284,3.4149999618530273,3.6700000762939453,9561,0.0,0.0
2022-07-14 00:00:00+03:00,3.6050000190734863,3.755000114440918,3.4200000762939453,3.424999952316284,14436,0.0,0.0
2022-07-15 00:00:00+03:00,3.799999952316284,3.799999952316284,3.2149999141693115,3.299999952316284,40649,0.0,0.0
2022-07-18 00:00:00+03:00,3.380000114440918,3.434999942779541,3.3299999237060547,3.390000104904175,60872,0.0,0.0
2022-07-19 00:00:00+03:00,3.700000047683716,3.700000047683716,3.3499999046325684,3.359999895095825,15602,0.0,0.0
2022-07-20 00:00:00+03:00,3.359999895095825,3.494999885559082,3.299999952316284,3.299999952316284,7457,0.0,0.0
2022-07-21 00:00:00+03:00,3.490000009536743,3.5,3.434999942779541,3.490000009536743,6709,0.0,0.0
2022-07-22 00:00:00+03:00,3.700000047683716,3.700000047683716,3.4549999237060547,3.5,8822,0.0,0.0
2022-07-25 00:00:00+03:00,3.5250000953674316,3.549999952316284,3.444999933242798,3.444999933242798,9118,0.0,0.0
2022-07-26 00:00:00+03:00,3.4000000953674316,3.490000009536743,3.3949999809265137,3.450000047683716,7589,0.0,0.0
2022-07-27 00:00:00+03:00,3.450000047683716,3.4700000286102295,3.3949999809265137,3.4000000953674316,22723,0.0,0.0
2022-07-28 00:00:00+03:00,3.4049999713897705,3.4700000286102295,3.359999895095825,3.4600000381469727,10576,0.0,0.0
2022-07-29 00:00:00+03:00,3.4649999141693115,3.5,3.4200000762939453,3.5,18822,0.0,0.0
2022-08-01 00:00:00+03:00,3.7200000286102295,3.75,3.494999885559082,3.5950000286102295,6400,0.0,0.0
2022-08-02 00:00:00+03:00,3.694999933242798,3.694999933242798,3.4649999141693115,3.565000057220459,4759,0.0,0.0
2022-08-03 00:00:00+03:00,3.609999895095825,3.694999933242798,3.5399999618530273,3.6600000858306885,19514,0.0,0.0
2022-08-04 00:00:00+03:00,3.5299999713897705,3.6449999809265137,3.505000114440918,3.6449999809265137,4004,0.0,0.0
2022-08-05 00:00:00+03:00,3.6449999809265137,3.694999933242798,3.494999885559082,3.694999933242798,2837,0.0,0.0
2022-08-08 00:00:00+03:00,3.694999933242798,3.694999933242798,3.555000066757202,3.674999952316284,1824,0.0,0.0
2022-08-09 00:00:00+03:00,3.5999999046325684,3.700000047683716,3.549999952316284,3.694999933242798,12618,0.0,0.0
2022-08-10 00:00:00+03:00,3.5450000762939453,3.700000047683716,3.505000114440918,3.6600000858306885,20275,0.0,0.0
2022-08-11 00:00:00+03:00,3.6600000858306885,3.694999933242798,3.5999999046325684,3.6600000858306885,2702,0.0,0.0
2022-08-12 00:00:00+03:00,3.6549999713897705,3.6549999713897705,3.5350000858306885,3.6549999713897705,680,0.0,0.0
2022-08-15 00:00:00+03:00,3.744999885559082,3.744999885559082,3.490000009536743,3.700000047683716,5113,0.0,0.0
2022-08-16 00:00:00+03:00,3.6700000762939453,3.694999933242798,3.549999952316284,3.6700000762939453,4666,0.0,0.0
2022-08-17 00:00:00+03:00,3.569999933242798,3.630000114440918,3.569999933242798,3.630000114440918,3461,0.0,0.0
2022-08-18 00:00:00+03:00,3.630000114440918,3.630000114440918,3.515000104904175,3.5299999713897705,2589,0.0,0.0
2022-08-19 00:00:00+03:00,3.5299999713897705,3.5950000286102295,3.490000009536743,3.5950000286102295,9375,0.0,0.0
2022-08-22 00:00:00+03:00,3.6500000953674316,3.6500000953674316,3.4149999618530273,3.4700000286102295,9502,0.0,0.0
2022-08-23 00:00:00+03:00,3.4000000953674316,3.494999885559082,3.305000066757202,3.3299999237060547,8097,0.0,0.0
2022-08-24 00:00:00+03:00,3.3350000381469727,3.5950000286102295,3.3350000381469727,3.3450000286102295,14119,0.0,0.0
2022-08-25 00:00:00+03:00,3.5,3.694999933242798,3.434999942779541,3.559999942779541,21147,0.0,0.0
2022-08-26 00:00:00+03:00,3.549999952316284,3.744999885559082,3.450000047683716,3.5,12428,0.0,0.0
2022-08-29 00:00:00+03:00,3.5,3.5299999713897705,3.5,3.5,4249,0.0,0.0
2022-08-30 00:00:00+03:00,3.6449999809265137,3.684999942779541,3.450000047683716,3.684999942779541,12628,0.0,0.0
2022-08-31 00:00:00+03:00,3.694999933242798,3.694999933242798,3.4049999713897705,3.6700000762939453,23309,0.0,0.0
2022-09-01 00:00:00+03:00,3.6700000762939453,3.674999952316284,3.4049999713897705,3.5450000762939453,11055,0.0,0.0
2022-09-02 00:00:00+03:00,3.450000047683716,3.5,3.4049999713897705,3.4049999713897705,9165,0.0,0.0
2022-09-05 00:00:00+03:00,3.365000009536743,3.5,3.2850000858306885,3.3949999809265137,29785,0.0,0.0
2022-09-06 00:00:00+03:00,3.3499999046325684,3.5,3.305000066757202,3.494999885559082,11250,0.0,0.0
2022-09-07 00:00:00+03:00,3.4000000953674316,3.5,3.325000047683716,3.3550000190734863,3212,0.0,0.0
2022-09-08 00:00:00+03:00,3.3550000190734863,3.494999885559082,3.3550000190734863,3.484999895095825,3651,0.0,0.0
2022-09-09 00:00:00+03:00,3.484999895095825,3.494999885559082,3.4049999713897705,3.4800000190734863,25725,0.0,0.0
2022-09-12 00:00:00+03:00,3.4749999046325684,3.4800000190734863,3.4049999713897705,3.4800000190734863,6099,0.0,0.0
2022-09-13 00:00:00+03:00,3.4100000858306885,3.494999885559082,3.4100000858306885,3.450000047683716,952,0.0,0.0
2022-09-14 00:00:00+03:00,3.450000047683716,3.494999885559082,3.440000057220459,3.494999885559082,510,0.0,0.0
2022-09-15 00:00:00+03:00,3.494999885559082,3.5,3.3499999046325684,3.5,7139,0.0,0.0
2022-09-16 00:00:00+03:00,3.3949999809265137,3.484999895095825,3.3949999809265137,3.4000000953674316,391702,0.0,0.0
2022-09-19 00:00:00+03:00,3.494999885559082,3.494999885559082,3.4049999713897705,3.440000057220459,503949,0.0,0.0
2022-09-20 00:00:00+03:00,3.484999895095825,3.484999895095825,3.299999952316284,3.299999952316284,7861,0.0,0.0
2022-09-21 00:00:00+03:00,3.299999952316284,3.3949999809265137,3.134999990463257,3.3299999237060547,7227,0.0,0.0
2022-09-22 00:00:00+03:00,3.3299999237060547,3.3299999237060547,3.0999999046325684,3.2699999809265137,4508,0.0,0.0
2022-09-23 00:00:00+03:00,3.200000047683716,3.4000000953674316,3.0999999046325684,3.2200000286102295,48403,0.0,0.0
2022-09-26 00:00:00+03:00,3.2200000286102295,3.3949999809265137,3.1050000190734863,3.25,31799,0.0,0.0
2022-09-27 00:00:00+03:00,3.2300000190734863,3.2950000762939453,3.134999990463257,3.2200000286102295,235739,0.0,0.0
2022-09-28 00:00:00+03:00,3.2149999141693115,3.2200000286102295,3.0999999046325684,3.0999999046325684,23619,0.0,0.0
2022-09-29 00:00:00+03:00,3.194999933242798,3.194999933242798,2.924999952316284,3.140000104904175,4707,0.0,0.0
2022-09-30 00:00:00+03:00,3.134999990463257,3.1500000953674316,2.9800000190734863,3.1449999809265137,124780,0.0,0.0
2022-10-03 00:00:00+03:00,3.005000114440918,3.2149999141693115,2.9649999141693115,3.049999952316284,41060,0.0,0.0
2022-10-04 00:00:00+03:00,3.1500000953674316,3.1500000953674316,2.984999895095825,3.055000066757202,31387,0.0,0.0
2022-10-05 00:00:00+03:00,3.1449999809265137,3.1500000953674316,2.984999895095825,3.0,9602,0.0,0.0
2022-10-06 00:00:00+03:00,2.994999885559082,3.0,2.890000104904175,2.944999933242798,18251,0.0,0.0
2022-10-07 00:00:00+03:00,2.984999895095825,3.0,2.9049999713897705,2.9049999713897705,31980,0.0,0.0
2022-10-10 00:00:00+03:00,2.9100000858306885,2.984999895095825,2.9100000858306885,2.9549999237060547,12604,0.0,0.0
2022-10-11 00:00:00+03:00,2.9549999237060547,3.194999933242798,2.930000066757202,3.0,149749,0.0,0.0
2022-10-12 00:00:00+03:00,2.9800000190734863,3.0,2.8949999809265137,2.9600000381469727,11936,0.0,0.0
2022-10-13 00:00:00+03:00,2.9600000381469727,2.9600000381469727,2.890000104904175,2.890000104904175,6133,0.0,0.0
2022-10-14 00:00:00+03:00,2.865000009536743,2.9749999046325684,2.865000009536743,2.9000000953674316,10943,0.0,0.0
2022-10-17 00:00:00+03:00,3.200000047683716,3.2049999237060547,2.950000047683716,2.9700000286102295,4904,0.0,0.0
2022-10-18 00:00:00+03:00,2.9600000381469727,2.9600000381469727,2.880000114440918,2.880000114440918,29832,0.0,0.0
2022-10-19 00:00:00+03:00,2.9000000953674316,2.9600000381469727,2.859999895095825,2.9000000953674316,65083,0.0,0.0
2022-10-20 00:00:00+03:00,2.950000047683716,2.950000047683716,2.690000057220459,2.7200000286102295,22201,0.0,0.0
2022-10-21 00:00:00+03:00,2.7249999046325684,2.825000047683716,2.7249999046325684,2.799999952316284,8408,0.0,0.0
2022-10-24 00:00:00+03:00,2.9000000953674316,2.9000000953674316,2.799999952316284,2.8399999141693115,3013,0.0,0.0
2022-10-25 00:00:00+03:00,2.8399999141693115,2.890000104904175,2.6500000953674316,2.694999933242798,29212,0.0,0.0
2022-10-26 00:00:00+03:00,2.700000047683716,2.75,2.5999999046325684,2.5999999046325684,25024,0.0,0.0
2022-10-27 00:00:00+03:00,2.6549999713897705,2.744999885559082,2.490000009536743,2.5399999618530273,54085,0.0,0.0
2022-10-28 00:00:00+03:00,2.6500000953674316,2.694999933242798,2.4800000190734863,2.5450000762939453,10591,0.0,0.0
2022-10-31 00:00:00+02:00,2.700000047683716,2.700000047683716,2.5450000762939453,2.6500000953674316,6227,0.0,0.0
2022-11-01 00:00:00+02:00,2.755000114440918,2.880000114440918,2.5999999046325684,2.8550000190734863,57805,0.0,0.0
2022-11-02 00:00:00+02:00,2.809999942779541,2.8550000190734863,2.5850000381469727,2.7899999618530273,8795,0.0,0.0
2022-11-03 00:00:00+02:00,2.8550000190734863,2.859999895095825,2.7049999237060547,2.8550000190734863,13404,0.0,0.0
2022-11-04 00:00:00+02:00,2.8299999237060547,2.9600000381469727,2.7899999618530273,2.8949999809265137,18237,0.0,0.0
2022-11-07 00:00:00+02:00,2.9600000381469727,2.9800000190734863,2.8399999141693115,2.9800000190734863,11230,0.0,0.0
2022-11-08 00:00:00+02:00,2.9800000190734863,3.0,2.9000000953674316,3.0,12885,0.0,0.0
2022-11-09 00:00:00+02:00,2.950000047683716,2.990000009536743,2.890000104904175,2.990000009536743,4645,0.0,0.0
2022-11-10 00:00:00+02:00,2.9049999713897705,3.049999952316284,2.9049999713897705,3.049999952316284,3124,0.0,0.0
2022-11-11 00:00:00+02:00,3.049999952316284,3.1500000953674316,3.009999990463257,3.1500000953674316,11873,0.0,0.0
2022-11-14 00:00:00+02:00,3.1549999713897705,3.1549999713897705,2.990000009536743,2.990000009536743,73611,0.0,0.0
2022-11-15 00:00:00+02:00,3.109999895095825,3.2799999713897705,3.005000114440918,3.194999933242798,9831,0.0,0.0
2022-11-16 00:00:00+02:00,3.200000047683716,3.240000009536743,3.130000114440918,3.200000047683716,9259,0.0,0.0
2022-11-17 00:00:00+02:00,3.299999952316284,3.3550000190734863,3.0799999237060547,3.3550000190734863,7284,0.0,0.0
2022-11-18 00:00:00+02:00,3.369999885559082,3.5,3.255000114440918,3.319999933242798,10591,0.0,0.0
2022-11-21 00:00:00+02:00,3.450000047683716,3.4600000381469727,3.0999999046325684,3.255000114440918,10524,0.0,0.0
2022-11-22 00:00:00+02:00,3.255000114440918,3.3550000190734863,3.0999999046325684,3.200000047683716,15669,0.0,0.0
2022-11-23 00:00:00+02:00,3.380000114440918,3.380000114440918,3.0999999046325684,3.1700000762939453,9988,0.0,0.0
2022-11-24 00:00:00+02:00,3.1700000762939453,3.25,3.1449999809265137,3.2300000190734863,8134,0.0,0.0
2022-11-25 00:00:00+02:00,3.2300000190734863,3.3350000381469727,3.119999885559082,3.200000047683716,13056,0.0,0.0
2022-11-28 00:00:00+02:00,3.4000000953674316,3.4000000953674316,3.130000114440918,3.200000047683716,18131,0.0,0.0
2022-11-29 00:00:00+02:00,3.299999952316284,3.3399999141693115,3.0350000858306885,3.0350000858306885,12851,0.0,0.0
2022-11-30 00:00:00+02:00,3.049999952316284,3.2950000762939453,3.0399999618530273,3.0399999618530273,16244,0.0,0.0
2022-12-01 00:00:00+02:00,3.049999952316284,3.2249999046325684,3.049999952316284,3.059999942779541,57665,0.0,0.0
2022-12-02 00:00:00+02:00,3.049999952316284,3.325000047683716,3.049999952316284,3.325000047683716,19664,0.0,0.0
2022-12-05 00:00:00+02:00,3.3399999141693115,3.4549999237060547,3.1600000858306885,3.440000057220459,48184,0.0,0.0
2022-12-07 00:00:00+02:00,3.4000000953674316,3.450000047683716,3.299999952316284,3.4000000953674316,46521,0.0,0.0
2022-12-08 00:00:00+02:00,3.4000000953674316,3.5950000286102295,3.325000047683716,3.4000000953674316,61844,0.0,0.0
2022-12-09 00:00:00+02:00,3.4000000953674316,3.4000000953674316,3.3450000286102295,3.369999885559082,114000,0.0,0.0
2022-12-12 00:00:00+02:00,3.3949999809265137,3.4000000953674316,3.240000009536743,3.4000000953674316,6667,0.0,0.0
2022-12-13 00:00:00+02:00,3.4000000953674316,3.4000000953674316,3.3499999046325684,3.4000000953674316,2085,0.0,0.0
2022-12-14 00:00:00+02:00,3.390000104904175,3.390000104904175,3.2699999809265137,3.2699999809265137,26424,0.0,0.0
2022-12-15 00:00:00+02:00,3.2699999809265137,3.375,3.2249999046325684,3.2799999713897705,15021,0.0,0.0
2022-12-16 00:00:00+02:00,3.2200000286102295,3.384999990463257,3.0399999618530273,3.255000114440918,12869,0.0,0.0
2022-12-19 00:00:00+02:00,3.059999942779541,3.2799999713897705,3.059999942779541,3.190000057220459,6076,0.0,0.0
2022-12-20 00:00:00+02:00,3.1050000190734863,3.200000047683716,3.0,3.1649999618530273,21105,0.0,0.0
2022-12-21 00:00:00+02:00,3.190000057220459,3.190000057220459,3.1549999713897705,3.1600000858306885,2680,0.0,0.0
2022-12-22 00:00:00+02:00,3.1649999618530273,3.25,3.115000009536743,3.200000047683716,7924,0.0,0.0
2022-12-23 00:00:00+02:00,3.194999933242798,3.200000047683716,3.0999999046325684,3.180000066757202,4927,0.0,0.0
2022-12-27 00:00:00+02:00,3.200000047683716,3.200000047683716,3.0,3.109999895095825,17304,0.0,0.0
2022-12-28 00:00:00+02:00,3.109999895095825,3.200000047683716,3.109999895095825,3.174999952316284,17008,0.0,0.0
2022-12-29 00:00:00+02:00,3.049999952316284,3.174999952316284,3.0199999809265137,3.1500000953674316,25059,0.0,0.0
2022-12-30 00:00:00+02:00,3.0799999237060547,3.200000047683716,3.0799999237060547,3.200000047683716,7376,0.0,0.0
2023-01-02 00:00:00+02:00,3.200000047683716,3.2950000762939453,3.119999885559082,3.119999885559082,36442,0.0,0.0
2023-01-03 00:00:00+02:00,3.190000057220459,3.190000057220459,3.0999999046325684,3.1549999713897705,325,0.0,0.0
2023-01-04 00:00:00+02:00,3.1549999713897705,3.174999952316284,3.0999999046325684,3.134999990463257,8005,0.0,0.0
2023-01-05 00:00:00+02:00,3.1700000762939453,3.1700000762939453,3.0850000381469727,3.134999990463257,9010,0.0,0.0
2023-01-09 00:00:00+02:00,3.130000114440918,3.1700000762939453,3.065000057220459,3.0899999141693115,25984,0.0,0.0
2023-01-10 00:00:00+02:00,3.0850000381469727,3.0899999141693115,3.069999933242798,3.0799999237060547,4670,0.0,0.0
2023-01-11 00:00:00+02:00,3.0999999046325684,3.0999999046325684,3.0,3.0399999618530273,17450,0.0,0.0
2023-01-12 00:00:00+02:00,3.0999999046325684,3.200000047683716,2.994999885559082,3.0350000858306885,20779,0.0,0.0
2023-01-13 00:00:00+02:00,3.0,3.015000104904175,2.950000047683716,2.9800000190734863,107963,0.0,0.0
2023-01-16 00:00:00+02:00,2.994999885559082,3.049999952316284,2.9800000190734863,3.0,63444,0.0,0.0
2023-01-17 00:00:00+02:00,3.005000114440918,3.0250000953674316,2.9800000190734863,2.9800000190734863,18136,0.0,0.0
2023-01-18 00:00:00+02:00,3.0199999809265137,3.0199999809265137,2.9649999141693115,2.9800000190734863,6341,0.0,0.0
2023-01-19 00:00:00+02:00,2.9800000190734863,2.9800000190734863,2.944999933242798,2.9600000381469727,3224,0.0,0.0
2023-01-20 00:00:00+02:00,3.174999952316284,3.174999952316284,2.9100000858306885,2.9700000286102295,109426,0.0,0.0
2023-01-23 00:00:00+02:00,2.9700000286102295,3.0850000381469727,2.9600000381469727,2.9600000381469727,9359,0.0,0.0
2023-01-24 00:00:00+02:00,3.0,3.049999952316284,2.9600000381469727,2.9600000381469727,13547,0.0,0.0
2023-01-25 00:00:00+02:00,3.015000104904175,3.0199999809265137,2.9000000953674316,2.9000000953674316,20854,0.0,0.0
2023-01-26 00:00:00+02:00,2.940000057220459,2.9749999046325684,2.9000000953674316,2.9100000858306885,8739,0.0,0.0
2023-01-27 00:00:00+02:00,2.934999942779541,2.940000057220459,2.865000009536743,2.9049999713897705,3290,0.0,0.0
2023-01-30 00:00:00+02:00,2.950000047683716,2.950000047683716,2.8399999141693115,2.9000000953674316,3717,0.0,0.0
2023-01-31 00:00:00+02:00,3.015000104904175,3.015000104904175,2.8450000286102295,2.9000000953674316,4456,0.0,0.0
2023-02-01 00:00:00+02:00,2.9000000953674316,2.984999895095825,2.819999933242798,2.984999895095825,37561,0.0,0.0
2023-02-02 00:00:00+02:00,2.984999895095825,3.0,2.9100000858306885,2.944999933242798,212188,0.0,0.0
2023-02-03 00:00:00+02:00,3.049999952316284,3.049999952316284,2.950000047683716,2.990000009536743,20690,0.0,0.0
2023-02-06 00:00:00+02:00,3.0199999809265137,3.049999952316284,2.890000104904175,2.890000104904175,66831,0.0,0.0
2023-02-07 00:00:00+02:00,2.9100000858306885,2.930000066757202,2.799999952316284,2.799999952316284,38779,0.0,0.0
2023-02-08 00:00:00+02:00,2.8399999141693115,2.869999885559082,2.5999999046325684,2.5999999046325684,18193,0.0,0.0
2023-02-09 00:00:00+02:00,2.7300000190734863,2.799999952316284,2.6700000762939453,2.700000047683716,30560,0.0,0.0
2023-02-10 00:00:00+02:00,2.700000047683716,2.744999885559082,2.609999895095825,2.6449999809265137,34898,0.0,0.0
2023-02-13 00:00:00+02:00,2.6449999809265137,2.684999942779541,2.565000057220459,2.565000057220459,10036,0.0,0.0
2023-02-14 00:00:00+02:00,2.569999933242798,2.674999952316284,2.4700000286102295,2.5899999141693115,63219,0.0,0.0
2023-02-15 00:00:00+02:00,2.7100000381469727,2.7100000381469727,2.515000104904175,2.549999952316284,30086,0.0,0.0
2023-02-16 00:00:00+02:00,2.559999942779541,2.5950000286102295,2.515000104904175,2.555000066757202,15209,0.0,0.0
2023-02-17 00:00:00+02:00,2.555000066757202,2.555000066757202,2.5299999713897705,2.5299999713897705,5678,0.0,0.0
2023-02-20 00:00:00+02:00,2.5299999713897705,2.5999999046325684,2.5299999713897705,2.5399999618530273,33555,0.0,0.0
2023-02-21 00:00:00+02:00,2.559999942779541,2.575000047683716,2.424999952316284,2.490000009536743,54264,0.0,0.0
2023-02-22 00:00:00+02:00,2.490000009536743,2.490000009536743,2.4200000762939453,2.4800000190734863,30302,0.0,0.0
2023-02-23 00:00:00+02:00,2.450000047683716,2.490000009536743,2.424999952316284,2.450000047683716,12026,0.0,0.0
2023-02-24 00:00:00+02:00,2.490000009536743,2.575000047683716,2.3299999237060547,2.384999990463257,105519,0.0,0.0
2023-02-27 00:00:00+02:00,2.4000000953674316,2.4000000953674316,2.2750000953674316,2.299999952316284,50053,0.0,0.0
2023-02-28 00:00:00+02:00,2.3499999046325684,2.3550000190734863,2.2300000190734863,2.2300000190734863,39162,0.0,0.0
2023-03-01 00:00:00+02:00,2.255000114440918,2.259999990463257,2.1500000953674316,2.1500000953674316,126617,0.0,0.0
2023-03-02 00:00:00+02:00,2.1449999809265137,2.1500000953674316,2.0999999046325684,2.109999895095825,35694,0.0,0.0
2023-03-03 00:00:00+02:00,2.2149999141693115,2.2149999141693115,2.134999990463257,2.140000104904175,35581,0.0,0.0
2023-03-06 00:00:00+02:00,2.2750000953674316,2.3350000381469727,2.1700000762939453,2.1700000762939453,514572,0.0,0.0
2023-03-07 00:00:00+02:00,2.2049999237060547,2.240000009536743,2.0999999046325684,2.0999999046325684,196371,0.0,0.0
2023-03-08 00:00:00+02:00,2.140000104904175,2.140000104904175,2.075000047683716,2.0999999046325684,44356,0.0,0.0
2023-03-09 00:00:00+02:00,2.180000066757202,2.180000066757202,2.0450000762939453,2.069999933242798,109799,0.0,0.0
2023-03-10 00:00:00+02:00,2.069999933242798,2.069999933242798,1.899999976158142,1.9500000476837158,84888,0.0,0.0
2023-03-13 00:00:00+02:00,2.0899999141693115,2.0899999141693115,1.909999966621399,1.9160000085830688,95464,0.0,0.0
2023-03-14 00:00:00+02:00,1.940000057220459,1.944000005722046,1.8339999914169312,1.8700000047683716,89851,0.0,0.0
2023-03-15 00:00:00+02:00,1.944000005722046,1.944000005722046,1.8220000267028809,1.8240000009536743,34128,0.0,0.0
2023-03-16 00:00:00+02:00,1.850000023841858,1.9179999828338623,1.8380000591278076,1.850000023841858,108295,0.0,0.0
2023-03-17 00:00:00+02:00,1.8580000400543213,1.8600000143051147,1.7059999704360962,1.7059999704360962,81310,0.0,0.0
2023-03-20 00:00:00+02:00,1.7139999866485596,1.871999979019165,1.7139999866485596,1.805999994277954,122698,0.0,0.0
2023-03-21 00:00:00+02:00,1.8079999685287476,1.809999942779541,1.6740000247955322,1.7039999961853027,148099,0.0,0.0
2023-03-22 00:00:00+02:00,1.7059999704360962,1.75600004196167,1.684000015258789,1.6920000314712524,701414,0.0,0.0
2023-03-23 00:00:00+02:00,1.75600004196167,1.75600004196167,1.6979999542236328,1.6979999542236328,61795,0.0,0.0
2023-03-24 00:00:00+02:00,1.7020000219345093,1.7259999513626099,1.6759999990463257,1.6759999990463257,27089,0.0,0.0
2023-03-27 00:00:00+03:00,1.690000057220459,1.7599999904632568,1.690000057220459,1.7200000286102295,54319,0.0,0.0
2023-03-28 00:00:00+03:00,1.7200000286102295,1.75,1.6820000410079956,1.6820000410079956,54434,0.0,0.0
2023-03-29 00:00:00+03:00,1.6820000410079956,1.687999963760376,1.649999976158142,1.659999966621399,33118,0.0,0.0
2023-03-30 00:00:00+03:00,1.6519999504089355,1.7300000190734863,1.6239999532699585,1.6339999437332153,56096,0.0,0.0
2023-03-31 00:00:00+03:00,1.649999976158142,1.6799999475479126,1.5700000524520874,1.590000033378601,122636,0.0,0.0
2023-04-03 00:00:00+03:00,1.5950000286102295,1.7300000190734863,1.590000033378601,1.7300000190734863,47384,0.0,0.0
2023-04-04 00:00:00+03:00,1.7300000190734863,1.7699999809265137,1.7000000476837158,1.7649999856948853,31536,0.0,0.0
2023-04-05 00:00:00+03:00,1.774999976158142,1.774999976158142,1.7000000476837158,1.7050000429153442,41052,0.0,0.0
2023-04-06 00:00:00+03:00,1.7050000429153442,1.7050000429153442,1.590000033378601,1.6649999618530273,49068,0.0,0.0
2023-04-11 00:00:00+03:00,1.6749999523162842,1.7549999952316284,1.6699999570846558,1.6950000524520874,10575,0.0,0.0
2023-04-12 00:00:00+03:00,1.6950000524520874,1.7599999904632568,1.690000057220459,1.7050000429153442,35361,0.0,0.0
2023-04-13 00:00:00+03:00,1.7050000429153442,1.7050000429153442,1.6299999952316284,1.6299999952316284,27505,0.0,0.0
2023-04-14 00:00:00+03:00,1.6349999904632568,1.6749999523162842,1.600000023841858,1.625,27685,0.0,0.0
2023-04-17 00:00:00+03:00,1.649999976158142,1.649999976158142,1.590000033378601,1.6100000143051147,47067,0.0,0.0
2023-04-18 00:00:00+03:00,1.6100000143051147,1.6299999952316284,1.5499999523162842,1.559999942779541,43439,0.0,0.0
2023-04-19 00:00:00+03:00,1.5750000476837158,1.649999976158142,1.5750000476837158,1.6399999856948853,14972,0.0,0.0
2023-04-20 00:00:00+03:00,1.6399999856948853,1.6399999856948853,1.5950000286102295,1.6200000047683716,31599,0.0,0.0
2023-04-21 00:00:00+03:00,1.6349999904632568,1.6399999856948853,1.6100000143051147,1.6399999856948853,10300,0.0,0.0
2023-04-24 00:00:00+03:00,1.6349999904632568,1.649999976158142,1.559999942779541,1.600000023841858,44131,0.0,0.0
2023-04-25 00:00:00+03:00,1.600000023841858,1.6349999904632568,1.5850000381469727,1.6200000047683716,693460,0.0,0.0
2023-04-26 00:00:00+03:00,1.6200000047683716,1.7450000047683716,1.6200000047683716,1.7050000429153442,262496,0.0,0.0
2023-04-27 00:00:00+03:00,1.7400000095367432,1.9700000286102295,1.7400000095367432,1.9700000286102295,127319,0.0,0.0
2023-04-28 00:00:00+03:00,2.049999952316284,2.490000009536743,1.9800000190734863,2.240000009536743,200426,0.0,0.0
2023-05-02 00:00:00+03:00,2.319999933242798,2.630000114440918,2.200000047683716,2.2100000381469727,247953,0.0,0.0
2023-05-03 00:00:00+03:00,2.200000047683716,2.359999895095825,2.200000047683716,2.240000009536743,51479,0.0,0.0
2023-05-04 00:00:00+03:00,2.240000009536743,2.299999952316284,2.0999999046325684,2.0999999046325684,54453,0.0,0.0
2023-05-05 00:00:00+03:00,2.130000114440918,2.190000057220459,2.0999999046325684,2.1500000953674316,43490,0.0,0.0
2023-05-08 00:00:00+03:00,2.069999933242798,2.1500000953674316,2.069999933242798,2.130000114440918,20066,0.0,0.0
2023-05-09 00:00:00+03:00,2.1600000858306885,2.200000047683716,2.0999999046325684,2.200000047683716,33503,0.0,0.0
2023-05-10 00:00:00+03:00,2.200000047683716,2.259999990463257,2.069999933242798,2.0799999237060547,35818,0.0,0.0
2023-05-11 00:00:00+03:00,2.0799999237060547,2.0799999237060547,1.9049999713897705,1.9700000286102295,52930,0.0,0.0
2023-05-12 00:00:00+03:00,1.9249999523162842,1.934999942779541,1.8200000524520874,1.8450000286102295,51071,0.0,0.0
2023-05-15 00:00:00+03:00,1.9850000143051147,1.9850000143051147,1.7050000429153442,1.7100000381469727,100305,0.0,0.0
2023-05-16 00:00:00+03:00,1.715000033378601,1.7999999523162842,1.7100000381469727,1.7350000143051147,75870,0.0,0.0
2023-05-17 00:00:00+03:00,1.8849999904632568,2.200000047683716,1.8300000429153442,2.1700000762939453,169457,0.0,0.0
2023-05-19 00:00:00+03:00,2.25,2.490000009536743,2.25,2.3399999141693115,170613,0.0,0.0
2023-05-22 00:00:00+03:00,2.4700000286102295,2.4700000286102295,2.130000114440918,2.2899999618530273,81905,0.0,0.0
2023-05-23 00:00:00+03:00,2.2899999618530273,2.390000104904175,2.2799999713897705,2.3299999237060547,52801,0.0,0.0
2023-05-24 00:00:00+03:00,2.3299999237060547,2.369999885559082,2.0199999809265137,2.140000104904175,129455,0.0,0.0
2023-05-25 00:00:00+03:00,2.2100000381469727,2.5799999237060547,2.0899999141693115,2.109999895095825,183127,0.0,0.0
2023-05-26 00:00:00+03:00,2.0999999046325684,2.180000066757202,2.0999999046325684,2.140000104904175,126015,0.0,0.0
2023-05-29 00:00:00+03:00,2.2200000286102295,2.390000104904175,2.200000047683716,2.2899999618530273,60011,0.0,0.0
2023-05-30 00:00:00+03:00,2.359999895095825,2.369999885559082,2.2200000286102295,2.259999990463257,45180,0.0,0.0
2023-05-31 00:00:00+03:00,2.25,2.25,2.119999885559082,2.200000047683716,54369,0.0,0.0
2023-06-01 00:00:00+03:00,2.2100000381469727,2.2200000286102295,2.119999885559082,2.1600000858306885,35489,0.0,0.0
2023-06-02 00:00:00+03:00,2.2699999809265137,2.2899999618530273,2.0999999046325684,2.200000047683716,48022,0.0,0.0
2023-06-05 00:00:00+03:00,2.200000047683716,2.2300000190734863,2.180000066757202,2.2100000381469727,21819,0.0,0.0
2023-06-06 00:00:00+03:00,2.25,2.25,2.1600000858306885,2.200000047683716,3415,0.0,0.0
2023-06-07 00:00:00+03:00,2.1500000953674316,2.190000057220459,2.1500000953674316,2.1700000762939453,8312,0.0,0.0
2023-06-08 00:00:00+03:00,2.190000057220459,2.299999952316284,2.190000057220459,2.2699999809265137,408545,0.0,0.0
2023-06-09 00:00:00+03:00,2.2699999809265137,2.2799999713897705,2.2200000286102295,2.25,24532,0.0,0.0
2023-06-12 00:00:00+03:00,2.240000009536743,2.25,2.180000066757202,2.200000047683716,57778,0.0,0.0
2023-06-13 00:00:00+03:00,2.119999885559082,2.2899999618530273,2.119999885559082,2.2899999618530273,50837,0.0,0.0
2023-06-14 00:00:00+03:00,2.2899999618530273,2.2899999618530273,2.259999990463257,2.2899999618530273,5471,0.0,0.0
2023-06-15 00:00:00+03:00,2.4000000953674316,2.4000000953674316,2.259999990463257,2.309999942779541,72080,0.0,0.0
2023-06-16 00:00:00+03:00,2.309999942779541,2.3399999141693115,2.259999990463257,2.3399999141693115,14384,0.0,0.0
2023-06-19 00:00:00+03:00,2.299999952316284,2.309999942779541,2.25,2.2899999618530273,21082,0.0,0.0
2023-06-20 00:00:00+03:00,2.2899999618530273,2.299999952316284,2.2100000381469727,2.25,21430,0.0,0.0
2023-06-21 00:00:00+03:00,2.200000047683716,2.2699999809265137,2.140000104904175,2.1700000762939453,32538,0.0,0.0
2023-06-22 00:00:00+03:00,2.1700000762939453,2.190000057220459,2.069999933242798,2.119999885559082,54811,0.0,0.0
2023-06-26 00:00:00+03:00,2.0,2.0899999141693115,1.850000023841858,1.9800000190734863,108135,0.0,0.0
2023-06-27 00:00:00+03:00,1.7949999570846558,2.0399999618530273,1.7949999570846558,1.8600000143051147,70219,0.0,0.0
2023-06-28 00:00:00+03:00,2.0399999618530273,2.0399999618530273,1.8949999809265137,1.9450000524520874,54788,0.0,0.0
2023-06-29 00:00:00+03:00,1.9450000524520874,2.0,1.909999966621399,1.909999966621399,17103,0.0,0.0
2023-06-30 00:00:00+03:00,1.9500000476837158,1.9500000476837158,1.909999966621399,1.909999966621399,16466,0.0,0.0
2023-07-03 00:00:00+03:00,1.9149999618530273,2.009999990463257,1.9149999618530273,2.0,45556,0.0,0.0
2023-07-04 00:00:00+03:00,2.0999999046325684,2.0999999046325684,1.9199999570846558,1.9500000476837158,83895,0.0,0.0
2023-07-05 00:00:00+03:00,2.0299999713897705,2.0299999713897705,1.9299999475479126,1.9299999475479126,80487,0.0,0.0
2023-07-06 00:00:00+03:00,1.934999942779541,1.9500000476837158,1.9049999713897705,1.940000057220459,31394,0.0,0.0
2023-07-07 00:00:00+03:00,1.9600000381469727,1.9600000381469727,1.875,1.899999976158142,38526,0.0,0.0
2023-07-10 00:00:00+03:00,1.9450000524520874,1.9450000524520874,1.8700000047683716,1.8799999952316284,20508,0.0,0.0
2023-07-11 00:00:00+03:00,1.875,1.909999966621399,1.8450000286102295,1.8450000286102295,30905,0.0,0.0
2023-07-12 00:00:00+03:00,1.8600000143051147,1.8600000143051147,1.8049999475479126,1.840000033378601,33216,0.0,0.0
2023-07-13 00:00:00+03:00,1.8200000524520874,1.875,1.7450000047683716,1.7899999618530273,77329,0.0,0.0
2023-07-14 00:00:00+03:00,1.7400000095367432,1.7899999618530273,1.7000000476837158,1.7000000476837158,83790,0.0,0.0
2023-07-17 00:00:00+03:00,1.7200000286102295,1.8250000476837158,1.4700000286102295,1.6950000524520874,219480,0.0,0.0
2023-07-18 00:00:00+03:00,1.6950000524520874,1.7649999856948853,1.625,1.6799999475479126,100331,0.0,0.0
2023-07-19 00:00:00+03:00,1.690000057220459,1.7400000095367432,1.600000023841858,1.7400000095367432,48946,0.0,0.0
2023-07-20 00:00:00+03:00,1.7400000095367432,1.7599999904632568,1.7000000476837158,1.7300000190734863,27208,0.0,0.0
2023-07-21 00:00:00+03:00,1.7799999713897705,1.7799999713897705,1.7100000381469727,1.715000033378601,20363,0.0,0.0
2023-07-24 00:00:00+03:00,1.7599999904632568,1.7799999713897705,1.715000033378601,1.715000033378601,38102,0.0,0.0
2023-07-25 00:00:00+03:00,1.7799999713897705,1.8200000524520874,1.7300000190734863,1.815000057220459,62641,0.0,0.0
2023-07-26 00:00:00+03:00,1.8200000524520874,1.875,1.725000023841858,1.725000023841858,31765,0.0,0.0
2023-07-27 00:00:00+03:00,1.7300000190734863,1.8200000524520874,1.7300000190734863,1.7949999570846558,56564,0.0,0.0
2023-07-28 00:00:00+03:00,1.7999999523162842,1.8300000429153442,1.7699999809265137,1.7949999570846558,17776,0.0,0.0
2023-07-31 00:00:00+03:00,1.7999999523162842,1.850000023841858,1.774999976158142,1.8250000476837158,5348,0.0,0.0
2023-08-01 00:00:00+03:00,1.8300000429153442,1.840000033378601,1.75,1.784999966621399,50057,0.0,0.0
2023-08-02 00:00:00+03:00,1.8550000190734863,1.8550000190734863,1.7350000143051147,1.8250000476837158,13438,0.0,0.0
2023-08-03 00:00:00+03:00,1.8300000429153442,1.8300000429153442,1.75,1.7949999570846558,29380,0.0,0.0
2023-08-04 00:00:00+03:00,1.8250000476837158,1.8600000143051147,1.809999942779541,1.8600000143051147,8045,0.0,0.0
2023-08-07 00:00:00+03:00,1.8550000190734863,1.9600000381469727,1.8550000190734863,1.8799999952316284,5893,0.0,0.0
2023-08-08 00:00:00+03:00,1.7999999523162842,1.9199999570846558,1.7999999523162842,1.8250000476837158,9720,0.0,0.0
2023-08-09 00:00:00+03:00,1.815000057220459,1.8700000047683716,1.7699999809265137,1.8049999475479126,38242,0.0,0.0
2023-08-10 00:00:00+03:00,1.809999942779541,1.8300000429153442,1.7100000381469727,1.7200000286102295,27782,0.0,0.0
2023-08-11 00:00:00+03:00,1.7200000286102295,1.774999976158142,1.684999942779541,1.7000000476837158,16464,0.0,0.0
2023-08-14 00:00:00+03:00,1.7000000476837158,1.899999976158142,1.6649999618530273,1.899999976158142,13752,0.0,0.0
2023-08-15 00:00:00+03:00,1.8849999904632568,1.8849999904632568,1.690000057220459,1.7999999523162842,45786,0.0,0.0
2023-08-16 00:00:00+03:00,1.6950000524520874,1.7050000429153442,1.625,1.690000057220459,41756,0.0,0.0
2023-08-17 00:00:00+03:00,1.690000057220459,1.690000057220459,1.6200000047683716,1.649999976158142,19382,0.0,0.0
2023-08-18 00:00:00+03:00,1.7000000476837158,1.7000000476837158,1.5700000524520874,1.600000023841858,39053,0.0,0.0
2023-08-21 00:00:00+03:00,1.600000023841858,1.6299999952316284,1.5700000524520874,1.6150000095367432,33049,0.0,0.0
2023-08-22 00:00:00+03:00,1.6749999523162842,1.6749999523162842,1.5199999809265137,1.5399999618530273,76615,0.0,0.0
2023-08-23 00:00:00+03:00,1.5399999618530273,1.590000033378601,1.5299999713897705,1.5850000381469727,114979,0.0,0.0
2023-08-24 00:00:00+03:00,1.6699999570846558,1.7300000190734863,1.5,1.6649999618530273,196734,0.0,0.0
2023-08-25 00:00:00+03:00,1.6649999618530273,1.8550000190734863,1.6649999618530273,1.7999999523162842,97017,0.0,0.0
2023-08-28 00:00:00+03:00,1.850000023841858,2.0299999713897705,1.8200000524520874,2.009999990463257,180022,0.0,0.0
2023-08-29 00:00:00+03:00,2.009999990463257,2.0799999237060547,1.9950000047683716,2.069999933242798,269665,0.0,0.0
2023-08-30 00:00:00+03:00,2.0799999237060547,2.1500000953674316,2.049999952316284,2.0799999237060547,100978,0.0,0.0
2023-08-31 00:00:00+03:00,2.1500000953674316,2.299999952316284,2.140000104904175,2.25,135133,0.0,0.0
2023-09-01 00:00:00+03:00,2.2799999713897705,2.5199999809265137,2.259999990463257,2.299999952316284,215008,0.0,0.0
2023-09-04 00:00:00+03:00,2.359999895095825,2.450000047683716,2.259999990463257,2.3399999141693115,101949,0.0,0.0
2023-09-05 00:00:00+03:00,2.3499999046325684,2.3499999046325684,2.0299999713897705,2.109999895095825,44590,0.0,0.0
2023-09-06 00:00:00+03:00,2.1500000953674316,2.1500000953674316,2.109999895095825,2.109999895095825,6868,0.0,0.0
2023-09-07 00:00:00+03:00,2.200000047683716,2.200000047683716,2.1500000953674316,2.180000066757202,11333,0.0,0.0
2023-09-08 00:00:00+03:00,2.0899999141693115,2.180000066757202,2.0399999618530273,2.0399999618530273,17025,0.0,0.0
2023-09-11 00:00:00+03:00,2.0999999046325684,2.0999999046325684,1.9900000095367432,2.0199999809265137,10815,0.0,0.0
2023-09-12 00:00:00+03:00,2.009999990463257,2.0199999809265137,1.9049999713897705,1.934999942779541,23426,0.0,0.0
2023-09-13 00:00:00+03:00,1.9199999570846558,2.069999933242798,1.9199999570846558,2.0299999713897705,23957,0.0,0.0
2023-09-14 00:00:00+03:00,2.109999895095825,2.109999895095825,2.0199999809265137,2.0199999809265137,11835,0.0,0.0
2023-09-15 00:00:00+03:00,2.0199999809265137,2.0899999141693115,2.0199999809265137,2.0299999713897705,29661,0.0,0.0
2023-09-18 00:00:00+03:00,2.059999942779541,2.059999942779541,1.9700000286102295,2.0,5319,0.0,0.0
2023-09-19 00:00:00+03:00,2.0,2.0,1.9049999713897705,1.9450000524520874,209185,0.0,0.0
2023-09-20 00:00:00+03:00,1.9500000476837158,2.0299999713897705,1.9249999523162842,2.0,25888,0.0,0.0
2023-09-21 00:00:00+03:00,2.0,2.0199999809265137,1.9800000190734863,1.9850000143051147,4966,0.0,0.0
2023-09-22 00:00:00+03:00,1.9700000286102295,1.9850000143051147,1.9299999475479126,1.9299999475479126,7364,0.0,0.0
2023-09-25 00:00:00+03:00,1.9049999713897705,1.9299999475479126,1.875,1.8899999856948853,7414,0.0,0.0
2023-09-26 00:00:00+03:00,1.8899999856948853,1.8899999856948853,1.7649999856948853,1.7649999856948853,24997,0.0,0.0
2023-09-27 00:00:00+03:00,1.7649999856948853,1.809999942779541,1.7649999856948853,1.784999966621399,2856,0.0,0.0
2023-09-28 00:00:00+03:00,1.815000057220459,1.8200000524520874,1.7599999904632568,1.7599999904632568,23629,0.0,0.0
2023-09-29 00:00:00+03:00,1.7999999523162842,1.8250000476837158,1.7649999856948853,1.7799999713897705,15568,0.0,0.0
2023-10-02 00:00:00+03:00,1.7799999713897705,1.8700000047683716,1.7649999856948853,1.7799999713897705,20447,0.0,0.0
2023-10-03 00:00:00+03:00,1.7649999856948853,1.7649999856948853,1.725000023841858,1.7400000095367432,12017,0.0,0.0
2023-10-04 00:00:00+03:00,1.7400000095367432,1.7400000095367432,1.6649999618530273,1.6649999618530273,29080,0.0,0.0
2023-10-05 00:00:00+03:00,1.6649999618530273,1.7200000286102295,1.6449999809265137,1.6649999618530273,58729,0.0,0.0
2023-10-06 00:00:00+03:00,1.6649999618530273,1.6649999618530273,1.6050000190734863,1.625,83346,0.0,0.0
2023-10-09 00:00:00+03:00,1.6100000143051147,1.6950000524520874,1.6100000143051147,1.649999976158142,21384,0.0,0.0
2023-10-10 00:00:00+03:00,1.7000000476837158,1.8799999952316284,1.7000000476837158,1.7200000286102295,23250,0.0,0.0
2023-10-11 00:00:00+03:00,1.7200000286102295,1.7200000286102295,1.6749999523162842,1.7050000429153442,3928,0.0,0.0
2023-10-12 00:00:00+03:00,1.7050000429153442,1.7599999904632568,1.649999976158142,1.6549999713897705,19360,0.0,0.0
2023-10-13 00:00:00+03:00,1.6549999713897705,1.7200000286102295,1.6399999856948853,1.6749999523162842,34404,0.0,0.0
2023-10-16 00:00:00+03:00,1.715000033378601,1.7350000143051147,1.659999966621399,1.6699999570846558,11513,0.0,0.0
2023-10-17 00:00:00+03:00,1.8550000190734863,1.8550000190734863,1.600000023841858,1.6399999856948853,21988,0.0,0.0
2023-10-18 00:00:00+03:00,1.6799999475479126,1.7549999952316284,1.600000023841858,1.6200000047683716,161808,0.0,0.0
2023-10-19 00:00:00+03:00,1.600000023841858,1.6950000524520874,1.5299999713897705,1.600000023841858,73340,0.0,0.0
2023-10-20 00:00:00+03:00,1.565000057220459,1.7400000095367432,1.5549999475479126,1.5800000429153442,50016,0.0,0.0
2023-10-23 00:00:00+03:00,1.7000000476837158,1.784999966621399,1.590000033378601,1.6100000143051147,95948,0.0,0.0
2023-10-24 00:00:00+03:00,1.5950000286102295,1.684999942779541,1.559999942779541,1.590000033378601,41698,0.0,0.0
2023-10-25 00:00:00+03:00,1.5800000429153442,1.6699999570846558,1.565000057220459,1.649999976158142,13923,0.0,0.0
2023-10-26 00:00:00+03:00,1.5499999523162842,1.6299999952316284,1.5499999523162842,1.5800000429153442,9156,0.0,0.0
2023-10-27 00:00:00+03:00,1.565000057220459,1.6150000095367432,1.5299999713897705,1.5950000286102295,26422,0.0,0.0
2023-10-30 00:00:00+02:00,1.600000023841858,1.600000023841858,1.565000057220459,1.5800000429153442,11000,0.0,0.0
2023-10-31 00:00:00+02:00,1.6399999856948853,1.6399999856948853,1.559999942779541,1.590000033378601,10333,0.0,0.0
2023-11-01 00:00:00+02:00,1.6200000047683716,1.6299999952316284,1.5,1.5700000524520874,16560,0.0,0.0
2023-11-02 00:00:00+02:00,1.5800000429153442,1.6399999856948853,1.5800000429153442,1.6050000190734863,18417,0.0,0.0
2023-11-03 00:00:00+02:00,1.6299999952316284,1.7100000381469727,1.6299999952316284,1.649999976158142,28263,0.0,0.0
2023-11-06 00:00:00+02:00,1.684999942779541,1.7999999523162842,1.5950000286102295,1.7999999523162842,20396,0.0,0.0
2023-11-07 00:00:00+02:00,1.7999999523162842,1.7999999523162842,1.590000033378601,1.6100000143051147,35950,0.0,0.0
2023-11-08 00:00:00+02:00,1.6950000524520874,1.6950000524520874,1.5950000286102295,1.659999966621399,23236,0.0,0.0
2023-11-09 00:00:00+02:00,1.625,1.6699999570846558,1.600000023841858,1.6299999952316284,42256,0.0,0.0
2023-11-10 00:00:00+02:00,1.6299999952316284,1.6749999523162842,1.5850000381469727,1.6749999523162842,40019,0.0,0.0
2023-11-13 00:00:00+02:00,1.7000000476837158,1.7000000476837158,1.590000033378601,1.6749999523162842,12308,0.0,0.0
