Date,Open,High,Low,Close,Volume,Dividends,Stock Splits
2021-06-02 00:00:00+03:00,4.0178261293058135,4.490511556282968,4.0178261293058135,4.206900119781494,932327,0.0,0.0
2021-06-03 00:00:00+03:00,4.140724547421103,4.159631946920324,4.018299101854548,4.083529472351074,144529,0.0,0.0
2021-06-04 00:00:00+03:00,4.083529292652328,4.140724365205444,4.017826048474757,4.074548244476318,83434,0.0,0.0
2021-06-07 00:00:00+03:00,4.131270405968135,4.159631729125977,4.055640811931144,4.159631729125977,30855,0.0,0.0
2021-06-08 00:00:00+03:00,4.187993049621582,4.206900450153968,4.159632174216995,4.187993049621582,6476,0.0,0.0
2021-06-09 00:00:00+03:00,4.187992604194667,4.206900002716099,4.11236301010894,4.131270408630371,21723,0.0,0.0
2021-06-10 00:00:00+03:00,4.131270405968135,4.2163539246537205,4.084002135088985,4.159631729125977,22717,0.0,0.0
2021-06-11 00:00:00+03:00,4.169085502624512,4.169085502624512,4.084002428611829,4.169085502624512,11304,0.0,0.0
2021-06-14 00:00:00+03:00,4.140724732730244,4.140724732730244,4.017826405091277,4.027280330657959,34286,0.0,0.0
2021-06-15 00:00:00+03:00,4.046187407110195,4.065094805942058,3.970557360994797,3.98946475982666,20438,0.0,0.0
2021-06-16 00:00:00+03:00,3.9894648264028936,3.9894648264028936,3.8382056332237746,3.8760204315185547,25588,0.0,0.0
2021-06-17 00:00:00+03:00,3.8760204034268204,3.8854743283259743,3.7720297088698564,3.809844732284546,34083,0.0,0.0
2021-06-18 00:00:00+03:00,3.809844789273744,3.8476595878601074,3.781483464939993,3.8476595878601074,14045,0.0,0.0
2021-06-21 00:00:00+03:00,3.8382056332237746,3.8760204315185547,3.6869464400446557,3.8760204315185547,15228,0.0,0.0
2021-06-22 00:00:00+03:00,3.9138351282147235,3.9138351282147235,3.7720296382904053,3.7720296382904053,14758,0.0,0.0
2021-06-23 00:00:00+03:00,3.781483408375035,3.828752131294903,3.7625760093646776,3.809844732284546,16771,0.0,0.0
2021-06-24 00:00:00+03:00,3.8192981161871766,3.8476594394268173,3.7814833190596158,3.828752040863037,9092,0.0,0.0
2021-06-28 00:00:00+03:00,3.8287521590440567,3.9705574272555038,3.8287521590440567,3.8760204315185547,7534,0.0,0.0
2021-06-29 00:00:00+03:00,3.9232894140683245,3.970557689666748,3.9232894140683245,3.970557689666748,19906,0.0,0.0
2021-06-30 00:00:00+03:00,3.9516501426696777,3.9705575423652086,3.866567069433773,3.9516501426696777,19147,0.0,0.0
2021-07-01 00:00:00+03:00,3.951649956017627,4.159631793632629,3.951649956017627,4.046187400817871,21689,0.0,0.0
2021-07-02 00:00:00+03:00,4.055640877956381,4.112363074407553,4.017826080322266,4.017826080322266,7206,0.0,0.0
2021-07-05 00:00:00+03:00,4.017826021830307,4.102909540662384,3.9705573000818335,3.980011224746704,7013,0.0,0.0
2021-07-06 00:00:00+03:00,4.017826077220208,4.08400219842279,3.951649956017627,4.046187400817871,9136,0.0,0.0
2021-07-07 00:00:00+03:00,3.989464846727938,4.084002293734479,3.989464846727938,3.9989187717437744,6558,0.0,0.0
2021-07-08 00:00:00+03:00,3.998918412351938,3.998918412351938,3.8854740270851393,3.9232888221740723,2855,0.0,0.0
2021-07-09 00:00:00+03:00,3.8949279435830855,4.06509499163083,3.8949279435830855,3.9516501426696777,5864,0.0,0.0
2021-07-12 00:00:00+03:00,4.079275179788147,4.084002142120582,3.9516499015400317,3.980011224746704,4556,0.0,0.0
2021-07-13 00:00:00+03:00,4.050914192408761,4.050914192408761,3.961104154586792,3.961104154586792,3618,0.0,0.0
2021-07-14 00:00:00+03:00,3.9611040110483673,3.9611040110483673,3.904381812776042,3.913835287094116,2209,0.0,0.0
2021-07-15 00:00:00+03:00,3.90438175201416,3.9705574235747014,3.90438175201416,3.90438175201416,7571,0.0,0.0
2021-07-16 00:00:00+03:00,3.9705575577387537,3.9705575577387537,3.9091088465813315,3.937469720840454,2823,0.0,0.0
2021-07-19 00:00:00+03:00,3.9374698516690536,3.970557689666748,3.8807476504781553,3.970557689666748,4570,0.0,0.0
2021-07-20 00:00:00+03:00,3.965830911883201,3.9705574235747014,3.90438175201416,3.90438175201416,3542,0.0,0.0
2021-07-21 00:00:00+03:00,3.9421966075897217,3.951650081898121,3.899654846232026,3.9421966075897217,3757,0.0,0.0
2021-07-22 00:00:00+03:00,3.9421965353633075,4.032006568193476,3.90438173724661,3.918562173843384,9609,0.0,0.0
2021-07-23 00:00:00+03:00,3.9185623058994907,4.03673366669355,3.9138353432786164,3.9516501426696777,2340,0.0,0.0
2021-07-26 00:00:00+03:00,3.9705570906412806,4.003645374435034,3.9232888221740723,3.9232888221740723,7584,0.0,0.0
2021-07-27 00:00:00+03:00,4.013099154065837,4.017826116509662,3.928016084016732,3.9327425956726074,6314,0.0,0.0
2021-07-28 00:00:00+03:00,3.9752846524629857,3.9752846524629857,3.932742888872816,3.970557689666748,3790,0.0,0.0
2021-07-29 00:00:00+03:00,3.965830881991434,3.965830881991434,3.9327425956726074,3.9327425956726074,2829,0.0,0.0
2021-07-30 00:00:00+03:00,3.9516499946599586,3.9516499946599586,3.928016084016732,3.9327425956726074,13964,0.0,0.0
2021-08-02 00:00:00+03:00,3.9563771052905525,3.961104067911427,3.942196668215896,3.9516501426696777,2823,0.0,0.0
2021-08-03 00:00:00+03:00,3.9516501441820675,4.121817192294939,3.9516501441820675,4.088728904724121,7173,0.0,0.0
2021-08-04 00:00:00+03:00,4.1407245875196175,4.1407245875196175,4.084002388472659,4.117090225219727,8947,0.0,0.0
2021-08-05 00:00:00+03:00,4.0556410226750925,4.131270620642037,3.9800114247081475,4.065094947814941,7455,0.0,0.0
2021-08-06 00:00:00+03:00,4.017826170987491,4.098182730470278,3.9989187717437744,3.9989187717437744,2370,0.0,0.0
2021-08-09 00:00:00+03:00,3.9989188988730793,4.117090260600076,3.9989188988730793,4.060368061065674,3827,0.0,0.0
2021-08-10 00:00:00+03:00,4.065094947814941,4.065094947814941,3.984738387278072,4.065094947814941,4923,0.0,0.0
2021-08-11 00:00:00+03:00,4.074548422166829,4.074548422166829,4.003645786769808,4.065094947814941,2197,0.0,0.0
2021-08-12 00:00:00+03:00,4.013099261121695,4.065094947814941,4.013099261121695,4.065094947814941,5137,0.0,0.0
2021-08-13 00:00:00+03:00,4.074548498720796,4.197446823120117,4.0414606616855835,4.197446823120117,16365,0.0,0.0
2021-08-16 00:00:00+03:00,4.206900084045865,4.343978838673302,4.159631812222441,4.291983604431152,9162,0.0,0.0
2021-08-17 00:00:00+03:00,4.25416898727417,4.287256824034153,4.15963198882567,4.25416898727417,7582,0.0,0.0
2021-08-18 00:00:00+03:00,4.254168731736979,4.29671049118042,4.254168731736979,4.29671049118042,3665,0.0,0.0
2021-08-19 00:00:00+03:00,4.296710555905096,4.296710555905096,4.164358764033518,4.1832661628723145,11035,0.0,0.0
2021-08-20 00:00:00+03:00,4.206899938229499,4.273076057434082,4.178539066276058,4.273076057434082,10351,0.0,0.0
2021-08-23 00:00:00+03:00,4.291983572348331,4.348705768585205,4.291983572348331,4.348705768585205,43922,0.0,0.0
2021-08-24 00:00:00+03:00,4.447969946790585,4.585048707237901,4.25416898727417,4.25416898727417,48398,0.0,0.0
2021-08-25 00:00:00+03:00,4.386520511236951,4.386520511236951,4.159631729125977,4.159631729125977,21623,0.0,0.0
2021-08-26 00:00:00+03:00,4.254168721672216,4.254168721672216,4.159631729125977,4.159631729125977,6312,0.0,0.0
2021-08-27 00:00:00+03:00,4.169085234866348,4.206900032174001,4.06509476766427,4.102909564971924,13881,0.0,0.0
2021-08-30 00:00:00+03:00,4.093455342315221,4.173811893442344,4.027279677237292,4.036733150482178,11532,0.0,0.0
2021-08-31 00:00:00+03:00,4.055640842943386,4.126543475198251,4.036733444289559,4.102909564971924,6802,0.0,0.0
2021-09-01 00:00:00+03:00,4.112363148208001,4.121817073180162,4.0414605140686035,4.0414605140686035,2657,0.0,0.0
2021-09-02 00:00:00+03:00,4.065094947814941,4.126543658072112,4.036733623183356,4.065094947814941,10392,0.0,0.0
2021-09-03 00:00:00+03:00,4.06509517607318,4.06509517607318,4.027280374966377,4.050914287567139,5852,0.0,0.0
2021-09-06 00:00:00+03:00,4.050913988252812,4.055640950738892,4.003645715755864,4.0414605140686035,3142,0.0,0.0
2021-09-07 00:00:00+03:00,4.041460304499976,4.3156178034449635,4.041460304499976,4.135997295379639,29388,0.0,0.0
2021-09-08 00:00:00+03:00,4.131270807163562,4.131270807163562,3.9941920419625556,4.027280330657959,4355,0.0,0.0
2021-09-09 00:00:00+03:00,4.027279650005765,4.0981822766206655,3.970557007768357,4.0934553146362305,5790,0.0,0.0
2021-09-10 00:00:00+03:00,3.980011285804702,4.065094805942058,3.980011285804702,3.98946475982666,4424,0.0,0.0
2021-09-13 00:00:00+03:00,4.017826170987491,4.065094894490763,3.989464846727938,3.9989187717437744,4182,0.0,0.0
2021-09-14 00:00:00+03:00,3.998918575682566,4.079275131225586,3.970557252813527,4.079275131225586,4695,0.0,0.0
2021-09-15 00:00:00+03:00,4.046187400817871,4.046187400817871,3.970557354820087,4.046187400817871,12969,0.0,0.0
2021-09-16 00:00:00+03:00,4.017826077220208,4.046187400817871,4.017826077220208,4.046187400817871,1440,0.0,0.0
2021-09-17 00:00:00+03:00,3.9941920528599515,3.9941920528599515,3.970557689666748,3.970557689666748,1819,0.0,0.0
2021-09-20 00:00:00+03:00,4.079275306662375,4.079275306662375,3.8949278270552523,3.90438175201416,27263,0.0,0.0
2021-09-21 00:00:00+03:00,3.9043820136713587,3.9894650900637143,3.894928088078884,3.970557689666748,6637,0.0,0.0
2021-09-22 00:00:00+03:00,3.9800114247081475,4.202173706827019,3.9800114247081475,4.065094947814941,12128,0.0,0.0
2021-09-23 00:00:00+03:00,4.065094947814941,4.112363221150301,4.065094947814941,4.065094947814941,1974,0.0,0.0
2021-09-24 00:00:00+03:00,4.065094947814941,4.131270620642037,4.065094947814941,4.065094947814941,2803,0.0,0.0
2021-09-27 00:00:00+03:00,4.093455821658565,4.093455821658565,4.065094947814941,4.065094947814941,1857,0.0,0.0
2021-09-28 00:00:00+03:00,4.065094947814941,4.0840023473066775,4.065094947814941,4.065094947814941,4994,0.0,0.0
2021-09-29 00:00:00+03:00,4.065095094637381,4.117090332420621,3.9894650431508802,4.084002494812012,2056,0.0,0.0
2021-09-30 00:00:00+03:00,4.093455867346805,4.102909792592172,4.0036458314556524,4.088728904724121,2775,0.0,0.0
2021-10-01 00:00:00+03:00,4.126543554782472,4.126543554782472,4.055640921160183,4.069821357727051,4448,0.0,0.0
2021-10-04 00:00:00+03:00,4.112363007458888,4.287256556366415,4.112363007458888,4.159631729125977,31443,0.0,0.0
2021-10-05 00:00:00+03:00,4.254168872847599,4.254168872847599,4.178539276123047,4.178539276123047,2784,0.0,0.0
2021-10-06 00:00:00+03:00,4.2069000000051275,4.2069000000051275,4.159631729125977,4.159631729125977,1420,0.0,0.0
2021-10-07 00:00:00+03:00,4.159631885639341,4.287256717681885,4.159631885639341,4.287256717681885,5569,0.0,0.0
2021-10-08 00:00:00+03:00,4.287256789310527,4.310891151428223,4.159631955135712,4.310891151428223,4568,0.0,0.0
2021-10-11 00:00:00+03:00,4.443242984171168,4.443242984171168,4.211627225275354,4.25416898727417,8873,0.0,0.0
2021-10-12 00:00:00+03:00,4.25416898727417,4.3108911863432695,4.2305346249650535,4.25416898727417,5379,0.0,0.0
2021-10-13 00:00:00+03:00,4.296710343845816,4.296710343845816,4.249441623687744,4.249441623687744,268,0.0,0.0
2021-10-14 00:00:00+03:00,4.173812495596578,4.296710821025952,4.159632058289488,4.277803421020508,3803,0.0,0.0
2021-10-15 00:00:00+03:00,4.273076494626184,4.273076494626184,4.173812531057263,4.221081256866455,1542,0.0,0.0
2021-10-18 00:00:00+03:00,4.25416898727417,4.258895949893587,4.249442024654753,4.25416898727417,9063,0.0,0.0
2021-10-19 00:00:00+03:00,4.254168806657235,4.3297984022050695,4.254168806657235,4.291983604431152,4778,0.0,0.0
2021-10-20 00:00:00+03:00,4.306163967816954,4.306163967816954,4.263622659134252,4.2683491706848145,924,0.0,0.0
2021-10-21 00:00:00+03:00,4.273076352355095,4.310891151428223,4.254168952818532,4.310891151428223,2808,0.0,0.0
2021-10-22 00:00:00+03:00,4.310890971093955,4.348705768585205,4.197446578620207,4.348705768585205,4032,0.0,0.0
2021-10-25 00:00:00+03:00,4.254168882963914,4.490511598684132,4.254168882963914,4.452696800231934,7505,0.0,0.0
2021-10-26 00:00:00+03:00,4.443242695838069,4.490511417388916,4.443242695838069,4.490511417388916,6965,0.0,0.0
2021-10-27 00:00:00+03:00,4.490511417388916,4.490511417388916,4.452696620463413,4.490511417388916,3722,0.0,0.0
2021-10-28 00:00:00+03:00,4.358159765733797,4.372340202331543,4.358159765733797,4.372340202331543,244,0.0,0.0
2021-10-29 00:00:00+03:00,4.490511484571363,4.490511484571363,4.348705768585205,4.348705768585205,3091,0.0,0.0
2021-11-01 00:00:00+02:00,4.263622760772705,4.334525394388697,4.263622760772705,4.263622760772705,5083,0.0,0.0
2021-11-02 00:00:00+02:00,4.334525692625858,4.39597485635544,4.254169128578558,4.301437854766846,1727,0.0,0.0
2021-11-03 00:00:00+02:00,4.301437529268606,4.391247561284673,4.263622731494689,4.291983604431152,1282,0.0,0.0
2021-11-04 00:00:00+02:00,4.2967104297856284,4.410154819488525,4.254168670950058,4.410154819488525,3862,0.0,0.0
2021-11-05 00:00:00+02:00,4.414881769565084,4.414881769565084,4.258895621457361,4.273076057434082,3327,0.0,0.0
2021-11-08 00:00:00+02:00,4.320344854832462,4.419608810001315,4.2683491706848145,4.2683491706848145,555,0.0,0.0
2021-11-09 00:00:00+02:00,4.258895949893587,4.3487059857226695,4.206900262655937,4.25416898727417,4689,0.0,0.0
2021-11-10 00:00:00+02:00,4.320344957823089,4.320344957823089,4.254168835870333,4.263622760772705,1533,0.0,0.0
2021-11-11 00:00:00+02:00,4.263623102539117,4.263623102539117,4.187993049621582,4.187993049621582,3064,0.0,0.0
2021-11-12 00:00:00+02:00,4.206900119781494,4.206900119781494,4.197446645651686,4.206900119781494,584,0.0,0.0
2021-11-15 00:00:00+02:00,4.25416898727417,4.3487059857226695,4.140724589135971,4.25416898727417,625,0.0,0.0
2021-11-16 00:00:00+02:00,4.25416891148823,4.377067232675889,4.230534549600147,4.2588958740234375,3875,0.0,0.0
2021-11-17 00:00:00+02:00,4.301437854766846,4.301437854766846,4.301437854766846,4.301437854766846,70,0.0,0.0
2021-11-18 00:00:00+02:00,4.263622836558646,4.2919837101939775,4.2588958740234375,4.2588958740234375,3427,0.0,0.0
2021-11-19 00:00:00+02:00,4.381794195211096,4.381794195211096,4.2588958740234375,4.2588958740234375,860,0.0,0.0
2021-11-22 00:00:00+02:00,4.263622912513004,4.358159910961502,4.25416898727417,4.25416898727417,5402,0.0,0.0
2021-11-23 00:00:00+02:00,4.254169131588106,4.254169131588106,4.154905167152864,4.164359092712402,2907,0.0,0.0
2021-11-24 00:00:00+02:00,4.296710481015008,4.296710481015008,4.159631729125977,4.159631729125977,2320,0.0,0.0
2021-11-25 00:00:00+02:00,4.173812567483958,4.197446930594822,4.159632129932633,4.164359092712402,902,0.0,0.0
2021-11-26 00:00:00+02:00,4.15963202294787,4.15963202294787,3.970557573711893,4.060368061065674,15917,0.0,0.0
2021-11-29 00:00:00+02:00,4.065094947814941,4.154904982703698,4.065094947814941,4.065094947814941,1972,0.0,0.0
2021-11-30 00:00:00+02:00,4.065094770536696,4.074548244476318,4.065094770536696,4.074548244476318,2933,0.0,0.0
2021-12-01 00:00:00+02:00,4.065094444305433,4.0934553146362305,4.065094444305433,4.0934553146362305,4045,0.0,0.0
2021-12-02 00:00:00+02:00,4.069821459596904,4.173812382195434,4.065094947814941,4.065094947814941,4184,0.0,0.0
2021-12-03 00:00:00+02:00,4.065094947814941,4.074548422166829,4.01782622369162,4.065094947814941,6297,0.0,0.0
2021-12-07 00:00:00+02:00,4.1596316867686065,4.230534317759302,4.065094695185033,4.079275131225586,1505,0.0,0.0
2021-12-08 00:00:00+02:00,4.065095138955467,4.1501782152749,4.022553375401759,4.107636451721191,4883,0.0,0.0
2021-12-09 00:00:00+02:00,4.0650948460633956,4.230534474778053,4.022553085574843,4.069821357727051,8192,0.0,0.0
2021-12-10 00:00:00+02:00,4.069821282112536,4.112363041810692,4.069821282112536,4.074548244476318,1074,0.0,0.0
2021-12-13 00:00:00+02:00,4.112363041810692,4.112363041810692,4.074548244476318,4.074548244476318,932,0.0,0.0
2021-12-14 00:00:00+02:00,4.074548244476318,4.225807433813815,4.069821282112536,4.074548244476318,3191,0.0,0.0
2021-12-15 00:00:00+02:00,4.074548422166829,4.074548422166829,4.065094947814941,4.065094947814941,2845,0.0,0.0
2021-12-16 00:00:00+02:00,4.112363297941883,4.15963202294787,4.060368061065674,4.060368061065674,2748,0.0,0.0
2021-12-17 00:00:00+02:00,4.017826334223542,4.065095059647244,4.003645896911621,4.003645896911621,2857,0.0,0.0
2021-12-20 00:00:00+02:00,3.998919015656189,3.998919015656189,3.9232894140683245,3.970557689666748,5189,0.0,0.0
2021-12-21 00:00:00+02:00,3.970557689666748,3.9847385780554605,3.9469237772615284,3.970557689666748,1959,0.0,0.0
2021-12-22 00:00:00+02:00,4.0083722985517705,4.065094947814941,3.9894648990600343,4.065094947814941,2822,0.0,0.0
2021-12-23 00:00:00+02:00,4.046187548323205,4.065094947814941,3.970557499568298,4.065094947814941,3449,0.0,0.0
2021-12-27 00:00:00+02:00,4.187992604194667,4.216353927370784,4.069821250738732,4.131270408630371,3353,0.0,0.0
2021-12-28 00:00:00+02:00,4.140724515370986,4.2588958740234375,4.140724515370986,4.2588958740234375,14263,0.0,0.0
2021-12-29 00:00:00+02:00,4.230534731555506,4.249442131721588,4.022553329728612,4.221081256866455,1808,0.0,0.0
2021-12-30 00:00:00+02:00,4.079275142410994,4.216353893280029,4.079275142410994,4.216353893280029,1121,0.0,0.0
2022-01-03 00:00:00+02:00,4.225807802707989,4.301437854766846,4.008372473660232,4.301437854766846,3713,0.0,0.0
2022-01-04 00:00:00+02:00,4.282530312202703,4.282530312202703,4.225807662345637,4.25416898727417,966,0.0,0.0
2022-01-05 00:00:00+02:00,4.244715062035337,4.25416898727417,4.1123632642074375,4.25416898727417,3984,0.0,0.0
2022-01-07 00:00:00+02:00,4.25416898727417,4.2730763869638695,4.25416898727417,4.25416898727417,2620,0.0,0.0
2022-01-10 00:00:00+02:00,4.2636225837122455,4.273076057434082,4.254168659202477,4.273076057434082,1313,0.0,0.0
2022-01-11 00:00:00+02:00,4.164358803237546,4.273076234887127,4.164358803237546,4.263622760772705,680,0.0,0.0
2022-01-12 00:00:00+02:00,4.16908524674149,4.254168766320033,4.16908524674149,4.211627006530762,2152,0.0,0.0
2022-01-13 00:00:00+02:00,4.277803349583286,4.282530312202703,4.25416898727417,4.25416898727417,1041,0.0,0.0
2022-01-14 00:00:00+02:00,4.244715066488099,4.244715066488099,4.150178067940429,4.2258076667785645,640,0.0,0.0
2022-01-17 00:00:00+02:00,4.244714850090297,4.348705768585205,4.244714850090297,4.348705768585205,1738,0.0,0.0
2022-01-18 00:00:00+02:00,4.3487059857226695,4.3487059857226695,4.25416898727417,4.25416898727417,137,0.0,0.0
2022-01-19 00:00:00+02:00,4.25416898727417,4.301437711892403,4.25416898727417,4.25416898727417,5094,0.0,0.0
2022-01-20 00:00:00+02:00,4.254169058316709,4.296710821025952,4.11236333288189,4.277803421020508,1869,0.0,0.0
2022-01-21 00:00:00+02:00,4.282530044830057,4.282530044830057,4.159631729125977,4.159631729125977,9981,0.0,0.0
2022-01-24 00:00:00+02:00,4.065094529151528,4.135997157246298,3.857112705374482,3.9232888221740723,34363,0.0,0.0
2022-01-25 00:00:00+02:00,3.965831066430677,4.135997665230788,3.965831066430677,4.032006740570068,4749,0.0,0.0
2022-01-26 00:00:00+02:00,4.04146058575328,4.102909746798414,3.9469235882945997,4.065094947814941,2617,0.0,0.0
2022-01-27 00:00:00+02:00,4.098183014344635,4.1359978154514385,4.050914287567139,4.050914287567139,1647,0.0,0.0
2022-01-28 00:00:00+02:00,3.9705570346163386,4.178538855458742,3.9705570346163386,4.036733150482178,3376,0.0,0.0
2022-01-31 00:00:00+02:00,4.0320066606134315,4.145451508351811,4.0320066606134315,4.065094947814941,3727,0.0,0.0
2022-02-01 00:00:00+02:00,4.065094695185033,4.079275131225586,4.060367732908872,4.079275131225586,4160,0.0,0.0
2022-02-02 00:00:00+02:00,4.079275131225586,4.154904724492444,3.8854741857822783,4.079275131225586,5641,0.0,0.0
2022-02-03 00:00:00+02:00,4.159631945273622,4.159631945273622,4.027280148831469,4.065094947814941,2742,0.0,0.0
2022-02-04 00:00:00+02:00,4.093456051509288,4.093456051509288,3.970557722518186,4.050914287567139,2742,0.0,0.0
2022-02-07 00:00:00+02:00,3.975284409992139,4.079275331226561,3.970557447484221,3.9989187717437744,2534,0.0,0.0
2022-02-08 00:00:00+02:00,3.9705573000818335,4.154904773955352,3.9705573000818335,3.980011224746704,579,0.0,0.0
2022-02-09 00:00:00+02:00,3.9705576448963016,4.131270771852368,3.894928044161207,3.9469237327575684,950,0.0,0.0
2022-02-10 00:00:00+02:00,3.913835138804781,4.060367816880689,3.8760203413893106,3.894927740097046,3117,0.0,0.0
2022-02-11 00:00:00+02:00,3.923289089309113,3.98946475982666,3.890200803262393,3.98946475982666,1564,0.0,0.0
2022-02-14 00:00:00+02:00,3.9563769133814355,3.9658308381646097,3.876020355876235,3.8807473182678223,4199,0.0,0.0
2022-02-15 00:00:00+02:00,3.8807475371460827,4.060368061065674,3.8807475371460827,4.060368061065674,849,0.0,0.0
2022-02-16 00:00:00+02:00,4.112363118215605,4.112363118215605,4.069821357727051,4.069821357727051,141,0.0,0.0
2022-02-17 00:00:00+02:00,4.098182678222656,4.098182678222656,4.098182678222656,4.098182678222656,462,0.0,0.0
2022-02-18 00:00:00+02:00,3.8807470650020437,4.050913642902242,3.8807470650020437,3.9232888221740723,1700,0.0,0.0
2022-02-21 00:00:00+02:00,3.880747379204109,3.9563769755052736,3.880747379204109,3.8902008533477783,2847,0.0,0.0
2022-02-22 00:00:00+02:00,3.876020465301049,3.9563770250748136,3.772029769084046,3.819298267364502,6187,0.0,0.0
2022-02-23 00:00:00+02:00,3.8098449537127492,3.961104154586792,3.8098449537127492,3.961104154586792,1994,0.0,0.0
2022-02-24 00:00:00+02:00,3.857113007898647,3.857113007898647,3.6302239941755516,3.7814834117889404,11766,0.0,0.0
2022-02-25 00:00:00+02:00,3.653858378839735,3.95637699059195,3.653858378839735,3.8760204315185547,9058,0.0,0.0
2022-02-28 00:00:00+02:00,3.686946416651807,3.8760204069260737,3.686946416651807,3.7814834117889404,4617,0.0,0.0
2022-03-01 00:00:00+02:00,3.7814836713110163,3.7814836713110163,3.6916734070701005,3.7389419078826904,2332,0.0,0.0
2022-03-02 00:00:00+02:00,3.6964002802395224,4.032006740570068,3.6964002802395224,4.032006740570068,555,0.0,0.0
2022-03-03 00:00:00+02:00,3.7342149569377585,3.9989187717437744,3.7342149569377585,3.9989187717437744,506,0.0,0.0
2022-03-04 00:00:00+02:00,3.73421485684492,3.8712933849905915,3.630223938397897,3.743668556213379,3330,0.0,0.0
2022-03-07 00:00:00+02:00,3.7436685887632604,3.7436685887632604,3.6302239699614174,3.686946392059326,6548,0.0,0.0
2022-03-08 00:00:00+02:00,3.772029899042479,3.9658310867603843,3.772029899042479,3.852386236190796,4600,0.0,0.0
2022-03-09 00:00:00+02:00,3.8712936118296972,4.135997660444876,3.8712936118296972,4.060368061065674,9181,0.0,0.0
2022-03-10 00:00:00+02:00,4.060367913224973,4.060367913224973,3.9232891566443047,4.0414605140686035,2203,0.0,0.0
2022-03-11 00:00:00+02:00,4.017826209320693,4.017826209320693,3.8098448156555,3.913835287094116,3325,0.0,0.0
2022-03-14 00:00:00+02:00,4.013099094717378,4.017826057091298,3.857112942681575,3.894927740097046,2676,0.0,0.0
2022-03-15 00:00:00+02:00,3.8854744691293037,3.9563771052905525,3.8760205438875546,3.9516501426696777,1461,0.0,0.0
2022-03-16 00:00:00+02:00,3.9705574327356663,4.022553118553718,3.8902008735513625,4.013099193572998,2299,0.0,0.0
2022-03-17 00:00:00+02:00,4.003645861531272,4.060368061065674,3.970557573711893,4.060368061065674,1650,0.0,0.0
2022-03-18 00:00:00+02:00,3.9847383165994947,4.0414605140686035,3.9847383165994947,4.0414605140686035,1144,0.0,0.0
2022-03-21 00:00:00+02:00,4.050914006967007,4.055640969474926,3.9800113725000577,3.9989187717437744,1033,0.0,0.0
2022-03-22 00:00:00+02:00,3.984738187079139,3.984738187079139,3.9800112247467037,3.980011224746704,233,0.0,0.0
2022-03-23 00:00:00+02:00,3.9800112247467037,4.017826021830307,3.9800112247467037,3.980011224746704,1350,0.0,0.0
2022-03-24 00:00:00+02:00,3.9800112247467037,3.9800112247467037,3.9800112247467037,3.980011224746704,481,0.0,0.0
2022-03-25 00:00:00+02:00,4.013099193572998,4.013099193572998,4.013099193572998,4.013099193572998,94,0.0,0.0
2022-03-28 00:00:00+03:00,3.9800112826881504,4.0225530427235165,3.9800112826881504,4.017826080322266,425,0.0,0.0
2022-03-29 00:00:00+03:00,4.065094947814941,4.065094947814941,4.01782622369162,4.065094947814941,2740,0.0,0.0
2022-03-30 00:00:00+03:00,4.220325153052245,4.268834823682589,4.1233062744140625,4.1233062744140625,3750,0.11,0.0
2022-03-31 00:00:00+03:00,4.268834590911865,4.268834590911865,4.152411942894332,4.268834590911865,8975,0.0,0.0
2022-04-01 00:00:00+03:00,4.152411850485786,4.152411850485786,4.142709732055664,4.142709732055664,114,0.0,0.0
2022-04-04 00:00:00+03:00,4.123306360693935,4.1330084800720215,4.113604241315848,4.1330084800720215,1505,0.0,0.0
2022-04-05 00:00:00+03:00,4.268834749136334,4.268834749136334,4.171815872192383,4.171815872192383,91,0.0,0.0
2022-04-06 00:00:00+03:00,4.152411858062654,4.259132385253906,4.152411858062654,4.259132385253906,159,0.0,0.0
2022-04-07 00:00:00+03:00,4.094200153744354,4.210623264312744,4.094200153744354,4.210623264312744,1615,0.0,0.0
2022-04-08 00:00:00+03:00,4.2009214524315786,4.2009214524315786,4.074796676635742,4.074796676635742,919,0.0,0.0
2022-04-11 00:00:00+03:00,4.21062357178011,4.21062357178011,4.055392900561191,4.074796676635742,2691,0.0,0.0
2022-04-12 00:00:00+03:00,4.230027110292528,4.230027110292528,4.162113666534424,4.162113666534424,65,0.0,0.0
2022-04-13 00:00:00+03:00,4.162113825869335,4.239728928779882,4.1233062744140625,4.1233062744140625,2100,0.0,0.0
2022-04-14 00:00:00+03:00,4.239728599211054,4.239728599211054,4.084498405456543,4.084498405456543,850,0.0,0.0
2022-04-19 00:00:00+03:00,4.239728927612305,4.239728927612305,4.094200378383856,4.239728927612305,1692,0.0,0.0
2022-04-20 00:00:00+03:00,4.0844987218339615,4.239728927612305,4.0844987218339615,4.239728927612305,214,0.0,0.0
2022-04-21 00:00:00+03:00,4.239728768125924,4.239728768125924,4.103902343179272,4.220324993133545,2423,0.0,0.0
2022-04-22 00:00:00+03:00,4.162113666534424,4.162113666534424,4.152412010353259,4.162113666534424,1229,0.0,0.0
2022-04-25 00:00:00+03:00,4.113604155238992,4.1233062744140625,4.074796603783718,4.1233062744140625,3780,0.0,0.0
2022-04-26 00:00:00+03:00,4.162113502333798,4.162113502333798,4.074796287035651,4.084498405456543,1503,0.0,0.0
2022-04-27 00:00:00+03:00,4.084498795984274,4.162113900282477,4.074796676635742,4.074796676635742,1261,0.0,0.0
2022-04-28 00:00:00+03:00,4.074796283046989,4.123305949859023,4.026287078857422,4.026287078857422,4974,0.0,0.0
2022-04-29 00:00:00+03:00,4.074796356781092,4.074796356781092,4.026287151713744,4.035988807678223,5227,0.0,0.0
2022-05-02 00:00:00+03:00,4.026287078857422,4.035988734646348,4.026287078857422,4.026287078857422,1410,0.0,0.0
2022-05-03 00:00:00+03:00,4.026287086629022,4.162113506293438,3.968075763915701,4.142709732055664,1819,0.0,0.0
2022-05-04 00:00:00+03:00,3.9680761411418812,4.016585350036621,3.9680761411418812,4.016585350036621,464,0.0,0.0
2022-05-05 00:00:00+03:00,3.9777777194976807,4.133008387720873,3.9680760629588896,3.9777777194976807,2357,0.0,0.0
2022-05-06 00:00:00+03:00,3.9001625376665174,3.9195663129734157,3.880758762359619,3.880758762359619,2082,0.0,0.0
2022-05-09 00:00:00+03:00,3.84195121071517,3.968075981487422,3.783739884810091,3.7934417724609375,3077,0.0,0.0
2022-05-10 00:00:00+03:00,3.880758762359619,3.880758762359619,3.87105687470617,3.880758762359619,1062,0.0,0.0
2022-05-11 00:00:00+03:00,3.8419512117458225,3.9777776388941106,3.8322493240923734,3.880758762359619,810,0.0,0.0
2022-05-12 00:00:00+03:00,3.8322493240923734,3.880758762359619,3.8322493240923734,3.880758762359619,835,0.0,0.0
2022-05-13 00:00:00+03:00,3.9777776388941106,3.9777776388941106,3.8419512117458225,3.880758762359619,522,0.0,0.0
2022-05-16 00:00:00+03:00,3.841951297358117,4.074796606229516,3.841951297358117,3.890460968017578,1013,0.0,0.0
2022-05-17 00:00:00+03:00,3.880758548534485,4.142709732055664,3.8516528871778246,4.142709732055664,1500,0.0,0.0
2022-05-18 00:00:00+03:00,4.1524121693167695,4.1524121693167695,3.8904609656824234,4.1233062744140625,2674,0.0,0.0
2022-05-19 00:00:00+03:00,4.1233062744140625,4.1233062744140625,4.1233062744140625,4.1233062744140625,0,0.0,0.0
2022-05-20 00:00:00+03:00,4.1233062744140625,4.1233062744140625,4.1233062744140625,4.1233062744140625,0,0.0,0.0
2022-05-23 00:00:00+03:00,3.8419511415412115,3.997181341159851,3.8419511415412115,3.9292683601379395,2635,0.0,0.0
2022-05-24 00:00:00+03:00,3.968075982551909,3.968075982551909,3.880758762359619,3.880758762359619,685,0.0,0.0
2022-05-25 00:00:00+03:00,3.880758762359619,3.938970088280314,3.880758762359619,3.880758762359619,300,0.0,0.0
2022-05-27 00:00:00+03:00,3.9680760629588896,3.9777777194976807,3.88075884099725,3.9777777194976807,530,0.0,0.0
2022-05-30 00:00:00+03:00,3.880758842265952,3.9777777207980995,3.812845627293448,3.832249402999878,3494,0.0,0.0
2022-05-31 00:00:00+03:00,3.9777777194976807,4.074796597998111,3.9777777194976807,3.9777777194976807,1093,0.0,0.0
2022-06-01 00:00:00+03:00,3.9680758980214974,3.9680758980214974,3.7837398052215576,3.7837398052215576,4200,0.0,0.0
2022-06-02 00:00:00+03:00,3.8807586914458714,3.938970016302861,3.8807586914458714,3.9292683601379395,6507,0.0,0.0
2022-06-03 00:00:00+03:00,3.8322493247524183,3.9389700889587402,3.8322493247524183,3.9389700889587402,6509,0.0,0.0
2022-06-06 00:00:00+03:00,3.9777776470389465,3.9777776470389465,3.9098646646369923,3.96807599067688,4030,0.0,0.0
2022-06-07 00:00:00+03:00,3.919566469624628,4.016585350036621,3.919566469624628,4.016585350036621,119,0.0,0.0
2022-06-08 00:00:00+03:00,3.9389700889587402,3.9389700889587402,3.9389700889587402,3.9389700889587402,128,0.0,0.0
2022-06-09 00:00:00+03:00,3.890460881324316,3.938970088280314,3.880758762359619,3.880758762359619,3960,0.0,0.0
2022-06-10 00:00:00+03:00,3.9195663204384377,3.9292684394216124,3.8904608887339047,3.909864664077759,1760,0.0,0.0
2022-06-13 00:00:00+03:00,3.880758762359619,3.9292684319381124,3.880758762359619,3.880758762359619,3220,0.0,0.0
2022-06-14 00:00:00+03:00,3.871056960967042,3.9292685194961443,3.871056960967042,3.890460968017578,2858,0.0,0.0
2022-06-15 00:00:00+03:00,3.890460881324316,3.890460881324316,3.87105687470617,3.880758762359619,4480,0.0,0.0
2022-06-16 00:00:00+03:00,3.9292685889770844,4.016585350036621,3.783740037047838,4.016585350036621,1349,0.0,0.0
2022-06-17 00:00:00+03:00,4.016585189154169,4.016585189154169,3.8516530990600586,3.8516530990600586,2894,0.0,0.0
2022-06-20 00:00:00+03:00,3.8516530993992717,3.880758762359619,3.803143661132026,3.880758762359619,1312,0.0,0.0
2022-06-21 00:00:00+03:00,3.88075884099725,4.016585270897853,3.88075884099725,3.9777777194976807,720,0.0,0.0
2022-06-22 00:00:00+03:00,4.15241207927869,4.15241207927869,3.880758762359619,3.880758762359619,1133,0.0,0.0
2022-06-23 00:00:00+03:00,3.8031436604570437,3.919566312277771,3.8031436604570437,3.822547435760498,1626,0.0,0.0
2022-06-27 00:00:00+03:00,3.822547435760498,3.822547435760498,3.822547435760498,3.822547435760498,0,0.0,0.0
2022-06-28 00:00:00+03:00,3.9583738635872123,3.9583738635872123,3.880758762359619,3.880758762359619,704,0.0,0.0
2022-06-29 00:00:00+03:00,3.8807588414934258,3.9195663928985596,3.8807588414934258,3.9195663928985596,927,0.0,0.0
2022-06-30 00:00:00+03:00,3.9292685120610953,3.9292685120610953,3.8516531779395753,3.9195663928985596,2826,0.0,0.0
2022-07-01 00:00:00+03:00,3.9777776388941106,3.9874797578588073,3.880758762359619,3.880758762359619,2582,0.0,0.0
2022-07-04 00:00:00+03:00,3.890460889290363,4.006883541370138,3.890460889290363,3.96807599067688,2075,0.0,0.0
2022-07-05 00:00:00+03:00,3.9680759822024427,3.9680759822024427,3.8516530990600586,3.8516530990600586,614,0.0,0.0
2022-07-06 00:00:00+03:00,3.968076070352942,3.9971815026460535,3.9292685188804564,3.948672294616699,3598,0.0,0.0
2022-07-07 00:00:00+03:00,3.890460804104004,3.977777559940681,3.890460804104004,3.958373785018921,504,0.0,0.0
2022-07-08 00:00:00+03:00,3.958373785018921,3.958373785018921,3.958373785018921,3.958373785018921,0,0.0,0.0
2022-07-11 00:00:00+03:00,3.8613550730974007,3.890460968017578,3.8613550730974007,3.890460968017578,1350,0.0,0.0
2022-07-12 00:00:00+03:00,4.016585350036621,4.016585350036621,4.016585350036621,4.016585350036621,61,0.0,0.0
2022-07-13 00:00:00+03:00,3.9874796867370605,3.9874796867370605,3.9874796867370605,3.9874796867370605,10,0.0,0.0
2022-07-14 00:00:00+03:00,3.9680759000029577,3.9680759000029577,3.8419511318206787,3.8419511318206787,1481,0.0,0.0
2022-07-15 00:00:00+03:00,3.7934418580099094,3.9195664003152504,3.7934418580099094,3.890460968017578,2792,0.0,0.0
2022-07-18 00:00:00+03:00,3.8904608102332796,3.9292683601379395,3.8904608102332796,3.9292683601379395,3433,0.0,0.0
2022-07-19 00:00:00+03:00,3.900162624575967,3.900162624575967,3.890460968017578,3.890460968017578,1227,0.0,0.0
2022-07-20 00:00:00+03:00,3.9777777194976807,3.9777777194976807,3.9777777194976807,3.9777777194976807,10,0.0,0.0
2022-07-21 00:00:00+03:00,3.9389701686011267,3.9389701686011267,3.9195663928985596,3.9195663928985596,13002,0.0,0.0
2022-07-22 00:00:00+03:00,3.890460881994387,3.9389700889587402,3.880758763028019,3.9389700889587402,174,0.0,0.0
2022-07-25 00:00:00+03:00,3.8128456265344415,3.9195663928985596,3.8128456265344415,3.9195663928985596,1104,0.0,0.0
2022-07-26 00:00:00+03:00,3.88075876975073,3.909864664077759,3.88075876975073,3.909864664077759,2858,0.0,0.0
2022-07-27 00:00:00+03:00,3.909864664077759,3.909864664077759,3.909864664077759,3.909864664077759,0,0.0,0.0
2022-07-28 00:00:00+03:00,3.880758763028019,3.9389700889587402,3.880758763028019,3.9389700889587402,542,0.0,0.0
2022-07-29 00:00:00+03:00,3.9583738635872123,3.9583738635872123,3.880758762359619,3.880758762359619,1551,0.0,0.0
2022-08-01 00:00:00+03:00,3.9777777275330997,3.9777777275330997,3.890460968017578,3.890460968017578,706,0.0,0.0
2022-08-02 00:00:00+03:00,3.9001624663982013,3.958373791255191,3.8904608102332796,3.9292683601379395,1879,0.0,0.0
2022-08-03 00:00:00+03:00,3.909864664077759,3.909864664077759,3.8904608887339047,3.909864664077759,950,0.0,0.0
2022-08-04 00:00:00+03:00,3.9292682789565703,4.045690926265179,3.9292682789565703,4.035988807678223,13882,0.0,0.0
2022-08-05 00:00:00+03:00,3.958373785018921,4.006883453634564,3.958373785018921,3.958373785018921,2377,0.0,0.0
2022-08-08 00:00:00+03:00,3.9292684394216124,4.006883540797028,3.88075876975073,3.909864664077759,12126,0.0,0.0
2022-08-09 00:00:00+03:00,3.9098647363585286,3.9486722877636624,3.8807588414934258,3.9195663928985596,3153,0.0,0.0
2022-08-10 00:00:00+03:00,3.9292685188804564,3.948672294616699,3.9292685188804564,3.948672294616699,5678,0.0,0.0
2022-08-11 00:00:00+03:00,3.948672294616699,3.948672294616699,3.948672294616699,3.948672294616699,0,0.0,0.0
2022-08-12 00:00:00+03:00,3.948672295235428,3.948672295235428,3.890460968017578,3.890460968017578,602,0.0,0.0
2022-08-15 00:00:00+03:00,3.8807588488366838,3.890460968017578,3.8807588488366838,3.890460968017578,2494,0.0,0.0
2022-08-16 00:00:00+03:00,3.948672128869284,3.977777559940681,3.9001624602536413,3.958373785018921,3826,0.0,0.0
2022-08-17 00:00:00+03:00,4.055392659627721,4.055392659627721,3.948672128869284,3.958373785018921,2479,0.0,0.0
2022-08-18 00:00:00+03:00,4.065094867410026,4.065094867410026,3.9292684399836215,3.96807599067688,1254,0.0,0.0
2022-08-19 00:00:00+03:00,3.9680760629588896,3.9777777194976807,3.9680760629588896,3.9777777194976807,3825,0.0,0.0
2022-08-22 00:00:00+03:00,3.9292684394216124,3.9292684394216124,3.909864664077759,3.909864664077759,399,0.0,0.0
2022-08-23 00:00:00+03:00,4.016585107895618,4.016585107895618,3.9001624584198,3.9001624584198,6081,0.0,0.0
2022-08-24 00:00:00+03:00,3.997181341159851,3.997181341159851,3.9098645851856095,3.9292683601379395,326,0.0,0.0
2022-08-25 00:00:00+03:00,3.9292683601379395,3.9292683601379395,3.9292683601379395,3.9292683601379395,0,0.0,0.0
2022-08-26 00:00:00+03:00,3.9292683601379395,3.9292683601379395,3.9292683601379395,3.9292683601379395,100,0.0,0.0
2022-08-29 00:00:00+03:00,3.9098645762474256,3.9098645762474256,3.8710567951202393,3.8710567951202393,7481,0.0,0.0
2022-08-30 00:00:00+03:00,3.871056794175533,3.8807586816271513,3.8419511318206787,3.8419511318206787,4563,0.0,0.0
2022-08-31 00:00:00+03:00,3.851653019272297,3.851653019272297,3.8419511318206787,3.8419511318206787,380,0.0,0.0
2022-09-01 00:00:00+03:00,3.9680759000029577,3.9680759000029577,3.8419511318206787,3.8419511318206787,1852,0.0,0.0
2022-09-02 00:00:00+03:00,3.8419511318206787,3.8807586816271513,3.8419511318206787,3.8419511318206787,632,0.0,0.0
2022-09-05 00:00:00+03:00,3.841951120594325,3.841951120594325,3.7255282402038574,3.7255282402038574,8549,0.0,0.0
2022-09-06 00:00:00+03:00,3.822547435760498,3.822547435760498,3.822547435760498,3.822547435760498,100,0.0,0.0
2022-09-07 00:00:00+03:00,3.735230286845794,3.7934418451779863,3.735230286845794,3.744932174682617,95,0.0,0.0
2022-09-08 00:00:00+03:00,3.7449320250653755,3.812845468521118,3.7352301376161607,3.812845468521118,400,0.0,0.0
2022-09-09 00:00:00+03:00,3.8128456275541955,3.8128456275541955,3.725528405558039,3.8031437397003174,2504,0.0,0.0
2022-09-12 00:00:00+03:00,3.783739963478948,3.8613550662994385,3.725528405052328,3.8613550662994385,6845,0.0,0.0
2022-09-13 00:00:00+03:00,3.7352301276271263,3.7352301276271263,3.7255282402038574,3.7255282402038574,517,0.0,0.0
2022-09-14 00:00:00+03:00,3.7255282402038574,3.7255282402038574,3.7255282402038574,3.7255282402038574,400,0.0,0.0
2022-09-15 00:00:00+03:00,3.7643360212081745,3.7643360212081745,3.7255282402038574,3.7255282402038574,3622,0.0,0.0
2022-09-16 00:00:00+03:00,3.715826432182071,3.764336101646234,3.715826432182071,3.7352302074432373,1139,0.0,0.0
2022-09-19 00:00:00+03:00,3.735230286845794,3.744932174682617,3.7255283990089705,3.744932174682617,1995,0.0,0.0
2022-09-20 00:00:00+03:00,3.7643360303280105,3.7837398052215576,3.7643360303280105,3.7837398052215576,1262,0.0,0.0
2022-09-21 00:00:00+03:00,3.744932174682617,3.744932174682617,3.744932174682617,3.744932174682617,441,0.0,0.0
2022-09-22 00:00:00+03:00,3.783739957341163,3.783739957341163,3.744932174682617,3.744932174682617,3872,0.0,0.0
2022-09-23 00:00:00+03:00,3.7546340625194405,3.7546340625194405,3.744932174682617,3.744932174682617,621,0.0,0.0
2022-09-26 00:00:00+03:00,3.754634068862907,3.832249402999878,3.7449321810096925,3.832249402999878,1372,0.0,0.0
2022-09-27 00:00:00+03:00,3.7449320140071274,3.7449320140071274,3.696422576904297,3.696422576904297,2000,0.0,0.0
2022-09-28 00:00:00+03:00,3.706124552628524,3.822547435760498,3.6964226649767964,3.822547435760498,3114,0.0,0.0
2022-09-29 00:00:00+03:00,3.696422741996404,3.8031437397003174,3.686720854142526,3.8031437397003174,11765,0.0,0.0
2022-09-30 00:00:00+03:00,3.6867207688846455,3.7352302070322234,3.6770188812551297,3.7061245441436768,6791,0.0,0.0
2022-10-03 00:00:00+03:00,3.5994037806150727,3.7352302074432373,3.5994037806150727,3.7352302074432373,1113,0.0,0.0
2022-10-04 00:00:00+03:00,3.7352302074432373,3.7352302074432373,3.7352302074432373,3.7352302074432373,0,0.0,0.0
2022-10-05 00:00:00+03:00,3.6382112523809007,3.696422576904297,3.58970181527807,3.696422576904297,130,0.0,0.0
2022-10-06 00:00:00+03:00,3.6770189602455625,3.686720848083496,3.6770189602455625,3.686720848083496,4114,0.0,0.0
2022-10-07 00:00:00+03:00,3.8322492443690606,3.8419511318206787,3.8322492443690606,3.8419511318206787,676,0.0,0.0
2022-10-10 00:00:00+03:00,3.7837398052215576,3.7837398052215576,3.7837398052215576,3.7837398052215576,30,0.0,0.0
2022-10-11 00:00:00+03:00,3.696422656514161,3.783739876491049,3.696422656514161,3.7061245441436768,4292,0.0,0.0
2022-10-12 00:00:00+03:00,3.677018880844116,3.677018880844116,3.6673169932156853,3.677018880844116,2533,0.0,0.0
2022-10-13 00:00:00+03:00,3.502384687923085,3.909864664077759,3.502384687923085,3.909864664077759,3045,0.0,0.0
2022-10-14 00:00:00+03:00,3.900162618509933,3.900162618509933,3.6479133029803292,3.774038076400757,1509,0.0,0.0
2022-10-17 00:00:00+03:00,3.774038076400757,3.774038076400757,3.774038076400757,3.774038076400757,0,0.0,0.0
2022-10-18 00:00:00+03:00,3.774037988011085,3.7837398756384144,3.6479132175445557,3.6479132175445557,3612,0.0,0.0
2022-10-19 00:00:00+03:00,3.774038076400757,3.774038076400757,3.774038076400757,3.774038076400757,1063,0.0,0.0
2022-10-20 00:00:00+03:00,3.9195663928985596,3.9195663928985596,3.9195663928985596,3.9195663928985596,40,0.0,0.0
2022-10-21 00:00:00+03:00,3.5605962384845498,3.880758762359619,3.5605962384845498,3.880758762359619,622,0.0,0.0
2022-10-24 00:00:00+03:00,3.5217887554674876,3.5994038581848145,3.5217887554674876,3.5994038581848145,2560,0.0,0.0
2022-10-25 00:00:00+03:00,3.6964227359214297,3.6964227359214297,3.686720848083496,3.686720848083496,500,0.0,0.0
2022-10-26 00:00:00+03:00,3.6867207776547013,3.8613549867126533,3.6867207776547013,3.8516530990600586,1928,0.0,0.0
2022-10-27 00:00:00+03:00,3.696422576904297,3.851653006944596,3.696422576904297,3.696422576904297,4021,0.0,0.0
2022-10-28 00:00:00+03:00,3.744932174682617,3.744932174682617,3.744932174682617,3.744932174682617,521,0.0,0.0
2022-10-31 00:00:00+02:00,3.744932174682617,3.744932174682617,3.744932174682617,3.744932174682617,5,0.0,0.0
2022-11-01 00:00:00+02:00,3.7352302879401367,3.7352302879401367,3.5897019703451485,3.5994038581848145,671,0.0,0.0
2022-11-02 00:00:00+02:00,3.6091057453800284,3.686720848083496,3.6091057453800284,3.686720848083496,3568,0.0,0.0
2022-11-03 00:00:00+02:00,3.686720848083496,3.686720848083496,3.521788754838627,3.686720848083496,2774,0.0,0.0
2022-11-04 00:00:00+02:00,3.521788754838627,3.686720848083496,3.521788754838627,3.686720848083496,2037,0.0,0.0
2022-11-07 00:00:00+02:00,3.6867208487418073,3.6867208487418073,3.5994038581848145,3.5994038581848145,2534,0.0,0.0
2022-11-08 00:00:00+02:00,3.6770188119958065,3.7837398052215576,3.6770188119958065,3.7837398052215576,6327,0.0,0.0
2022-11-09 00:00:00+02:00,3.7837398052215576,3.7837398052215576,3.7837398052215576,3.7837398052215576,0,0.0,0.0
2022-11-10 00:00:00+02:00,3.6770188119958065,3.7837398052215576,3.5994037124216183,3.7837398052215576,2714,0.0,0.0
2022-11-11 00:00:00+02:00,3.774038076400757,3.783739964255309,3.764336188546205,3.774038076400757,2219,0.0,0.0
2022-11-14 00:00:00+02:00,3.7837398052215576,3.7837398052215576,3.7837398052215576,3.7837398052215576,10,0.0,0.0
2022-11-15 00:00:00+02:00,3.8419512022681426,3.8419512022681426,3.6285094431075517,3.7061245441436768,3509,0.0,0.0
2022-11-16 00:00:00+02:00,3.686720854398537,3.774038076400757,3.686720854398537,3.774038076400757,2799,0.0,0.0
2022-11-17 00:00:00+02:00,3.686720689483731,3.7546339014276935,3.686720689483731,3.696422576904297,1133,0.0,0.0
2022-11-18 00:00:00+02:00,3.7546340629490302,3.7643361820982157,3.686720848083496,3.686720848083496,1719,0.0,0.0
2022-11-21 00:00:00+02:00,3.686720848083496,3.686720848083496,3.686720848083496,3.686720848083496,114,0.0,0.0
2022-11-22 00:00:00+02:00,3.7061245441436768,3.7061245441436768,3.7061245441436768,3.7061245441436768,300,0.0,0.0
2022-11-23 00:00:00+02:00,3.677018802063165,3.696422576904297,3.677018802063165,3.696422576904297,248,0.0,0.0
2022-11-24 00:00:00+02:00,3.686720848083496,3.686720848083496,3.6770189602455625,3.686720848083496,2593,0.0,0.0
2022-11-25 00:00:00+02:00,3.754633903503418,3.754633903503418,3.754633903503418,3.754633903503418,75,0.0,0.0
2022-11-28 00:00:00+02:00,3.6479131418181914,3.754633903503418,3.6479131418181914,3.754633903503418,1950,0.0,0.0
2022-11-29 00:00:00+02:00,3.744932016077488,3.754633903503418,3.744932016077488,3.754633903503418,510,0.0,0.0
2022-11-30 00:00:00+02:00,3.754633903503418,3.754633903503418,3.754633903503418,3.754633903503418,0,0.0,0.0
2022-12-01 00:00:00+02:00,3.6673169932156853,3.7255283189862722,3.6382113303303916,3.677018880844116,3360,0.0,0.0
2022-12-02 00:00:00+02:00,3.7158265113830566,3.7158265113830566,3.7158265113830566,3.7158265113830566,50,0.0,0.0
2022-12-05 00:00:00+02:00,3.7643360222405895,3.7643360222405895,3.754633903503418,3.754633903503418,572,0.0,0.0
2022-12-07 00:00:00+02:00,3.686720848083496,3.686720848083496,3.686720848083496,3.686720848083496,5,0.0,0.0
2022-12-08 00:00:00+02:00,3.744932025993254,3.919566231433624,3.744932025993254,3.8419511318206787,8555,0.0,0.0
2022-12-09 00:00:00+02:00,3.8516530993992717,3.880758762359619,3.8516530993992717,3.880758762359619,1931,0.0,0.0
2022-12-12 00:00:00+02:00,3.929268431592064,3.929268431592064,3.832249323754869,3.8516530990600586,2477,0.0,0.0
2022-12-13 00:00:00+02:00,3.851653179237173,3.851653179237173,3.696422742253089,3.774038076400757,3441,0.0,0.0
2022-12-14 00:00:00+02:00,3.7837398052215576,3.793441692668331,3.6770188119958065,3.7837398052215576,5221,0.0,0.0
2022-12-15 00:00:00+02:00,3.871056862922433,3.871056862922433,3.5023846705911312,3.560596227645874,7786,0.0,0.0
2022-12-16 00:00:00+02:00,3.5023845827694364,3.725528223835463,3.492682695388794,3.492682695388794,5932,0.0,0.0
2022-12-19 00:00:00+02:00,3.5411923730001065,3.6479131344703704,3.5411923730001065,3.550894260406494,3310,0.0,0.0
2022-12-20 00:00:00+02:00,3.579999925814991,3.638211250305176,3.492682707768472,3.638211250305176,1323,0.0,0.0
2022-12-21 00:00:00+02:00,3.492682695388794,3.6382112374096773,3.492682695388794,3.492682695388794,3537,0.0,0.0
2022-12-22 00:00:00+02:00,3.589701800506463,3.589701800506463,3.473278920627508,3.492682695388794,1637,0.0,0.0
2022-12-23 00:00:00+02:00,3.57999991312582,3.57999991312582,3.492682695388794,3.492682695388794,1139,0.0,0.0
2022-12-27 00:00:00+02:00,3.492682694221434,3.5120864689762343,3.4635770320892334,3.4635770320892334,2885,0.0,0.0
2022-12-28 00:00:00+02:00,3.5120864701500794,3.531490476222606,3.473278920627508,3.492682695388794,2455,0.0,0.0
2022-12-29 00:00:00+02:00,3.4538751610410885,3.7255282402038574,3.4441732736178197,3.7255282402038574,5191,0.0,0.0
2022-12-30 00:00:00+02:00,3.7352301244554837,3.7352301244554837,3.5023845951835026,3.638211250305176,3501,0.0,0.0
2023-01-02 00:00:00+02:00,3.783739793929823,3.783739793929823,3.609105589097814,3.6673169136047363,1947,0.0,0.0
2023-01-03 00:00:00+02:00,3.6673169923760445,3.6673169923760445,3.618807554244995,3.618807554244995,1812,0.0,0.0
2023-01-04 00:00:00+02:00,3.541192377173071,3.735230125529479,3.541192377173071,3.6673169136047363,6628,0.0,0.0
2023-01-05 00:00:00+02:00,3.725528393437077,3.725528393437077,3.482980966567993,3.482980966567993,3113,0.0,0.0
2023-01-09 00:00:00+02:00,3.502384671008538,3.5897018909454346,3.4926827833834655,3.5897018909454346,1131,0.0,0.0
2023-01-10 00:00:00+02:00,3.5897018909454346,3.5897018909454346,3.51208655863361,3.5897018909454346,2091,0.0,0.0
2023-01-11 00:00:00+02:00,3.52178867715021,3.589701890517622,3.52178867715021,3.560596227645874,390,0.0,0.0
2023-01-12 00:00:00+02:00,3.579999925814991,3.638211250305176,3.579999925814991,3.638211250305176,807,0.0,0.0
2023-01-13 00:00:00+02:00,3.638211250305176,3.638211250305176,3.638211250305176,3.638211250305176,0,0.0,0.0
2023-01-16 00:00:00+02:00,3.7352301222551034,3.7352301222551034,3.5120864805296046,3.5799999237060547,923,0.0,0.0
2023-01-17 00:00:00+02:00,3.541192374068793,3.5897018111153702,3.541192374068793,3.5799999237060547,2167,0.0,0.0
2023-01-18 00:00:00+02:00,3.5023846616235024,3.618807544123648,3.4441733360290527,3.4441733360290527,4097,0.0,0.0
2023-01-19 00:00:00+02:00,3.453875309490856,3.570298194885254,3.4441734216505937,3.570298194885254,4278,0.0,0.0
2023-01-20 00:00:00+02:00,3.570298106128273,3.570298106128273,3.4441733360290527,3.4441733360290527,3904,0.0,0.0
2023-01-23 00:00:00+02:00,3.44417341527874,3.6091057395693174,3.44417341527874,3.482980966567993,4159,0.0,0.0
2023-01-24 00:00:00+02:00,3.5314904866594774,3.5799999237060547,3.463577043483027,3.5799999237060547,6462,0.0,0.0
2023-01-25 00:00:00+02:00,3.512086550230032,3.512086550230032,3.463577112220742,3.502384662628174,1811,0.0,0.0
2023-01-26 00:00:00+02:00,3.6091055870056152,3.6091055870056152,3.6091055870056152,3.6091055870056152,119,0.0,0.0
2023-01-27 00:00:00+02:00,3.6091055870056152,3.6091055870056152,3.5411923751202417,3.6091055870056152,157,0.0,0.0
2023-01-30 00:00:00+02:00,3.492682695388794,3.589701800506463,3.4441732584855798,3.492682695388794,4497,0.0,0.0
2023-01-31 00:00:00+02:00,3.4441733360290527,3.4926827740244275,3.4441733360290527,3.4441733360290527,6896,0.0,0.0
2023-02-01 00:00:00+02:00,3.4441732584855798,3.492682695388794,3.3956638215823656,3.492682695388794,3417,0.0,0.0
2023-02-02 00:00:00+02:00,3.4053658643223486,3.5800000764523094,3.4053658643223486,3.424769639968872,3045,0.0,0.0
2023-02-03 00:00:00+02:00,3.463577111728135,3.5508943314436845,3.463577111728135,3.4732789993286133,1628,0.0,0.0
2023-02-06 00:00:00+02:00,3.4732789993286133,3.4732789993286133,3.444173336527179,3.4732789993286133,1282,0.0,0.0
2023-02-07 00:00:00+02:00,3.4926828610701,3.5411925315856934,3.4926828610701,3.5411925315856934,646,0.0,0.0
2023-02-08 00:00:00+02:00,3.473278920627508,3.492682695388794,3.4441732584855798,3.492682695388794,3443,0.0,0.0
2023-02-09 00:00:00+02:00,3.531490636990811,3.531490636990811,3.482980966567993,3.482980966567993,1030,0.0,0.0
2023-02-10 00:00:00+02:00,3.541192524813124,3.541192524813124,3.4150677518118,3.482980966567993,2455,0.0,0.0
2023-02-13 00:00:00+02:00,3.4926828610701,3.5411925315856934,3.463577197547495,3.5411925315856934,1933,0.0,0.0
2023-02-14 00:00:00+02:00,3.541192363603249,3.541192363603249,3.492682695388794,3.492682695388794,2442,0.0,0.0
2023-02-15 00:00:00+02:00,3.5411925315856934,3.5411925315856934,3.5411925315856934,3.5411925315856934,14,0.0,0.0
2023-02-16 00:00:00+02:00,3.492682782544104,3.5994037777054984,3.492682782544104,3.5314905643463135,403,0.0,0.0
2023-02-17 00:00:00+02:00,3.492682706748019,3.6091055870056152,3.492682706748019,3.6091055870056152,2389,0.0,0.0
2023-02-20 00:00:00+02:00,3.5897019707900344,3.5897019707900344,3.5411925315856934,3.5411925315856934,144,0.0,0.0
2023-02-21 00:00:00+02:00,3.4926827833834655,3.5897018909454346,3.4926827833834655,3.5897018909454346,1020,0.0,0.0
2023-02-22 00:00:00+02:00,3.5314905651950013,3.5897018909454346,3.4926827833834655,3.5897018909454346,1151,0.0,0.0
2023-02-23 00:00:00+02:00,3.5800000037401554,3.618807554244995,3.5800000037401554,3.618807554244995,300,0.0,0.0
2023-02-24 00:00:00+02:00,3.521788677982896,3.618807554244995,3.521788677982896,3.618807554244995,114,0.0,0.0
2023-02-27 00:00:00+02:00,3.7837398769074,3.7837398769074,3.5897018929844893,3.7352302074432373,3514,0.0,0.0
2023-02-28 00:00:00+02:00,3.735230287057805,3.735230287057805,3.6867208478709346,3.7158265113830566,1724,0.0,0.0
2023-03-01 00:00:00+02:00,3.7158265056147637,3.7158265056147637,3.482980966567993,3.482980966567993,1742,0.0,0.0
2023-03-02 00:00:00+02:00,3.7740379009068694,3.7740379009068694,3.5217885971069336,3.5217885971069336,296,0.0,0.0
2023-03-03 00:00:00+02:00,3.4441732665684013,3.7643360135034585,3.4441732665684013,3.5217885971069336,260,0.0,0.0
2023-03-06 00:00:00+02:00,3.5120865577895852,3.686720766310165,3.492682782544104,3.5314905643463135,5791,0.0,0.0
2023-03-07 00:00:00+02:00,3.580000081866228,3.686720848083496,3.580000081866228,3.686720848083496,920,0.0,0.0
2023-03-08 00:00:00+02:00,3.5897018823561417,3.5897018823561417,3.492682775026316,3.502384662628174,4314,0.0,0.0
2023-03-09 00:00:00+02:00,3.5897018909454346,3.7352302053215185,3.5897018909454346,3.5897018909454346,1638,0.0,0.0
2023-03-10 00:00:00+02:00,3.6867206743128915,3.6867206743128915,3.3956638215823656,3.492682695388794,1293,0.0,0.0
2023-03-13 00:00:00+02:00,3.6382113193217975,3.6382113193217975,3.4344714484299774,3.4441733360290527,5929,0.0,0.0
2023-03-14 00:00:00+02:00,3.686720767628464,3.686720767628464,3.618807554244995,3.618807554244995,39,0.0,0.0
2023-03-15 00:00:00+02:00,3.618807633217962,3.706124623759363,3.434471532985974,3.686720848083496,5161,0.0,0.0
2023-03-16 00:00:00+02:00,3.5411924528200736,3.7061245424463016,3.5411924528200736,3.5897018909454346,1579,0.0,0.0
2023-03-17 00:00:00+02:00,3.696422576904297,3.696422576904297,3.4635770474994696,3.696422576904297,301,0.0,0.0
2023-03-20 00:00:00+02:00,3.628509362890145,3.638211250305176,3.628509362890145,3.638211250305176,1000,0.0,0.0
2023-03-21 00:00:00+02:00,3.492682693034288,3.492682693034288,3.434471368789673,3.434471368789673,1542,0.0,0.0
2023-03-22 00:00:00+02:00,3.667316982649422,3.667316982649422,3.4732789993286133,3.4732789993286133,936,0.0,0.0
2023-03-23 00:00:00+02:00,3.492682695388794,3.492682695388794,3.492682695388794,3.492682695388794,373,0.0,0.0
2023-03-24 00:00:00+02:00,3.628509442289897,3.6479132175445557,3.5120865594506974,3.6479132175445557,158,0.0,0.0
2023-03-27 00:00:00+03:00,3.647913297835244,3.6576151856761125,3.5411925315856934,3.5411925315856934,1030,0.0,0.0
2023-03-28 00:00:00+03:00,3.5800000033203623,3.5897018909454346,3.5800000033203623,3.5897018909454346,3051,0.0,0.0
2023-03-29 00:00:00+03:00,3.5799999237060547,3.5799999237060547,3.570298036296739,3.5799999237060547,636,0.0,0.0
2023-03-30 00:00:00+03:00,3.700000047683716,3.8499999046325684,3.549999952316284,3.549999952316284,3010,0.11,0.0
2023-03-31 00:00:00+03:00,3.7699999809265137,3.7699999809265137,3.690000057220459,3.700000047683716,1890,0.0,0.0
2023-04-03 00:00:00+03:00,3.799999952316284,3.799999952316284,3.7799999713897705,3.7799999713897705,221,0.0,0.0
2023-04-04 00:00:00+03:00,3.7899999618530273,3.799999952316284,3.680000066757202,3.799999952316284,1212,0.0,0.0
2023-04-05 00:00:00+03:00,3.799999952316284,3.799999952316284,3.490000009536743,3.490000009536743,166,0.0,0.0
2023-04-06 00:00:00+03:00,3.619999885559082,3.7200000286102295,3.619999885559082,3.7200000286102295,707,0.0,0.0
2023-04-11 00:00:00+03:00,3.799999952316284,3.8399999141693115,3.7899999618530273,3.799999952316284,4645,0.0,0.0
2023-04-12 00:00:00+03:00,3.7200000286102295,3.8499999046325684,3.7200000286102295,3.819999933242798,6002,0.0,0.0
2023-04-13 00:00:00+03:00,3.75,3.75,3.630000114440918,3.700000047683716,172,0.0,0.0
2023-04-14 00:00:00+03:00,3.8399999141693115,3.8399999141693115,3.819999933242798,3.819999933242798,161,0.0,0.0
2023-04-17 00:00:00+03:00,3.9000000953674316,3.9000000953674316,3.700000047683716,3.8499999046325684,333,0.0,0.0
2023-04-18 00:00:00+03:00,3.8499999046325684,3.8499999046325684,3.8499999046325684,3.8499999046325684,0,0.0,0.0
2023-04-19 00:00:00+03:00,3.799999952316284,3.799999952316284,3.609999895095825,3.700000047683716,2692,0.0,0.0
2023-04-20 00:00:00+03:00,3.700000047683716,3.700000047683716,3.619999885559082,3.619999885559082,1938,0.0,0.0
2023-04-21 00:00:00+03:00,3.5999999046325684,3.6700000762939453,3.5999999046325684,3.6500000953674316,550,0.0,0.0
2023-04-24 00:00:00+03:00,3.6500000953674316,3.6700000762939453,3.6500000953674316,3.6700000762939453,900,0.0,0.0
2023-04-25 00:00:00+03:00,3.690000057220459,3.690000057220459,3.690000057220459,3.690000057220459,22,0.0,0.0
2023-04-26 00:00:00+03:00,3.5999999046325684,3.690000057220459,3.5999999046325684,3.690000057220459,416,0.0,0.0
2023-04-27 00:00:00+03:00,3.6600000858306885,3.6600000858306885,3.5999999046325684,3.6600000858306885,509,0.0,0.0
2023-04-28 00:00:00+03:00,3.549999952316284,3.640000104904175,3.549999952316284,3.640000104904175,743,0.0,0.0
2023-05-02 00:00:00+03:00,3.5,3.799999952316284,3.490000009536743,3.700000047683716,41530,0.0,0.0
2023-05-03 00:00:00+03:00,3.7899999618530273,3.799999952316284,3.7899999618530273,3.799999952316284,1800,0.0,0.0
2023-05-04 00:00:00+03:00,3.7699999809265137,3.799999952316284,3.7699999809265137,3.799999952316284,36681,0.0,0.0
2023-05-05 00:00:00+03:00,3.700000047683716,3.700000047683716,3.569999933242798,3.569999933242798,222,0.0,0.0
2023-05-08 00:00:00+03:00,3.799999952316284,3.799999952316284,3.619999885559082,3.740000009536743,6317,0.0,0.0
2023-05-09 00:00:00+03:00,3.740000009536743,3.740000009536743,3.630000114440918,3.700000047683716,419,0.0,0.0
2023-05-10 00:00:00+03:00,3.700000047683716,3.700000047683716,3.700000047683716,3.700000047683716,100115,0.0,0.0
2023-05-11 00:00:00+03:00,3.690000057220459,3.690000057220459,3.569999933242798,3.690000057220459,1753,0.0,0.0
2023-05-12 00:00:00+03:00,3.690000057220459,3.690000057220459,3.5299999713897705,3.5299999713897705,397,0.0,0.0
2023-05-15 00:00:00+03:00,3.6500000953674316,3.6500000953674316,3.6500000953674316,3.6500000953674316,2,0.0,0.0
2023-05-16 00:00:00+03:00,3.569999933242798,3.569999933242798,3.569999933242798,3.569999933242798,133,0.0,0.0
2023-05-17 00:00:00+03:00,3.700000047683716,3.700000047683716,3.6700000762939453,3.700000047683716,1107,0.0,0.0
2023-05-19 00:00:00+03:00,3.5799999237060547,3.6500000953674316,3.5799999237060547,3.6500000953674316,1583,0.0,0.0
2023-05-22 00:00:00+03:00,3.5899999141693115,3.5899999141693115,3.5299999713897705,3.5299999713897705,241,0.0,0.0
2023-05-23 00:00:00+03:00,3.549999952316284,3.5899999141693115,3.5299999713897705,3.5299999713897705,5059,0.0,0.0
2023-05-24 00:00:00+03:00,3.5,3.5299999713897705,3.440000057220459,3.5299999713897705,868,0.0,0.0
2023-05-25 00:00:00+03:00,3.5299999713897705,3.5299999713897705,3.450000047683716,3.5299999713897705,1103,0.0,0.0
2023-05-26 00:00:00+03:00,3.5299999713897705,3.5999999046325684,3.5299999713897705,3.5999999046325684,157,0.0,0.0
2023-05-29 00:00:00+03:00,3.440000057220459,3.4700000286102295,3.4100000858306885,3.4100000858306885,310,0.0,0.0
2023-05-30 00:00:00+03:00,3.4600000381469727,3.549999952316284,3.359999895095825,3.359999895095825,3781,0.0,0.0
2023-05-31 00:00:00+03:00,3.380000114440918,3.5,3.380000114440918,3.4100000858306885,2127,0.0,0.0
2023-06-01 00:00:00+03:00,3.450000047683716,3.450000047683716,3.450000047683716,3.450000047683716,500,0.0,0.0
2023-06-02 00:00:00+03:00,3.450000047683716,3.4600000381469727,3.450000047683716,3.450000047683716,344,0.0,0.0
2023-06-05 00:00:00+03:00,3.450000047683716,3.450000047683716,3.450000047683716,3.450000047683716,0,0.0,0.0
2023-06-06 00:00:00+03:00,3.490000009536743,3.5399999618530273,3.490000009536743,3.5399999618530273,639,0.0,0.0
2023-06-07 00:00:00+03:00,3.5899999141693115,3.5899999141693115,3.4600000381469727,3.5899999141693115,352,0.0,0.0
2023-06-08 00:00:00+03:00,3.559999942779541,3.559999942779541,3.559999942779541,3.559999942779541,285,0.0,0.0
2023-06-09 00:00:00+03:00,3.4600000381469727,3.5999999046325684,3.450000047683716,3.450000047683716,1792,0.0,0.0
2023-06-12 00:00:00+03:00,3.450000047683716,3.5899999141693115,3.319999933242798,3.4600000381469727,1518,0.0,0.0
2023-06-13 00:00:00+03:00,3.5399999618530273,3.549999952316284,3.5399999618530273,3.549999952316284,248,0.0,0.0
2023-06-14 00:00:00+03:00,3.5799999237060547,3.5899999141693115,3.359999895095825,3.5899999141693115,650,0.0,0.0
2023-06-15 00:00:00+03:00,3.5,3.5899999141693115,3.450000047683716,3.5899999141693115,1225,0.0,0.0
2023-06-16 00:00:00+03:00,3.359999895095825,3.4000000953674316,3.359999895095825,3.390000104904175,2796,0.0,0.0
2023-06-19 00:00:00+03:00,3.5899999141693115,3.5899999141693115,3.4000000953674316,3.5799999237060547,184,0.0,0.0
2023-06-20 00:00:00+03:00,3.5,3.5,3.490000009536743,3.5,2254,0.0,0.0
2023-06-21 00:00:00+03:00,3.4000000953674316,3.5799999237060547,3.380000114440918,3.5799999237060547,3060,0.0,0.0
2023-06-22 00:00:00+03:00,3.5799999237060547,3.5799999237060547,3.4100000858306885,3.5799999237060547,1122,0.0,0.0
2023-06-26 00:00:00+03:00,3.5899999141693115,3.5899999141693115,3.4200000762939453,3.450000047683716,506,0.0,0.0
2023-06-27 00:00:00+03:00,3.450000047683716,3.559999942779541,3.450000047683716,3.450000047683716,610,0.0,0.0
2023-06-28 00:00:00+03:00,3.369999885559082,3.369999885559082,3.299999952316284,3.299999952316284,85,0.0,0.0
2023-06-29 00:00:00+03:00,3.5,3.5,3.430000066757202,3.490000009536743,710,0.0,0.0
2023-06-30 00:00:00+03:00,3.5,3.5,3.490000009536743,3.490000009536743,56,0.0,0.0
2023-07-03 00:00:00+03:00,3.490000009536743,3.490000009536743,3.490000009536743,3.490000009536743,1,0.0,0.0
2023-07-04 00:00:00+03:00,3.5,3.5,3.4000000953674316,3.4100000858306885,2681,0.0,0.0
2023-07-05 00:00:00+03:00,3.430000066757202,3.430000066757202,3.259999990463257,3.390000104904175,623,0.0,0.0
2023-07-06 00:00:00+03:00,3.390000104904175,3.390000104904175,3.390000104904175,3.390000104904175,114,0.0,0.0
2023-07-07 00:00:00+03:00,3.390000104904175,3.390000104904175,3.359999895095825,3.380000114440918,1036,0.0,0.0
2023-07-10 00:00:00+03:00,3.25,3.25,3.25,3.25,235,0.0,0.0
2023-07-11 00:00:00+03:00,3.25,3.25,3.25,3.25,0,0.0,0.0
2023-07-12 00:00:00+03:00,3.3499999046325684,3.5899999141693115,3.3499999046325684,3.359999895095825,1508,0.0,0.0
2023-07-13 00:00:00+03:00,3.309999942779541,3.490000009536743,3.309999942779541,3.450000047683716,28884,0.0,0.0
2023-07-14 00:00:00+03:00,3.450000047683716,3.549999952316284,3.440000057220459,3.5399999618530273,2384,0.0,0.0
2023-07-17 00:00:00+03:00,3.549999952316284,3.5999999046325684,3.5399999618530273,3.5999999046325684,2458,0.0,0.0
2023-07-18 00:00:00+03:00,3.5399999618530273,3.5999999046325684,3.5399999618530273,3.5999999046325684,4880,0.0,0.0
2023-07-19 00:00:00+03:00,3.5999999046325684,3.5999999046325684,3.5999999046325684,3.5999999046325684,615,0.0,0.0
2023-07-20 00:00:00+03:00,3.5999999046325684,3.5999999046325684,3.5999999046325684,3.5999999046325684,10,0.0,0.0
2023-07-21 00:00:00+03:00,3.5999999046325684,3.5999999046325684,3.5999999046325684,3.5999999046325684,0,0.0,0.0
2023-07-24 00:00:00+03:00,3.5999999046325684,3.5999999046325684,3.4700000286102295,3.4700000286102295,1114,0.0,0.0
2023-07-25 00:00:00+03:00,3.4700000286102295,3.4700000286102295,3.4700000286102295,3.4700000286102295,168,0.0,0.0
2023-07-26 00:00:00+03:00,3.549999952316284,3.5999999046325684,3.4700000286102295,3.5999999046325684,1117,0.0,0.0
2023-07-27 00:00:00+03:00,3.5999999046325684,3.5999999046325684,3.5999999046325684,3.5999999046325684,17,0.0,0.0
2023-07-28 00:00:00+03:00,3.4700000286102295,3.4700000286102295,3.4700000286102295,3.4700000286102295,150,0.0,0.0
2023-07-31 00:00:00+03:00,3.4800000190734863,3.4800000190734863,3.4800000190734863,3.4800000190734863,186,0.0,0.0
2023-08-01 00:00:00+03:00,3.4800000190734863,3.5999999046325684,3.4700000286102295,3.4700000286102295,715,0.0,0.0
2023-08-02 00:00:00+03:00,3.4700000286102295,3.4700000286102295,3.4200000762939453,3.4700000286102295,1482,0.0,0.0
2023-08-03 00:00:00+03:00,3.5899999141693115,3.5899999141693115,3.4800000190734863,3.4800000190734863,690,0.0,0.0
2023-08-04 00:00:00+03:00,3.4800000190734863,3.4800000190734863,3.4800000190734863,3.4800000190734863,0,0.0,0.0
2023-08-07 00:00:00+03:00,3.4700000286102295,3.5899999141693115,3.4000000953674316,3.4000000953674316,2987,0.0,0.0
2023-08-08 00:00:00+03:00,3.490000009536743,3.490000009536743,3.490000009536743,3.490000009536743,400,0.0,0.0
2023-08-09 00:00:00+03:00,3.4700000286102295,3.5399999618530273,3.4100000858306885,3.4800000190734863,812,0.0,0.0
2023-08-10 00:00:00+03:00,3.4800000190734863,3.4800000190734863,3.4800000190734863,3.4800000190734863,296,0.0,0.0
2023-08-11 00:00:00+03:00,3.5399999618530273,3.5399999618530273,3.5,3.5,1500,0.0,0.0
2023-08-14 00:00:00+03:00,3.4700000286102295,3.4800000190734863,3.4700000286102295,3.4800000190734863,1334,0.0,0.0
2023-08-15 00:00:00+03:00,3.4000000953674316,3.4000000953674316,3.2100000381469727,3.369999885559082,5296,0.0,0.0
2023-08-16 00:00:00+03:00,3.2100000381469727,3.3499999046325684,3.190000057220459,3.2799999713897705,6721,0.0,0.0
2023-08-17 00:00:00+03:00,3.1700000762939453,3.369999885559082,3.1600000858306885,3.369999885559082,1147,0.0,0.0
2023-08-18 00:00:00+03:00,3.369999885559082,3.369999885559082,3.359999895095825,3.359999895095825,118,0.0,0.0
2023-08-21 00:00:00+03:00,3.369999885559082,3.369999885559082,3.359999895095825,3.359999895095825,11,0.0,0.0
2023-08-22 00:00:00+03:00,3.200000047683716,3.200000047683716,3.1500000953674316,3.180000066757202,3145,0.0,0.0
2023-08-23 00:00:00+03:00,3.180000066757202,3.190000057220459,3.180000066757202,3.190000057220459,621,0.0,0.0
2023-08-24 00:00:00+03:00,3.200000047683716,3.200000047683716,3.200000047683716,3.200000047683716,357,0.0,0.0
2023-08-25 00:00:00+03:00,3.1700000762939453,3.1700000762939453,3.1700000762939453,3.1700000762939453,372,0.0,0.0
2023-08-28 00:00:00+03:00,3.2100000381469727,3.450000047683716,3.2100000381469727,3.450000047683716,1379,0.0,0.0
2023-08-29 00:00:00+03:00,3.1500000953674316,3.240000009536743,3.140000104904175,3.200000047683716,4805,0.0,0.0
2023-08-30 00:00:00+03:00,3.2300000190734863,3.25,3.2100000381469727,3.2100000381469727,4040,0.0,0.0
2023-08-31 00:00:00+03:00,3.25,3.4200000762939453,3.25,3.259999990463257,6523,0.0,0.0
2023-09-01 00:00:00+03:00,3.259999990463257,3.259999990463257,3.1600000858306885,3.240000009536743,7638,0.0,0.0
2023-09-04 00:00:00+03:00,3.2300000190734863,3.4000000953674316,3.2300000190734863,3.4000000953674316,2057,0.0,0.0
2023-09-05 00:00:00+03:00,3.390000104904175,3.390000104904175,3.140000104904175,3.390000104904175,2464,0.0,0.0
2023-09-06 00:00:00+03:00,3.1500000953674316,3.299999952316284,3.1500000953674316,3.299999952316284,4827,0.0,0.0
2023-09-07 00:00:00+03:00,3.299999952316284,3.299999952316284,3.2799999713897705,3.2799999713897705,540,0.0,0.0
2023-09-08 00:00:00+03:00,3.2699999809265137,3.2799999713897705,3.1700000762939453,3.2699999809265137,1242,0.0,0.0
2023-09-11 00:00:00+03:00,3.2799999713897705,3.3499999046325684,3.130000114440918,3.299999952316284,5476,0.0,0.0
2023-09-12 00:00:00+03:00,3.109999895095825,3.299999952316284,3.109999895095825,3.200000047683716,2248,0.0,0.0
2023-09-13 00:00:00+03:00,3.200000047683716,3.3399999141693115,3.200000047683716,3.25,2444,0.0,0.0
2023-09-14 00:00:00+03:00,3.119999885559082,3.2699999809265137,3.119999885559082,3.140000104904175,4669,0.0,0.0
2023-09-15 00:00:00+03:00,3.25,3.25,3.240000009536743,3.25,1694,0.0,0.0
2023-09-18 00:00:00+03:00,3.3499999046325684,3.3499999046325684,3.25,3.25,182,0.0,0.0
2023-09-19 00:00:00+03:00,3.109999895095825,3.25,3.0999999046325684,3.1600000858306885,3343,0.0,0.0
2023-09-20 00:00:00+03:00,3.1600000858306885,3.240000009536743,3.119999885559082,3.2100000381469727,5416,0.0,0.0
2023-09-21 00:00:00+03:00,3.109999895095825,3.109999895095825,3.0299999713897705,3.0299999713897705,5762,0.0,0.0
2023-09-22 00:00:00+03:00,3.0299999713897705,3.0399999618530273,2.9100000858306885,3.0299999713897705,24130,0.0,0.0
2023-09-25 00:00:00+03:00,3.0299999713897705,3.0299999713897705,3.0299999713897705,3.0299999713897705,115,0.0,0.0
2023-09-26 00:00:00+03:00,3.0799999237060547,3.0799999237060547,3.0799999237060547,3.0799999237060547,121,0.0,0.0
2023-09-27 00:00:00+03:00,3.0199999809265137,3.1700000762939453,3.0199999809265137,3.1600000858306885,977,0.0,0.0
2023-09-28 00:00:00+03:00,3.1600000858306885,3.1600000858306885,3.1600000858306885,3.1600000858306885,0,0.0,0.0
2023-09-29 00:00:00+03:00,3.0999999046325684,3.0999999046325684,3.0199999809265137,3.0199999809265137,78,0.0,0.0
2023-10-02 00:00:00+03:00,3.0199999809265137,3.109999895095825,3.0199999809265137,3.0399999618530273,1046,0.0,0.0
2023-10-03 00:00:00+03:00,3.0999999046325684,3.0999999046325684,3.0399999618530273,3.049999952316284,3101,0.0,0.0
2023-10-04 00:00:00+03:00,3.0399999618530273,3.069999933242798,2.990000009536743,3.0,3334,0.0,0.0
2023-10-05 00:00:00+03:00,3.009999990463257,3.1500000953674316,3.0,3.0,4002,0.0,0.0
2023-10-06 00:00:00+03:00,3.0299999713897705,3.0299999713897705,2.9100000858306885,2.9100000858306885,5230,0.0,0.0
2023-10-09 00:00:00+03:00,2.9100000858306885,2.990000009536743,2.8299999237060547,2.8299999237060547,6174,0.0,0.0
2023-10-10 00:00:00+03:00,2.8299999237060547,3.0,2.7300000190734863,2.8499999046325684,11069,0.0,0.0
2023-10-11 00:00:00+03:00,2.819999933242798,2.9000000953674316,2.819999933242798,2.9000000953674316,646,0.0,0.0
2023-10-12 00:00:00+03:00,2.819999933242798,2.990000009536743,2.740000009536743,2.990000009536743,170280,0.0,0.0
2023-10-13 00:00:00+03:00,2.990000009536743,2.990000009536743,2.75,2.799999952316284,172281,0.0,0.0
2023-10-16 00:00:00+03:00,2.9000000953674316,2.9000000953674316,2.7699999809265137,2.799999952316284,3264,0.0,0.0
2023-10-17 00:00:00+03:00,3.0,3.0,2.75,2.75,899,0.0,0.0
2023-10-18 00:00:00+03:00,2.799999952316284,2.799999952316284,2.75,2.799999952316284,1390,0.0,0.0
2023-10-19 00:00:00+03:00,2.740000009536743,2.869999885559082,2.740000009536743,2.75,6330,0.0,0.0
2023-10-20 00:00:00+03:00,2.75,2.759999990463257,2.7100000381469727,2.7100000381469727,3686,0.0,0.0
2023-10-23 00:00:00+03:00,2.75,2.75,2.609999895095825,2.619999885559082,2777,0.0,0.0
2023-10-24 00:00:00+03:00,2.609999895095825,2.700000047683716,2.609999895095825,2.690000057220459,497,0.0,0.0
2023-10-25 00:00:00+03:00,2.619999885559082,2.859999895095825,2.619999885559082,2.859999895095825,2800,0.0,0.0
2023-10-26 00:00:00+03:00,2.869999885559082,2.9000000953674316,2.869999885559082,2.890000104904175,531,0.0,0.0
2023-10-27 00:00:00+03:00,2.819999933242798,2.8299999237060547,2.6500000953674316,2.7200000286102295,3487,0.0,0.0
2023-10-30 00:00:00+02:00,2.6600000858306885,2.690000057220459,2.6600000858306885,2.690000057220459,1314,0.0,0.0
2023-10-31 00:00:00+02:00,2.740000009536743,2.740000009536743,2.740000009536743,2.740000009536743,35,0.0,0.0
2023-11-01 00:00:00+02:00,2.740000009536743,2.8399999141693115,2.630000114440918,2.799999952316284,2986,0.0,0.0
2023-11-02 00:00:00+02:00,2.799999952316284,2.799999952316284,2.799999952316284,2.799999952316284,0,0.0,0.0
2023-11-03 00:00:00+02:00,2.7100000381469727,2.75,2.6500000953674316,2.6500000953674316,6290,0.0,0.0
2023-11-06 00:00:00+02:00,2.6500000953674316,2.7899999618530273,2.6500000953674316,2.6500000953674316,2891,0.0,0.0
2023-11-07 00:00:00+02:00,2.6600000858306885,2.690000057220459,2.619999885559082,2.619999885559082,3939,0.0,0.0
2023-11-08 00:00:00+02:00,2.619999885559082,2.7899999618530273,2.5999999046325684,2.5999999046325684,5135,0.0,0.0
2023-11-09 00:00:00+02:00,2.6700000762939453,2.700000047683716,2.5899999141693115,2.640000104904175,8423,0.0,0.0
2023-11-10 00:00:00+02:00,2.680000066757202,2.690000057220459,2.609999895095825,2.640000104904175,2757,0.0,0.0
2023-11-13 00:00:00+02:00,2.799999952316284,2.799999952316284,2.5999999046325684,2.6500000953674316,5280,0.0,0.0
