Date,Open,High,Low,Close,Volume,Dividends,Stock Splits
2021-12-01 00:00:00+02:00,4.579004565710341,4.822568648238797,3.8926412524491356,4.028550148010254,746363,0.0,0.0
2021-12-02 00:00:00+02:00,4.009065058227559,4.009065058227559,3.6549229566525234,3.7801151275634766,256812,0.0,0.0
2021-12-03 00:00:00+02:00,3.7806019911661375,3.821033488197524,3.653461456298828,3.653461456298828,108582,0.0,0.0
2021-12-07 00:00:00+02:00,3.7508869880654157,3.7508869880654157,3.6144912242889404,3.6144912242889404,48574,0.0,0.0
2021-12-08 00:00:00+02:00,3.6144912672373573,3.692431704607168,3.556035939209999,3.5657784938812256,43344,0.0,0.0
2021-12-09 00:00:00+02:00,3.6144912672373573,3.692431704607168,3.556035939209999,3.5657784938812256,68964,0.0,0.0
2021-12-10 00:00:00+02:00,3.5657785758807328,3.5657785758807328,3.4293825750661426,3.468352794647217,25672,0.0,0.0
2021-12-13 00:00:00+02:00,3.4586100431871847,3.46835259752875,3.36118449977153,3.419639825820923,39065,0.0,0.0
2021-12-14 00:00:00+02:00,3.4488675034479956,3.59500605147104,3.4391249490651803,3.4586100578308105,36900,0.0,0.0
2021-12-15 00:00:00+02:00,3.4586101277039494,3.556035905781179,3.4586101277039494,3.487837791442871,13700,0.0,0.0
2021-12-16 00:00:00+02:00,3.5560359103765222,3.78011489827865,3.526808014319007,3.653461456298828,89810,0.0,0.0
2021-12-17 00:00:00+02:00,3.789857550742983,3.84831287980596,3.702174324867687,3.760629653930664,48516,0.0,0.0
2021-12-20 00:00:00+02:00,3.8288275636320197,3.8580552265872785,3.760629451122264,3.8385701179504395,15279,0.0,0.0
2021-12-21 00:00:00+02:00,3.8580554409069565,3.965223776643722,3.828827776328065,3.9262535572052,23583,0.0,0.0
2021-12-22 00:00:00+02:00,3.935995531639117,4.228272616137332,3.935995531639117,4.111361503601074,76934,0.0,0.0
2021-12-23 00:00:00+02:00,4.111361953419329,4.228273078746666,4.111361953419329,4.199045181274414,42301,0.0,0.0
2021-12-27 00:00:00+02:00,4.238015237291896,4.238015237291896,4.091876684717351,4.228272914886475,31847,0.0,0.0
2021-12-28 00:00:00+02:00,4.228272502314558,4.228272502314558,4.0529060705117494,4.1308465003967285,29699,0.0,0.0
2021-12-29 00:00:00+02:00,4.130846903462343,4.238015237291896,4.043164143566938,4.228272914886475,24526,0.0,0.0
2021-12-30 00:00:00+02:00,4.228273027984505,4.247758137878189,4.1893028081971355,4.20878791809082,18361,0.0,0.0
2022-01-03 00:00:00+02:00,4.208788082743548,4.208788082743548,4.121104852510865,4.17956018447876,12547,0.0,0.0
2022-01-04 00:00:00+02:00,4.1600749372875505,4.1600749372875505,4.043164277188814,4.121104717254639,14665,0.0,0.0
2022-01-05 00:00:00+02:00,4.111362094438526,4.130847205234474,4.07239187284663,4.091876983642578,9619,0.0,0.0
2022-01-07 00:00:00+02:00,4.091876983642578,4.150332780592108,4.004194217341655,4.091876983642578,10228,0.0,0.0
2022-01-10 00:00:00+02:00,4.101619212160467,4.150332214790289,4.013935993251438,4.023678779602051,19745,0.0,0.0
2022-01-11 00:00:00+02:00,4.02367889148782,4.052906322229137,4.0041937828063965,4.0041937828063965,4055,0.0,0.0
2022-01-12 00:00:00+02:00,4.043164291907883,4.140589842344839,3.9944512844085693,3.9944512844085693,19892,0.0,0.0
2022-01-13 00:00:00+02:00,4.023679143333848,4.140589802739941,3.9652238136308013,4.043164253234863,3951,0.0,0.0
2022-01-14 00:00:00+02:00,4.047061035188359,4.047061035188359,3.898974105611851,3.9944512844085693,9145,0.0,0.0
2022-01-17 00:00:00+02:00,4.06849503401123,4.072391777342022,3.926253682080445,3.9457387924194336,3504,0.0,0.0
2022-01-18 00:00:00+02:00,3.994451140915772,3.994451140915772,3.8015484186117483,3.8950769901275635,13533,0.0,0.0
2022-01-19 00:00:00+02:00,3.8054454405250495,3.8872830867767334,3.723608026554195,3.8872830867767334,17145,0.0,0.0
2022-01-20 00:00:00+02:00,3.8970257281665543,3.9652238456516695,3.7625783293953283,3.8307762145996094,8293,0.0,0.0
2022-01-21 00:00:00+02:00,3.832724674643276,3.832724674643276,3.6437189283474387,3.7314019203186035,35462,0.0,0.0
2022-01-24 00:00:00+02:00,3.702174386028319,3.702174386028319,3.413794479149876,3.544344902038574,33338,0.0,0.0
2022-01-25 00:00:00+02:00,3.544344793793896,3.7411444917924697,3.544344793793896,3.6047487258911133,13855,0.0,0.0
2022-01-26 00:00:00+02:00,3.665152644619525,3.8970255851745605,3.6242338220860404,3.8970255851745605,26330,0.0,0.0
2022-01-27 00:00:00+02:00,3.8970254376965707,3.8970254376965707,3.77037199947664,3.7976512908935547,9167,0.0,0.0
2022-01-28 00:00:00+02:00,3.867797889608725,3.867797889608725,3.616439609479858,3.653461456298828,9996,0.0,0.0
2022-01-31 00:00:00+02:00,3.750887034177642,3.7723207473754883,3.750887034177642,3.7723207473754883,6271,0.0,0.0
2022-02-01 00:00:00+02:00,3.772320594586285,3.88533427069781,3.7703719908178317,3.7995998859405518,4512,0.0,0.0
2022-02-02 00:00:00+02:00,3.7996000808646486,3.9165107382299222,3.7119168555598647,3.8483128547668457,5649,0.0,0.0
2022-02-03 00:00:00+02:00,3.8970255238869824,3.898973895422186,3.7177623349222086,3.865849256515503,7258,0.0,0.0
2022-02-04 00:00:00+02:00,3.8385704011472668,3.8463643522646875,3.7080199778242173,3.7898576259613037,8178,0.0,0.0
2022-02-07 00:00:00+02:00,3.7996001627658824,3.7996001627658824,3.709968563941479,3.750887155532837,8042,0.0,0.0
2022-02-08 00:00:00+02:00,3.7508869738288917,3.887282969368498,3.7099683842197497,3.865849256515503,10796,0.0,0.0
2022-02-09 00:00:00+02:00,3.7430931591136165,3.89507706157974,3.7430931591136165,3.8833861351013184,9258,0.0,0.0
2022-02-10 00:00:00+02:00,3.8580553768910875,3.8950769918310595,3.7080198487176204,3.770372152328491,6825,0.0,0.0
2022-02-11 00:00:00+02:00,3.883385963840412,3.883385963840412,3.5073228513313945,3.6632039546966553,22825,0.0,0.0
2022-02-14 00:00:00+02:00,3.653461499427312,3.653461499427312,3.5092715503916674,3.6047487258911133,7143,0.0,0.0
2022-02-15 00:00:00+02:00,3.6066970462209036,3.766475126974205,3.5482417188079856,3.655410051345825,10618,0.0,0.0
2022-02-16 00:00:00+02:00,3.702174229259981,3.766475136024868,3.6105942625491783,3.653461456298828,4987,0.0,0.0
2022-02-17 00:00:00+02:00,3.6222852881885053,3.6222852881885053,3.5852636726334466,3.595006227493286,1194,0.0,0.0
2022-02-18 00:00:00+02:00,3.593057737086858,3.593057737086858,3.528756826524965,3.575521230697632,3705,0.0,0.0
2022-02-21 00:00:00+02:00,3.579417918002372,3.6515127739790403,3.4586100578308105,3.4586100578308105,9940,0.0,0.0
2022-02-22 00:00:00+02:00,3.458610400136114,3.602800358641025,3.36118484666557,3.5638301372528076,12120,0.0,0.0
2022-02-23 00:00:00+02:00,3.5638297845337044,3.565778388322595,3.427433790893475,3.4586100578308105,1876,0.0,0.0
2022-02-24 00:00:00+02:00,3.3241629947053797,3.431331335730545,3.1955611712998553,3.359236240386963,16676,0.0,0.0
2022-02-25 00:00:00+02:00,3.265707407658571,3.6028000748511246,3.265707407658571,3.487837791442871,12302,0.0,0.0
2022-02-28 00:00:00+02:00,3.456661903912792,3.5540874538736893,3.2053036133643444,3.5034260749816895,5906,0.0,0.0
2022-03-01 00:00:00+02:00,3.5014775969398824,3.507322943935227,3.343647885606561,3.4391250610351562,3491,0.0,0.0
2022-03-02 00:00:00+02:00,3.314420299678705,3.5073230266571045,3.273501476061242,3.5073230266571045,16377,0.0,0.0
2022-03-03 00:00:00+02:00,3.4995290905896486,3.593057664771757,3.497580486683025,3.5053746700286865,6343,0.0,0.0
2022-03-04 00:00:00+02:00,3.507322827293111,3.556035831453953,3.331956848525029,3.3339052200317383,7933,0.0,0.0
2022-03-07 00:00:00+02:00,3.456661899395842,3.456661899395842,3.1371057242923426,3.1741273403167725,14734,0.0,0.0
2022-03-08 00:00:00+02:00,3.1702302885345826,3.437176706763968,3.1273630940949397,3.312471866607666,2769,0.0,0.0
2022-03-09 00:00:00+02:00,3.4040517570216777,3.448867554299574,3.3241627169923484,3.4079487323760986,6939,0.0,0.0
2022-03-10 00:00:00+02:00,3.421588373784968,3.4780950951319225,3.3611844449403083,3.42938232421875,2670,0.0,0.0
2022-03-11 00:00:00+02:00,3.4293823946823654,3.495631903853999,3.4293823946823654,3.4586100578308105,2311,0.0,0.0
2022-03-14 00:00:00+02:00,3.507322992483962,3.548241815702738,3.431331157684326,3.431331157684326,11849,0.0,0.0
2022-03-15 00:00:00+02:00,3.5482417932414863,3.5482417932414863,3.429382532096178,3.5170655250549316,5159,0.0,0.0
2022-03-16 00:00:00+02:00,3.526808154843897,3.5462934970855713,3.4410737639285296,3.5462934970855713,2408,0.0,0.0
2022-03-17 00:00:00+02:00,3.5073230266571045,3.546293478657108,3.470301410836224,3.5073230266571045,2620,0.0,0.0
2022-03-18 00:00:00+02:00,3.566768943183941,3.6063999086921097,3.5073228492483572,3.6044182777404785,2709,0.06,0.0
2022-03-21 00:00:00+02:00,3.6182890531551064,3.6182890531551064,3.4894891805618773,3.4914705753326416,1236,0.0,0.0
2022-03-22 00:00:00+02:00,3.566769027729792,3.616307676734811,3.519212245941162,3.519212245941162,5199,0.0,0.0
2022-03-23 00:00:00+02:00,3.5865843861213316,3.5865843861213316,3.4875075607325927,3.5647876262664795,1698,0.0,0.0
2022-03-24 00:00:00+02:00,3.564787695985015,3.564787695985015,3.402301510195423,3.4518399238586426,8924,0.0,0.0
2022-03-25 00:00:00+02:00,3.428061426989713,3.554879903793335,3.408246062134564,3.554879903793335,1433,0.0,0.0
2022-03-28 00:00:00+03:00,3.535064704204906,3.5370460990523833,3.3111507874122545,3.4300429821014404,21094,0.0,0.0
2022-03-29 00:00:00+03:00,3.418153857220946,3.4657106399536133,3.366633812412399,3.4657106399536133,8740,0.0,0.0
2022-03-30 00:00:00+03:00,3.4676923368864188,3.4676923368864188,3.368615507462496,3.398338556289673,19086,0.0,0.0
2022-03-31 00:00:00+03:00,3.3686153504149416,3.4657105442366127,3.3686153504149416,3.418153762817383,2250,0.0,0.0
2022-04-01 00:00:00+03:00,3.4181538217065324,3.462738275527954,3.4181538217065324,3.462738275527954,2388,0.0,0.0
2022-04-04 00:00:00+03:00,3.467692256049669,3.527138352318251,3.3983384770696565,3.49741530418396,4933,0.0,0.0
2022-04-05 00:00:00+03:00,3.3686153504149416,3.5172305876222643,3.3686153504149416,3.418153762817383,2205,0.0,0.0
2022-04-06 00:00:00+03:00,3.423107447987864,3.5618152373942684,3.423107447987864,3.4676921367645264,7901,0.0,0.0
2022-04-07 00:00:00+03:00,3.4676921983255147,3.646030720380378,3.4181537855929927,3.5122768878936768,1766,0.0,0.0
2022-04-08 00:00:00+03:00,3.5172306694516173,3.5271383521626105,3.388430794208706,3.437969207763672,5973,0.0,0.0
2022-04-11 00:00:00+03:00,3.4528305563968655,3.5667690237905583,3.447876833232506,3.5122768878936768,5617,0.0,0.0
2022-04-12 00:00:00+03:00,3.482553895438987,3.482553895438987,3.3091690938010143,3.3190767765045166,39787,0.0,0.0
2022-04-13 00:00:00+03:00,3.3339384186686645,3.42806152246083,3.3190767765045166,3.3190767765045166,5716,0.0,0.0
2022-04-14 00:00:00+03:00,3.428061463610364,3.4627382343684223,3.333938361434035,3.3933844566345215,1602,0.0,0.0
2022-04-19 00:00:00+03:00,3.398338555305742,3.398338555305742,3.299261489692711,3.3388922214508057,4654,0.0,0.0
2022-04-20 00:00:00+03:00,3.3091690989363762,3.7550152937214465,3.3091690989363762,3.7351999282836914,51388,0.0,0.0
2022-04-21 00:00:00+03:00,3.655938525677686,3.7252923058318204,3.472646274304292,3.6014461517333984,16321,0.0,0.0
2022-04-22 00:00:00+03:00,3.740153807713432,3.740153807713432,3.5717229688791123,3.7153844833374023,5609,0.0,0.0
2022-04-25 00:00:00+03:00,3.6559385046958917,3.6559385046958917,3.5122769856636333,3.5667691230773926,20053,0.0,0.0
2022-04-26 00:00:00+03:00,3.616307773406688,3.8590461206619553,3.5221846684859344,3.5667691230773926,2403,0.0,0.0
2022-04-27 00:00:00+03:00,3.527138312929528,3.5469536781311035,3.4676922173248,3.5469536781311035,2344,0.0,0.0
2022-04-28 00:00:00+03:00,3.4676922338980214,3.5667690603794218,3.343846082687378,3.343846082687378,13986,0.0,0.0
2022-04-29 00:00:00+03:00,3.3488000045260993,3.5122768844940815,3.3488000045260993,3.4528305530548096,2389,0.0,0.0
2022-05-02 00:00:00+03:00,3.4577845730277086,3.4825538979129544,3.378523111343384,3.378523111343384,9222,0.0,0.0
2022-05-03 00:00:00+03:00,3.3785230714638312,3.472646174211847,3.3686153888702393,3.3686153888702393,2893,0.0,0.0
2022-05-04 00:00:00+03:00,3.3636614294645506,3.482553856805439,3.3636614294645506,3.3686153888702393,456,0.0,0.0
2022-05-05 00:00:00+03:00,3.3686154681629175,3.4825539387800752,3.3686154681629175,3.3884308338165283,1072,0.0,0.0
2022-05-06 00:00:00+03:00,3.3388921646834824,3.47759995969632,3.3388921646834824,3.4726462364196777,3817,0.0,0.0
2022-05-09 00:00:00+03:00,3.472646174211847,3.472646174211847,3.324030699090183,3.3686153888702393,1556,0.0,0.0
2022-05-10 00:00:00+03:00,3.3190767765045166,3.3686154262398165,3.2943076878546553,3.3190767765045166,3101,0.0,0.0
2022-05-11 00:00:00+03:00,3.5320922238040784,3.5320922238040784,3.2992613315582275,3.2992613315582275,4461,0.0,0.0
2022-05-12 00:00:00+03:00,3.2992614521574883,3.3884308338165283,3.269538403677072,3.3884308338165283,2084,0.0,0.0
2022-05-13 00:00:00+03:00,3.3983384590227343,3.5221846103668213,3.25963066558153,3.5221846103668213,1358,0.0,0.0
2022-05-16 00:00:00+03:00,3.5271383733458226,3.5420000156104625,3.254676979048273,3.532092332839966,501,0.0,0.0
2022-05-17 00:00:00+03:00,3.5221846690016276,3.5221846690016276,3.3686154671245836,3.5073230266571045,1892,0.0,0.0
2022-05-18 00:00:00+03:00,3.5023692418223247,3.517230647687962,3.393384496457979,3.403292179107666,3652,0.0,0.0
2022-05-19 00:00:00+03:00,3.4032922582935283,3.54695377816552,3.2695384213017498,3.423107624053955,2457,0.0,0.0
2022-05-20 00:00:00+03:00,3.4181538630698713,3.542000015817201,3.3735691724911394,3.4726462364196777,1507,0.0,0.0
2022-05-23 00:00:00+03:00,3.4231074859487354,3.532092229451888,3.413199803468247,3.418153762817383,2304,0.0,0.0
2022-05-24 00:00:00+03:00,3.418153762817383,3.418153762817383,3.418153762817383,3.418153762817383,0,0.0,0.0
2022-05-25 00:00:00+03:00,3.517230589177143,3.517230589177143,3.37852303438899,3.477599859237671,561,0.0,0.0
2022-05-27 00:00:00+03:00,3.502369125267358,3.502369125267358,3.467692119038572,3.4924614429473877,177,0.0,0.0
2022-05-30 00:00:00+03:00,3.3884308733472803,3.4924616623512965,3.3884308733472803,3.398338556289673,4590,0.0,0.0
2022-05-31 00:00:00+03:00,3.398338555305742,3.462738376303749,3.328984538511282,3.3388922214508057,3605,0.0,0.0
2022-06-01 00:00:00+03:00,3.462738275527954,3.462738275527954,3.3686154084506263,3.462738275527954,505,0.0,0.0
2022-06-02 00:00:00+03:00,3.462738355574809,3.467692315123812,3.3686154863216773,3.423107624053955,2740,0.0,0.0
2022-06-03 00:00:00+03:00,3.462738177470328,3.517230548617606,3.373569036134784,3.4676921367645264,1854,0.0,0.0
2022-06-06 00:00:00+03:00,3.467692111635912,3.467692111635912,3.368615288647712,3.3735690116882324,1114,0.0,0.0
2022-06-07 00:00:00+03:00,3.3735691909385297,3.4627383363657986,3.3190768172907474,3.4478769302368164,5626,0.0,0.0
2022-06-08 00:00:00+03:00,3.4577846136041663,3.4577846136041663,3.3686154681629175,3.3884308338165283,1133,0.0,0.0
2022-06-09 00:00:00+03:00,3.388430754057423,3.4082461192446067,3.319076739684494,3.3686153888702393,905,0.0,0.0
2022-06-10 00:00:00+03:00,3.348800060832812,3.348800060832812,3.299261411097512,3.3190767765045166,1679,0.0,0.0
2022-06-13 00:00:00+03:00,3.319076816674435,3.319076816674435,3.2546769964311504,3.269538402557373,1340,0.0,0.0
2022-06-14 00:00:00+03:00,3.274492322247468,3.358707743330983,3.249722997381332,3.2596306800842285,954,0.0,0.0
2022-06-15 00:00:00+03:00,3.2596306625783087,3.447876869140152,3.2596306625783087,3.403292179107666,622,0.0,0.0
2022-06-16 00:00:00+03:00,3.224953947960913,3.3636615074886866,3.1803692571466615,3.269538402557373,4244,0.0,0.0
2022-06-17 00:00:00+03:00,3.2695383447174344,3.433015226520638,3.1803692008841744,3.343846082687378,1702,0.0,0.0
2022-06-20 00:00:00+03:00,3.2199999107714876,3.3686153857557475,3.2199999107714876,3.309169054031372,1351,0.0,0.0
2022-06-21 00:00:00+03:00,3.4280614380891428,3.4280614380891428,3.2398152351379395,3.2398152351379395,181,0.0,0.0
2022-06-22 00:00:00+03:00,3.2744922637939453,3.363661406528241,3.2744922637939453,3.2744922637939453,78,0.0,0.0
2022-06-23 00:00:00+03:00,3.3587077242250096,3.3587077242250096,3.274492303620553,3.28439998626709,1211,0.0,0.0
2022-06-27 00:00:00+03:00,3.284399965679186,3.4032921566923653,3.185322903617084,3.309169054031372,5081,0.0,0.0
2022-06-28 00:00:00+03:00,3.3091690938010143,3.3190767765045166,3.3091690938010143,3.3190767765045166,241,0.0,0.0
2022-06-29 00:00:00+03:00,3.3587076262815687,3.3587076262815687,3.22495379634483,3.34879994392395,137,0.0,0.0
2022-06-30 00:00:00+03:00,3.3488001406081236,3.3488001406081236,3.2249539857551803,3.3388922214508057,2890,0.0,0.0
2022-07-01 00:00:00+03:00,3.269538402046476,3.3339384584974887,3.269538402046476,3.328984498977661,1522,0.0,0.0
2022-07-04 00:00:00+03:00,3.309169035780868,3.3587076846475994,3.309169035780868,3.3339383602142334,675,0.0,0.0
2022-07-05 00:00:00+03:00,3.343846082687378,3.343846082687378,3.333938400039238,3.343846082687378,135,0.0,0.0
2022-07-06 00:00:00+03:00,3.309169054031372,3.309169054031372,3.2695383236936455,3.309169054031372,45,0.0,0.0
2022-07-07 00:00:00+03:00,3.3091691338510225,3.3091691338510225,3.269538402557373,3.269538402557373,1620,0.0,0.0
2022-07-08 00:00:00+03:00,3.244769255136551,3.2794460262847185,3.219999930415471,3.2249538898468018,1560,0.0,0.0
2022-07-11 00:00:00+03:00,3.274492178367009,3.3091689481945634,3.185322801741234,3.195230484008789,972,0.0,0.0
2022-07-12 00:00:00+03:00,3.319076835702817,3.423107624053955,3.1902769582600423,3.423107624053955,7348,0.0,0.0
2022-07-13 00:00:00+03:00,3.428061445297871,3.428061445297871,3.418153762817383,3.418153762817383,228,0.0,0.0
2022-07-14 00:00:00+03:00,3.4181538421855464,3.4181538421855464,3.28935373073073,3.378523111343384,2942,0.0,0.0
2022-07-15 00:00:00+03:00,3.3735690116882324,3.3735690116882324,3.2744921887000324,3.3735690116882324,4515,0.0,0.0
2022-07-18 00:00:00+03:00,3.373569009013737,3.373569009013737,3.299261273722607,3.3141229152679443,1096,0.0,0.0
2022-07-19 00:00:00+03:00,3.269538402046476,3.41815388059223,3.215046028417327,3.328984498977661,1626,0.0,0.0
2022-07-20 00:00:00+03:00,3.3388921627322787,3.4676922748987726,3.2695383833752847,3.4131999015808105,4260,0.0,0.0
2022-07-21 00:00:00+03:00,3.4032922786666067,3.4032922786666067,3.2844000833923226,3.3388922214508057,1288,0.0,0.0
2022-07-22 00:00:00+03:00,3.284399886021904,3.338892020805775,3.2794459267409444,3.289353609085083,6467,0.0,0.0
2022-07-25 00:00:00+03:00,3.289353749428781,3.289353749428781,3.2348616123199463,3.2348616123199463,1517,0.0,0.0
2022-07-26 00:00:00+03:00,3.234861512017004,3.2497229175975932,3.2150459108799136,3.2398152351379395,3464,0.0,0.0
2022-07-27 00:00:00+03:00,3.35375378387064,3.35375378387064,3.2398153146784354,3.2596306800842285,1317,0.0,0.0
2022-07-28 00:00:00+03:00,3.259630541880179,3.2695382241630027,3.249722859597355,3.2546768188476562,2550,0.0,0.0
2022-07-29 00:00:00+03:00,3.324030756863148,3.3537538051605225,3.25963070077661,3.3537538051605225,2700,0.0,0.0
2022-08-01 00:00:00+03:00,3.3537537477110813,3.433015208479671,3.2398152797473396,3.4280614852905273,2739,0.0,0.0
2022-08-02 00:00:00+03:00,3.2596307591441174,3.373569231099814,3.2596307591441174,3.2794461250305176,3493,0.0,0.0
2022-08-03 00:00:00+03:00,3.259630661541854,3.408246137457694,3.2398152962487803,3.28439998626709,3357,0.0,0.0
2022-08-04 00:00:00+03:00,3.284399886021904,3.289353609085083,3.2794459267409444,3.289353609085083,2392,0.0,0.0
2022-08-05 00:00:00+03:00,3.4131999216057483,3.4131999216057483,3.269538402557373,3.269538402557373,1937,0.0,0.0
2022-08-08 00:00:00+03:00,3.3190767765045166,3.3190767765045166,3.3190767765045166,3.3190767765045166,2174,0.0,0.0
2022-08-09 00:00:00+03:00,3.38347683458976,3.38347683458976,3.304215372905435,3.378523111343384,4025,0.0,0.0
2022-08-10 00:00:00+03:00,3.328984459208019,3.3636614667791713,3.2794460456905075,3.3190767765045166,1695,0.0,0.0
2022-08-11 00:00:00+03:00,3.368615428632843,3.4280615248960866,3.3240307383265164,3.378523111343384,6649,0.0,0.0
2022-08-12 00:00:00+03:00,3.3884307732420287,3.403292179107666,3.338892123775806,3.403292179107666,3657,0.0,0.0
2022-08-15 00:00:00+03:00,3.408246239232065,3.4181539221744575,3.343846181997618,3.398338556289673,2049,0.0,0.0
2022-08-16 00:00:00+03:00,3.4032922571378204,3.6608922481536865,3.3785231680545946,3.6608922481536865,20804,0.0,0.0
2022-08-17 00:00:00+03:00,3.6608922481536865,3.7500616302631196,3.507323045453631,3.6608922481536865,14484,0.0,0.0
2022-08-18 00:00:00+03:00,3.963076949753128,4.309846088369409,3.6955692745422155,3.8144614696502686,35873,0.0,0.0
2022-08-19 00:00:00+03:00,3.7153844412054937,3.7153844412054937,3.6163076172604596,3.6460306644439697,6726,0.0,0.0
2022-08-22 00:00:00+03:00,3.6460307044139966,3.834276671973229,3.6063999744015267,3.6559383869171143,3445,0.0,0.0
2022-08-23 00:00:00+03:00,3.7104305225753684,3.7104305225753684,3.566769008171273,3.6559383869171143,5210,0.0,0.0
2022-08-24 00:00:00+03:00,3.655938381744952,3.660892104880611,3.472646137587695,3.537045955657959,6704,0.0,0.0
2022-08-25 00:00:00+03:00,3.6113536492473486,3.6113536492473486,3.4676921367645264,3.4676921367645264,200,0.0,0.0
2022-08-26 00:00:00+03:00,3.4330152878900426,3.542000035185607,3.4330152878900426,3.4478769302368164,613,0.0,0.0
2022-08-29 00:00:00+03:00,3.4429229308530034,3.4676922557382492,3.3388921442834327,3.378523111343384,2876,0.0,0.0
2022-08-30 00:00:00+03:00,3.4676923358824077,3.52713843351955,3.3388922214508057,3.3388922214508057,1790,0.0,0.0
2022-08-31 00:00:00+03:00,3.4676923164578883,3.542000056196973,3.338892202747769,3.4825539588928223,4015,0.0,0.0
2022-09-01 00:00:00+03:00,3.5618152932666822,3.5618152932666822,3.2744922637939453,3.2744922637939453,5796,0.0,0.0
2022-09-02 00:00:00+03:00,3.507322965038275,3.507322965038275,3.2943076699611074,3.403292179107666,816,0.0,0.0
2022-09-05 00:00:00+03:00,3.30916897377336,3.314122933054319,3.2199998326761143,3.289353609085083,6398,0.0,0.0
2022-09-06 00:00:00+03:00,3.309168980484152,3.4676921345296217,3.309168980484152,3.4082460403442383,1951,0.0,0.0
2022-09-07 00:00:00+03:00,3.2992614909169173,3.462738377588614,3.2200000273713174,3.2794461250305176,868,0.0,0.0
2022-09-08 00:00:00+03:00,3.368615328645577,3.4924614769602265,3.368615328645577,3.383476734161377,6673,0.0,0.0
2022-09-09 00:00:00+03:00,3.462738275005789,3.462738275005789,3.383476813808292,3.403292179107666,1046,0.0,0.0
2022-09-12 00:00:00+03:00,3.462738355574809,3.462738355574809,3.3686154863216773,3.423107624053955,11416,0.0,0.0
2022-09-13 00:00:00+03:00,3.462738255400469,3.462738255400469,3.3686153888702393,3.3686153888702393,2846,0.0,0.0
2022-09-14 00:00:00+03:00,3.4379692051643325,3.4379692051643325,3.269538362987005,3.3190767765045166,646,0.0,0.0
2022-09-15 00:00:00+03:00,3.4131998802966828,3.4131998802966828,3.3190767765045166,3.3190767765045166,72,0.0,0.0
2022-09-16 00:00:00+03:00,3.4131999625943643,3.4131999625943643,3.274492401400872,3.398338556289673,2223,0.0,0.0
2022-09-19 00:00:00+03:00,3.4082460748871144,3.4082460748871144,3.2249538311822756,3.2992613315582275,1246,0.0,0.0
2022-09-20 00:00:00+03:00,3.2794459869480694,3.3686153659001494,3.2744922637939453,3.2744922637939453,1359,0.0,0.0
2022-09-21 00:00:00+03:00,3.2695383267165345,3.3686153888702393,3.031753708252544,3.3686153888702393,13186,0.0,0.0
2022-09-22 00:00:00+03:00,3.1704615543552546,3.3636614863038923,3.0911998560493648,3.115969181060791,6940,0.0,0.0
2022-09-23 00:00:00+03:00,3.125876785001234,3.1853228800683455,3.071384413080824,3.15559983253479,5398,0.0,0.0
2022-09-26 00:00:00+03:00,3.1506461065801923,3.1506461065801923,3.021845997831789,3.036707639694214,7658,0.0,0.0
2022-09-27 00:00:00+03:00,3.031753658329543,3.041661340759988,2.982215246177318,3.002030611038208,6324,0.0,0.0
2022-09-28 00:00:00+03:00,3.0367075714483214,3.0367075714483214,2.8435074126676283,2.8732306957244873,24710,0.0,0.0
2022-09-29 00:00:00+03:00,2.873230690677132,2.9128614197262874,2.81378436088562,2.81378436088562,4842,0.0,0.0
2022-09-30 00:00:00+03:00,2.8286461629696382,3.0218460961610845,2.8286461629696382,2.9723076820373535,10081,0.0,0.0
2022-10-03 00:00:00+03:00,3.0317537789858306,3.0317537789858306,2.9574460396913387,2.9723076820373535,1871,0.0,0.0
2022-10-04 00:00:00+03:00,2.9723076820373535,3.0317537789858306,2.9326769507383688,2.9723076820373535,3346,0.0,0.0
2022-10-05 00:00:00+03:00,2.977261583116806,3.031753719474367,2.97230762369278,2.9871692657470703,4328,0.0,0.0
2022-10-06 00:00:00+03:00,2.8930462189353605,3.1407385257286538,2.8930462189353605,3.0317537784576416,4353,0.0,0.0
2022-10-07 00:00:00+03:00,3.0317536358106425,3.0317536358106425,2.927722852954787,2.967353582382202,1412,0.0,0.0
2022-10-10 00:00:00+03:00,2.967353763305533,2.9723077228948993,2.8732308932855206,2.92276930809021,3078,0.0,0.0
2022-10-11 00:00:00+03:00,2.8930461406707764,2.8930461406707764,2.833599809123046,2.8930461406707764,1777,0.0,0.0
2022-10-12 00:00:00+03:00,2.8484615296736746,2.9079076266441595,2.8335998873221575,2.8534154891967773,2126,0.0,0.0
2022-10-13 00:00:00+03:00,2.873230755359952,2.9178152084350586,2.823692106715504,2.9178152084350586,2462,0.0,0.0
2022-10-14 00:00:00+03:00,2.922769325862396,3.021846156074221,2.922769325862396,2.9574460983276367,3131,0.0,0.0
2022-10-17 00:00:00+03:00,2.9574460773684175,3.1803692980918763,2.952492354001831,3.1605539321899414,1278,0.0,0.0
2022-10-18 00:00:00+03:00,3.0713844499954246,3.1258768225707727,2.888092203226639,2.9871692657470703,5234,0.0,0.0
2022-10-19 00:00:00+03:00,2.9921228739392247,3.115969020165907,2.9029537336944133,3.076338291168213,5338,0.0,0.0
2022-10-20 00:00:00+03:00,3.086246071888847,3.086246071888847,2.972307604276214,3.0713844299316406,15177,0.0,0.0
2022-10-21 00:00:00+03:00,3.1159690607770147,3.1159690607770147,2.9723075481791135,3.0862460136413574,1095,0.0,0.0
2022-10-24 00:00:00+03:00,3.086246031658367,3.086246031658367,2.9970768897308395,3.061476707458496,12241,0.0,0.0
2022-10-25 00:00:00+03:00,3.081292152404785,3.081292152404785,3.0713844697109223,3.081292152404785,1270,0.0,0.0
2022-10-26 00:00:00+03:00,3.0614768677315607,3.1011078357696533,3.0614768677315607,3.1011078357696533,3624,0.0,0.0
2022-10-27 00:00:00+03:00,3.1011077939170817,3.1011077939170817,3.0713845092352092,3.0911998748779297,2669,0.0,0.0
2022-10-28 00:00:00+03:00,3.1011078357696533,3.1011078357696533,3.011938452956188,3.1011078357696533,2190,0.0,0.0
2022-10-31 00:00:00+02:00,3.1308308429056337,3.1308308429056337,3.0317537784576416,3.0317537784576416,2586,0.0,0.0
2022-11-01 00:00:00+02:00,3.0713845497873065,3.1011078348616214,3.041661500930786,3.041661500930786,2283,0.0,0.0
2022-11-02 00:00:00+02:00,3.0069845935528066,3.096153736114502,3.0069845935528066,3.096153736114502,551,0.0,0.0
2022-11-03 00:00:00+02:00,3.0862461728932353,3.0862461728932353,3.0664308071136475,3.0664308071136475,652,0.0,0.0
2022-11-04 00:00:00+02:00,3.066430746472885,3.081292152404785,3.0515691043231965,3.081292152404785,3587,0.0,0.0
2022-11-07 00:00:00+02:00,3.0812920170569753,3.1407383468267205,3.0515689702809916,3.135784387588501,2389,0.0,0.0
2022-11-08 00:00:00+02:00,3.0763384291667477,3.160553850173476,3.0614767870170594,3.081292152404785,20212,0.0,0.0
2022-11-09 00:00:00+02:00,3.051569125005315,3.155599912104841,3.026800036211679,3.115969181060791,5825,0.0,0.0
2022-11-10 00:00:00+02:00,3.2150459276019014,3.2150459276019014,3.0565230074229377,3.15559983253479,13139,0.0,0.0
2022-11-11 00:00:00+02:00,3.2100923469447786,3.2100923469447786,3.1407385662880065,3.1605539321899414,7808,0.0,0.0
2022-11-14 00:00:00+02:00,3.2398152568439382,3.3289843995782338,3.2100922092658397,3.2744922637939453,62517,0.0,0.0
2022-11-15 00:00:00+02:00,3.3141230742728665,3.3587077648301835,3.2893537492481815,3.2943077087402344,11695,0.0,0.0
2022-11-16 00:00:00+02:00,3.289353806753187,3.3488001406081236,3.2695384408741397,3.3388922214508057,5352,0.0,0.0
2022-11-17 00:00:00+02:00,3.2992613705193135,3.2992613705193135,3.200184544702854,3.249722957611084,21264,0.0,0.0
2022-11-18 00:00:00+02:00,3.2992612763381928,3.3735690116882324,3.289353594039373,3.3735690116882324,10209,0.0,0.0
2022-11-21 00:00:00+02:00,3.4627383748764333,3.527138432065689,3.4429230090055536,3.517230749130249,14963,0.0,0.0
2022-11-22 00:00:00+02:00,3.472646134568959,3.472646134568959,3.3933844385072707,3.418153762817383,2576,0.0,0.0
2022-11-23 00:00:00+02:00,3.4231075655882877,3.5667690830065832,3.373569152033322,3.437969207763672,10522,0.0,0.0
2022-11-24 00:00:00+02:00,3.373569189784946,3.537046074454601,3.328984498977661,3.328984498977661,8143,0.0,0.0
2022-11-25 00:00:00+02:00,3.3636614667791713,3.4330152457036873,3.2645846397441485,3.3190767765045166,12979,0.0,0.0
2022-11-28 00:00:00+02:00,3.3289845397465174,3.462738377588614,3.2794461250305176,3.2794461250305176,9253,0.0,0.0
2022-11-29 00:00:00+02:00,3.5172306482183444,3.5172306482183444,3.319076758976933,3.462738275527954,1758,0.0,0.0
2022-11-30 00:00:00+02:00,3.3686154084506263,3.5271383308695254,3.3686154084506263,3.462738275527954,6722,0.0,0.0
2022-12-01 00:00:00+02:00,3.5320923941208657,3.5320923941208657,3.398338556289673,3.398338556289673,11157,0.0,0.0
2022-12-02 00:00:00+02:00,3.4032920787819614,3.462738172927672,3.3339383022786326,3.34879994392395,15240,0.0,0.0
2022-12-05 00:00:00+02:00,3.3487999638126555,3.5073228824760267,3.2843999099967705,3.383476734161377,10420,0.0,0.0
2022-12-07 00:00:00+02:00,3.2447692950868063,3.2447692950868063,3.1754152795009962,3.2348616123199463,11773,0.0,0.0
2022-12-08 00:00:00+02:00,3.244769154279054,3.244769154279054,3.101107642284925,3.229907512664795,49529,0.0,0.0
2022-12-09 00:00:00+02:00,3.224953908316286,3.224953908316286,3.1209231218404194,3.1407384872436523,11909,0.0,0.0
2022-12-12 00:00:00+02:00,3.1407383667891207,3.1407383667891207,3.051568989676635,3.1110153198242188,6801,0.0,0.0
2022-12-13 00:00:00+02:00,3.1110153246218384,3.249722877338621,3.1110153246218384,3.229907512664795,2839,0.0,0.0
2022-12-14 00:00:00+02:00,3.135784409982658,3.2150458686179926,3.13083068692684,3.170461416244507,1068,0.0,0.0
2022-12-15 00:00:00+02:00,3.13083068692684,3.2447691518240225,3.13083068692684,3.170461416244507,5899,0.0,0.0
2022-12-16 00:00:00+02:00,3.195230643002194,3.195230643002194,3.1407385059280224,3.175415277481079,573,0.0,0.0
2022-12-19 00:00:00+02:00,3.1803691165191594,3.229907528445764,3.1456921100616455,3.1456921100616455,3407,0.0,0.0
2022-12-20 00:00:00+02:00,3.1456922485043077,3.1456922485043077,3.0911998748779297,3.0911998748779297,521,0.0,0.0
2022-12-21 00:00:00+02:00,3.1357844478621204,3.1357844478621204,3.0565229882693283,3.1209230422973633,5135,0.0,0.0
2022-12-22 00:00:00+02:00,3.140738407195561,3.244769191019992,3.1209230422973633,3.1209230422973633,4050,0.0,0.0
2022-12-23 00:00:00+02:00,3.120923180199391,3.2299076919551015,3.120923180199391,3.1258769035339355,2065,0.0,0.0
2022-12-27 00:00:00+02:00,3.1902769810428437,3.2299077128467135,3.0812922323644076,3.1605539321899414,5074,0.0,0.0
2022-12-28 00:00:00+02:00,3.125876761403935,3.125876761403935,3.061476707458496,3.061476707458496,3803,0.0,0.0
2022-12-29 00:00:00+02:00,3.07138449052734,3.160553871594242,3.0614768077663275,3.115969181060791,7037,0.0,0.0
2022-12-30 00:00:00+02:00,3.170461473024807,3.170461473024807,3.0911997767521826,3.096153736114502,11625,0.0,0.0
2023-01-02 00:00:00+02:00,3.1060613408125173,3.2695382161893165,3.1060613408125173,3.135784387588501,3220,0.0,0.0
2023-01-03 00:00:00+02:00,3.165507615847927,3.205138347154663,3.1456922501945592,3.150646209716797,2989,0.0,0.0
2023-01-04 00:00:00+02:00,3.155599952582394,3.358707806115142,3.155599952582394,3.244769334793091,8162,0.0,0.0
2023-01-05 00:00:00+02:00,3.1159692395577063,3.2348616711396447,3.1159692395577063,3.2200000286102295,37678,0.0,0.0
2023-01-09 00:00:00+02:00,3.2992614909169173,3.2992614909169173,3.2051383848476207,3.2794461250305176,21676,0.0,0.0
2023-01-10 00:00:00+02:00,3.2794459834137792,3.284399942780349,3.215045928955078,3.215045928955078,3973,0.0,0.0
2023-01-11 00:00:00+02:00,3.3438459621408407,3.3686152859771434,3.2299074976858493,3.3141229152679443,16145,0.0,0.0
2023-01-12 00:00:00+02:00,3.3141230945065923,3.3884308338165283,3.3141230945065923,3.3884308338165283,7071,0.0,0.0
2023-01-13 00:00:00+02:00,3.3884307549062322,3.4577845330787484,3.3884307549062322,3.4280614852905273,2508,0.0,0.0
2023-01-16 00:00:00+02:00,3.428061564586312,3.4676922958873204,3.428061564586312,3.4478769302368164,1443,0.0,0.0
2023-01-17 00:00:00+02:00,3.467692176752803,3.477599859237671,3.398338399358726,3.477599859237671,5667,0.0,0.0
2023-01-18 00:00:00+02:00,3.42806156512375,3.4627383369086733,3.358707785336112,3.3884308338165283,8525,0.0,0.0
2023-01-19 00:00:00+02:00,3.358707764652313,3.3686154474181045,3.289353749073984,3.3537538051605225,3908,0.0,0.0
2023-01-20 00:00:00+02:00,3.328984342990933,3.4181537204272794,3.3141229375633956,3.34879994392395,4055,0.0,0.0
2023-01-23 00:00:00+02:00,3.3487999483171342,3.477599819135142,3.343845989022936,3.4676921367645264,8710,0.0,0.0
2023-01-24 00:00:00+02:00,3.413199862272048,3.4676922349624384,3.403292179620867,3.462738275527954,4247,0.0,0.0
2023-01-25 00:00:00+02:00,3.462738275005789,3.4825538765229505,3.403292179107666,3.403292179107666,3514,0.0,0.0
2023-01-26 00:00:00+02:00,3.3735691904275638,3.5073230266571045,3.3735691904275638,3.5073230266571045,3606,0.0,0.0
2023-01-27 00:00:00+02:00,3.5023691431705726,3.5073228662469904,3.40824604254083,3.4676921367645264,8953,0.0,0.0
2023-01-30 00:00:00+02:00,3.467692158794189,3.5172305709619778,3.3834767400000563,3.5023691654205322,8467,0.0,0.0
2023-01-31 00:00:00+02:00,3.5073230277755374,3.6460308235700816,3.467692296467894,3.6262154579162598,8556,0.0,0.0
2023-02-01 00:00:00+02:00,3.636123119833867,3.670799891419753,3.591538429260254,3.591538429260254,8087,0.0,0.0
2023-02-02 00:00:00+02:00,3.621261477372353,3.6658461679435317,3.58658446957057,3.650984525680542,8489,0.0,0.0
2023-02-03 00:00:00+02:00,3.665846207701007,3.685661573454705,3.5915384680157434,3.6608922481536865,2636,0.0,0.0
2023-02-06 00:00:00+02:00,3.6658460226776017,3.6658460226776017,3.388430679909808,3.5271382331848145,14730,0.0,0.0
2023-02-07 00:00:00+02:00,3.527138255196768,3.586584349828473,3.507322890319533,3.5618152618408203,5155,0.0,0.0
2023-02-08 00:00:00+02:00,3.556861440775862,3.5618154002966333,3.492461620530373,3.5073230266571045,11827,0.0,0.0
2023-02-09 00:00:00+02:00,3.5618154202167505,3.6014461517333984,3.517230729151625,3.6014461517333984,4818,0.0,0.0
2023-02-10 00:00:00+02:00,3.601446153501124,3.601446153501124,3.4825539588928223,3.4825539588928223,4494,0.0,0.0
2023-02-13 00:00:00+02:00,3.512276829843354,3.5865843296051025,3.512276829843354,3.5865843296051025,3517,0.0,0.0
2023-02-14 00:00:00+02:00,3.586584349828473,3.586584349828473,3.5221845320863503,3.5618152618408203,3454,0.0,0.0
2023-02-15 00:00:00+02:00,3.601446009946006,3.601446009946006,3.537045955657959,3.537045955657959,3050,0.0,0.0
2023-02-16 00:00:00+02:00,3.5915384680157434,3.665846207701007,3.556861459837876,3.6608922481536865,24126,0.0,0.0
2023-02-17 00:00:00+02:00,3.462738376070492,3.542000075799136,2.9921230821481273,3.457784652709961,23569,0.0,0.0
2023-02-20 00:00:00+02:00,3.507322890319533,3.6113536740339076,3.4627382012368635,3.5618152618408203,13407,0.0,0.0
2023-02-21 00:00:00+02:00,3.611353773628333,3.611353773628333,3.4775999389094245,3.556861400604248,2476,0.0,0.0
2023-02-22 00:00:00+02:00,3.556861400604248,3.576676766027954,3.467692256197571,3.556861400604248,2328,0.0,0.0
2023-02-23 00:00:00+02:00,3.5568614402550915,3.586584488721994,3.3884308322759766,3.5667691230773926,3708,0.0,0.0
2023-02-24 00:00:00+02:00,3.581630624888995,3.581630624888995,3.393384422433614,3.5023691654205322,1393,0.0,0.0
2023-02-27 00:00:00+02:00,3.5073229469077574,3.5618153193082414,3.373569113719505,3.4875075817108154,4693,0.0,0.0
2023-02-28 00:00:00+02:00,3.5915384493118676,3.5915384493118676,3.3785231504600515,3.4478769302368164,6571,0.0,0.0
2023-03-01 00:00:00+02:00,3.383476853284956,3.447876909368203,3.383476853284956,3.4131999015808105,4090,0.0,0.0
2023-03-02 00:00:00+02:00,3.4131999015808105,3.4131999015808105,3.408246178307063,3.4131999015808105,2290,0.0,0.0
2023-03-03 00:00:00+02:00,3.472646174211847,3.472646174211847,3.3686153888702393,3.3686153888702393,5974,0.0,0.0
2023-03-06 00:00:00+02:00,3.3686154074166215,3.4280615033054618,3.343846082687378,3.343846082687378,1576,0.0,0.0
2023-03-07 00:00:00+02:00,3.348800020586884,3.4181537986779054,3.309169054031372,3.309169054031372,5518,0.0,0.0
2023-03-08 00:00:00+02:00,3.4429229700759856,3.4429229700759856,3.1704615743232494,3.269538402557373,2985,0.0,0.0
2023-03-09 00:00:00+02:00,3.2695383236936455,3.328984419200235,3.2199999107714876,3.309169054031372,5190,0.0,0.0
2023-03-10 00:00:00+02:00,3.269538264414309,3.34879995987047,3.2199998523903215,3.264584541320801,3764,0.0,0.0
2023-03-13 00:00:00+02:00,3.264584639544571,3.264584639544571,3.1902769011639522,3.2596306800842285,2607,0.0,0.0
2023-03-14 00:00:00+02:00,3.249722957611084,3.249722957611084,3.150646131794624,3.249722957611084,5248,0.0,0.0
2023-03-15 00:00:00+02:00,3.249723036237487,3.254676995757063,3.041661460771128,3.0911998748779297,14305,0.0,0.0
2023-03-16 00:00:00+02:00,3.0911997982496935,3.200184542800809,3.0713844330981788,3.130830764770508,5455,0.0,0.0
2023-03-17 00:00:00+02:00,3.150646051585673,3.210092145562174,3.120923004597423,3.170461416244507,3645,0.0,0.0
2023-03-20 00:00:00+02:00,3.1853229412920316,3.1853229412920316,3.051569106711316,3.1407384872436523,8883,0.0,0.0
2023-03-21 00:00:00+02:00,3.215045886758892,3.215045886758892,3.1209230222072337,3.1456921100616455,2001,0.0,0.0
2023-03-22 00:00:00+02:00,3.1456921303112195,3.1456921303112195,3.1209230422973633,3.1209230422973633,40,0.0,0.0
2023-03-23 00:00:00+02:00,3.1209230422973633,3.1209230422973633,3.0565229882693283,3.1209230422973633,490,0.0,0.0
2023-03-24 00:00:00+02:00,3.1209232016798025,3.2943077715025035,3.0911999165967843,3.1011078357696533,4150,0.0,0.0
2023-03-27 00:00:00+03:00,3.0713843938340855,3.1209230422973633,3.0614767113849863,3.1209230422973633,7890,0.0,0.0
2023-03-28 00:00:00+03:00,3.1308306844674867,3.2497228723270952,3.07633831358961,3.1110153198242188,1131,0.0,0.0
2023-03-29 00:00:00+03:00,3.259630634894736,3.259630634894736,3.0713844299316406,3.0713844299316406,610,0.0,0.0
2023-03-30 00:00:00+03:00,3.1853228975442733,3.1853228975442733,3.0713844299316406,3.0713844299316406,3333,0.0,0.0
2023-03-31 00:00:00+03:00,3.14569221069257,3.215045989608449,3.14569221069257,3.2001845836639404,1927,0.0,0.0
2023-04-03 00:00:00+03:00,3.190276979769193,3.2398153945042534,3.1704616138751693,3.2200000286102295,2859,0.0,0.0
2023-04-04 00:00:00+03:00,3.2799999713897705,3.3399999141693115,3.200000047683716,3.2899999618530273,8292,0.03,0.0
2023-04-05 00:00:00+03:00,3.2899999618530273,3.2899999618530273,3.1700000762939453,3.190000057220459,738,0.0,0.0
2023-04-06 00:00:00+03:00,3.200000047683716,3.2899999618530273,3.1600000858306885,3.2899999618530273,155,0.0,0.0
2023-04-11 00:00:00+03:00,3.3499999046325684,3.3499999046325684,3.1600000858306885,3.180000066757202,1257,0.0,0.0
2023-04-12 00:00:00+03:00,3.200000047683716,3.200000047683716,3.1600000858306885,3.1600000858306885,1262,0.0,0.0
2023-04-13 00:00:00+03:00,3.200000047683716,3.200000047683716,3.1500000953674316,3.1600000858306885,1029,0.0,0.0
2023-04-14 00:00:00+03:00,3.200000047683716,3.200000047683716,3.0999999046325684,3.119999885559082,6362,0.0,0.0
2023-04-17 00:00:00+03:00,3.180000066757202,3.309999942779541,3.0999999046325684,3.2200000286102295,4207,0.0,0.0
2023-04-18 00:00:00+03:00,3.1500000953674316,3.190000057220459,3.119999885559082,3.1500000953674316,1129,0.0,0.0
2023-04-19 00:00:00+03:00,3.2300000190734863,3.2300000190734863,3.1600000858306885,3.2200000286102295,837,0.0,0.0
2023-04-20 00:00:00+03:00,3.119999885559082,3.2100000381469727,3.119999885559082,3.2100000381469727,2119,0.0,0.0
2023-04-21 00:00:00+03:00,3.2200000286102295,3.2200000286102295,3.119999885559082,3.200000047683716,3535,0.0,0.0
2023-04-24 00:00:00+03:00,3.200000047683716,3.200000047683716,3.0999999046325684,3.1700000762939453,2652,0.0,0.0
2023-04-25 00:00:00+03:00,3.2100000381469727,3.2699999809265137,3.0999999046325684,3.190000057220459,2488,0.0,0.0
2023-04-26 00:00:00+03:00,3.190000057220459,3.200000047683716,3.119999885559082,3.1500000953674316,653,0.0,0.0
2023-04-27 00:00:00+03:00,3.200000047683716,3.200000047683716,3.119999885559082,3.119999885559082,545,0.0,0.0
2023-04-28 00:00:00+03:00,3.119999885559082,3.1500000953674316,3.119999885559082,3.119999885559082,783,0.0,0.0
2023-05-02 00:00:00+03:00,3.130000114440918,3.190000057220459,3.119999885559082,3.180000066757202,1730,0.0,0.0
2023-05-03 00:00:00+03:00,3.180000066757202,3.180000066757202,3.119999885559082,3.1600000858306885,2640,0.0,0.0
2023-05-04 00:00:00+03:00,3.1600000858306885,3.1600000858306885,3.0999999046325684,3.119999885559082,4328,0.0,0.0
2023-05-05 00:00:00+03:00,3.119999885559082,3.1600000858306885,3.0999999046325684,3.0999999046325684,1372,0.0,0.0
2023-05-08 00:00:00+03:00,3.109999895095825,3.140000104904175,3.0899999141693115,3.119999885559082,1322,0.0,0.0
2023-05-09 00:00:00+03:00,3.119999885559082,3.119999885559082,3.0799999237060547,3.0799999237060547,952,0.0,0.0
2023-05-10 00:00:00+03:00,3.069999933242798,3.0899999141693115,3.0399999618530273,3.0399999618530273,1241,0.0,0.0
2023-05-11 00:00:00+03:00,3.0399999618530273,3.140000104904175,3.0399999618530273,3.0999999046325684,1582,0.0,0.0
2023-05-12 00:00:00+03:00,3.130000114440918,3.130000114440918,2.9700000286102295,3.0899999141693115,5746,0.0,0.0
2023-05-15 00:00:00+03:00,3.0899999141693115,3.0899999141693115,3.0,3.059999942779541,1831,0.0,0.0
2023-05-16 00:00:00+03:00,3.130000114440918,3.130000114440918,3.009999990463257,3.049999952316284,36,0.0,0.0
2023-05-17 00:00:00+03:00,3.0899999141693115,3.0899999141693115,2.990000009536743,3.0,3206,0.0,0.0
2023-05-19 00:00:00+03:00,3.059999942779541,3.140000104904175,3.009999990463257,3.009999990463257,2541,0.0,0.0
2023-05-22 00:00:00+03:00,3.130000114440918,3.130000114440918,3.0,3.0,1955,0.0,0.0
2023-05-23 00:00:00+03:00,2.9800000190734863,3.130000114440918,2.9800000190734863,3.119999885559082,706,0.0,0.0
2023-05-24 00:00:00+03:00,3.119999885559082,3.119999885559082,2.9800000190734863,3.049999952316284,3107,0.0,0.0
2023-05-25 00:00:00+03:00,3.049999952316284,3.0799999237060547,3.009999990463257,3.0799999237060547,1277,0.0,0.0
2023-05-26 00:00:00+03:00,3.0799999237060547,3.0799999237060547,3.009999990463257,3.069999933242798,616,0.0,0.0
2023-05-29 00:00:00+03:00,3.009999990463257,3.0799999237060547,3.009999990463257,3.0199999809265137,1918,0.0,0.0
2023-05-30 00:00:00+03:00,3.0199999809265137,3.049999952316284,2.9800000190734863,3.0199999809265137,3954,0.0,0.0
2023-05-31 00:00:00+03:00,3.0,3.0,2.9000000953674316,2.950000047683716,6532,0.0,0.0
2023-06-01 00:00:00+03:00,2.9800000190734863,2.9800000190734863,2.940000057220459,2.940000057220459,1709,0.0,0.0
2023-06-02 00:00:00+03:00,2.950000047683716,3.0299999713897705,2.950000047683716,2.9600000381469727,2383,0.0,0.0
2023-06-05 00:00:00+03:00,3.130000114440918,3.130000114440918,2.890000104904175,2.9000000953674316,6234,0.0,0.0
2023-06-06 00:00:00+03:00,2.9000000953674316,2.9100000858306885,2.819999933242798,2.890000104904175,1677,0.0,0.0
2023-06-07 00:00:00+03:00,2.9000000953674316,3.0299999713897705,2.890000104904175,2.890000104904175,734,0.0,0.0
2023-06-08 00:00:00+03:00,2.880000114440918,2.950000047683716,2.880000114440918,2.890000104904175,852,0.0,0.0
2023-06-09 00:00:00+03:00,2.859999895095825,2.9800000190734863,2.859999895095825,2.9600000381469727,1916,0.0,0.0
2023-06-12 00:00:00+03:00,2.9800000190734863,2.990000009536743,2.8499999046325684,2.9100000858306885,2362,0.0,0.0
2023-06-13 00:00:00+03:00,2.950000047683716,3.0199999809265137,2.950000047683716,2.950000047683716,801,0.0,0.0
2023-06-14 00:00:00+03:00,2.940000057220459,2.9600000381469727,2.890000104904175,2.950000047683716,1033,0.0,0.0
2023-06-15 00:00:00+03:00,2.940000057220459,2.940000057220459,2.8499999046325684,2.9000000953674316,2662,0.0,0.0
2023-06-16 00:00:00+03:00,2.9000000953674316,2.9700000286102295,2.9000000953674316,2.9200000762939453,1455,0.0,0.0
2023-06-19 00:00:00+03:00,2.9700000286102295,2.9700000286102295,2.869999885559082,2.9200000762939453,1743,0.0,0.0
2023-06-20 00:00:00+03:00,2.930000066757202,2.930000066757202,2.8499999046325684,2.890000104904175,2302,0.0,0.0
2023-06-21 00:00:00+03:00,2.930000066757202,2.930000066757202,2.8499999046325684,2.8499999046325684,1182,0.0,0.0
2023-06-22 00:00:00+03:00,2.859999895095825,2.930000066757202,2.799999952316284,2.930000066757202,8933,0.0,0.0
2023-06-26 00:00:00+03:00,2.930000066757202,2.9700000286102295,2.799999952316284,2.809999942779541,1999,0.0,0.0
2023-06-27 00:00:00+03:00,2.9200000762939453,2.9200000762939453,2.7799999713897705,2.7799999713897705,1598,0.0,0.0
2023-06-28 00:00:00+03:00,2.7799999713897705,2.869999885559082,2.7799999713897705,2.859999895095825,117,0.0,0.0
2023-06-29 00:00:00+03:00,2.859999895095825,2.890000104904175,2.7100000381469727,2.8499999046325684,286,0.0,0.0
2023-06-30 00:00:00+03:00,2.7699999809265137,2.890000104904175,2.7100000381469727,2.7200000286102295,2618,0.0,0.0
2023-07-03 00:00:00+03:00,2.7200000286102295,2.799999952316284,2.7200000286102295,2.799999952316284,4496,0.0,0.0
2023-07-04 00:00:00+03:00,2.8499999046325684,2.8499999046325684,2.7100000381469727,2.809999942779541,5749,0.0,0.0
2023-07-05 00:00:00+03:00,2.809999942779541,2.9000000953674316,2.75,2.75,9054,0.0,0.0
2023-07-06 00:00:00+03:00,2.799999952316284,2.890000104904175,2.740000009536743,2.799999952316284,3984,0.0,0.0
2023-07-07 00:00:00+03:00,2.75,2.799999952316284,2.75,2.75,1459,0.0,0.0
2023-07-10 00:00:00+03:00,2.8299999237060547,2.8299999237060547,2.6600000858306885,2.6700000762939453,4572,0.0,0.0
2023-07-11 00:00:00+03:00,2.680000066757202,2.7799999713897705,2.6600000858306885,2.6600000858306885,1841,0.0,0.0
2023-07-12 00:00:00+03:00,2.6600000858306885,2.6600000858306885,2.450000047683716,2.4800000190734863,30231,0.0,0.0
2023-07-13 00:00:00+03:00,2.4800000190734863,2.549999952316284,2.450000047683716,2.549999952316284,7741,0.0,0.0
2023-07-14 00:00:00+03:00,2.5999999046325684,2.5999999046325684,2.3399999141693115,2.5199999809265137,6593,0.0,0.0
2023-07-17 00:00:00+03:00,2.4200000762939453,2.4600000381469727,2.3399999141693115,2.4600000381469727,5188,0.0,0.0
2023-07-18 00:00:00+03:00,2.4600000381469727,2.4700000286102295,2.380000114440918,2.430000066757202,8527,0.0,0.0
2023-07-19 00:00:00+03:00,2.430000066757202,2.490000009536743,2.369999885559082,2.4100000858306885,3367,0.0,0.0
2023-07-20 00:00:00+03:00,2.4000000953674316,2.4100000858306885,2.2699999809265137,2.3399999141693115,15558,0.0,0.0
2023-07-21 00:00:00+03:00,2.4800000190734863,2.4800000190734863,2.309999942779541,2.319999933242798,4212,0.0,0.0
2023-07-24 00:00:00+03:00,2.319999933242798,2.369999885559082,2.309999942779541,2.369999885559082,2323,0.0,0.0
2023-07-25 00:00:00+03:00,2.4000000953674316,2.4000000953674316,2.299999952316284,2.3499999046325684,2380,0.0,0.0
2023-07-26 00:00:00+03:00,2.390000104904175,2.4200000762939453,2.299999952316284,2.4200000762939453,3290,0.0,0.0
2023-07-27 00:00:00+03:00,2.4200000762939453,2.4600000381469727,2.3299999237060547,2.369999885559082,1436,0.0,0.0
2023-07-28 00:00:00+03:00,2.380000114440918,2.490000009536743,2.319999933242798,2.390000104904175,6588,0.0,0.0
2023-07-31 00:00:00+03:00,2.390000104904175,2.390000104904175,2.3499999046325684,2.3499999046325684,693,0.0,0.0
2023-08-01 00:00:00+03:00,2.3499999046325684,2.4100000858306885,2.3499999046325684,2.359999895095825,5272,0.0,0.0
2023-08-02 00:00:00+03:00,2.359999895095825,2.4200000762939453,2.2799999713897705,2.299999952316284,3180,0.0,0.0
2023-08-03 00:00:00+03:00,2.299999952316284,2.309999942779541,2.259999990463257,2.259999990463257,2443,0.0,0.0
2023-08-04 00:00:00+03:00,2.259999990463257,2.319999933242798,2.240000009536743,2.25,2484,0.0,0.0
2023-08-07 00:00:00+03:00,2.2899999618530273,2.2899999618530273,2.2200000286102295,2.2200000286102295,1692,0.0,0.0
2023-08-08 00:00:00+03:00,2.2799999713897705,2.299999952316284,2.2300000190734863,2.2899999618530273,7553,0.0,0.0
2023-08-09 00:00:00+03:00,2.299999952316284,2.4200000762939453,2.2899999618530273,2.4200000762939453,4476,0.0,0.0
2023-08-10 00:00:00+03:00,2.4200000762939453,2.549999952316284,2.4200000762939453,2.440000057220459,1041,0.0,0.0
2023-08-11 00:00:00+03:00,2.430000066757202,2.5299999713897705,2.380000114440918,2.5299999713897705,3407,0.0,0.0
2023-08-14 00:00:00+03:00,2.5299999713897705,2.5799999237060547,2.319999933242798,2.5199999809265137,3536,0.0,0.0
2023-08-15 00:00:00+03:00,2.5299999713897705,2.5299999713897705,2.4600000381469727,2.4600000381469727,639,0.0,0.0
2023-08-16 00:00:00+03:00,2.4100000858306885,2.5799999237060547,2.4100000858306885,2.569999933242798,346,0.0,0.0
2023-08-17 00:00:00+03:00,2.569999933242798,2.6600000858306885,2.549999952316284,2.609999895095825,1811,0.0,0.0
2023-08-18 00:00:00+03:00,2.609999895095825,2.619999885559082,2.569999933242798,2.569999933242798,6997,0.0,0.0
2023-08-21 00:00:00+03:00,2.569999933242798,2.5899999141693115,2.4200000762939453,2.5799999237060547,3621,0.0,0.0
2023-08-22 00:00:00+03:00,2.5799999237060547,2.5799999237060547,2.4200000762939453,2.490000009536743,1149,0.0,0.0
2023-08-23 00:00:00+03:00,2.490000009536743,2.490000009536743,2.4100000858306885,2.430000066757202,2778,0.0,0.0
2023-08-24 00:00:00+03:00,2.4800000190734863,2.509999990463257,2.4600000381469727,2.509999990463257,341,0.0,0.0
2023-08-25 00:00:00+03:00,2.4200000762939453,2.450000047683716,2.3499999046325684,2.380000114440918,3405,0.0,0.0
2023-08-28 00:00:00+03:00,2.380000114440918,2.509999990463257,2.3499999046325684,2.509999990463257,961,0.0,0.0
2023-08-29 00:00:00+03:00,2.4000000953674316,2.4600000381469727,2.4000000953674316,2.4000000953674316,782,0.0,0.0
2023-08-30 00:00:00+03:00,2.359999895095825,2.509999990463257,2.359999895095825,2.4000000953674316,1356,0.0,0.0
2023-08-31 00:00:00+03:00,2.380000114440918,2.4000000953674316,2.369999885559082,2.369999885559082,1782,0.0,0.0
2023-09-01 00:00:00+03:00,2.369999885559082,2.369999885559082,2.3499999046325684,2.359999895095825,532,0.0,0.0
2023-09-04 00:00:00+03:00,2.319999933242798,2.359999895095825,2.2799999713897705,2.299999952316284,3548,0.0,0.0
2023-09-05 00:00:00+03:00,2.369999885559082,2.369999885559082,2.259999990463257,2.2799999713897705,2974,0.0,0.0
2023-09-06 00:00:00+03:00,2.3499999046325684,2.490000009536743,2.2699999809265137,2.299999952316284,1682,0.0,0.0
2023-09-07 00:00:00+03:00,2.2699999809265137,2.5899999141693115,2.2699999809265137,2.309999942779541,1384,0.0,0.0
2023-09-08 00:00:00+03:00,2.309999942779541,2.4200000762939453,2.309999942779541,2.4200000762939453,267,0.0,0.0
2023-09-11 00:00:00+03:00,2.5399999618530273,2.5399999618530273,2.319999933242798,2.440000057220459,706,0.0,0.0
2023-09-12 00:00:00+03:00,2.440000057220459,2.440000057220459,2.319999933242798,2.440000057220459,1655,0.0,0.0
2023-09-13 00:00:00+03:00,2.440000057220459,2.440000057220459,2.299999952316284,2.4000000953674316,125,0.0,0.0
2023-09-14 00:00:00+03:00,2.4000000953674316,2.4000000953674316,2.3399999141693115,2.3399999141693115,1271,0.0,0.0
2023-09-15 00:00:00+03:00,2.369999885559082,2.380000114440918,2.3399999141693115,2.369999885559082,3434,0.0,0.0
2023-09-18 00:00:00+03:00,2.3399999141693115,2.549999952316284,2.319999933242798,2.4000000953674316,2962,0.0,0.0
2023-09-19 00:00:00+03:00,2.509999990463257,2.509999990463257,2.509999990463257,2.509999990463257,8,0.0,0.0
2023-09-20 00:00:00+03:00,2.440000057220459,2.450000047683716,2.440000057220459,2.450000047683716,335,0.0,0.0
2023-09-21 00:00:00+03:00,2.450000047683716,2.450000047683716,2.319999933242798,2.450000047683716,2073,0.0,0.0
2023-09-22 00:00:00+03:00,2.4600000381469727,2.4600000381469727,2.3499999046325684,2.4000000953674316,479,0.0,0.0
2023-09-25 00:00:00+03:00,2.5,2.5,2.319999933242798,2.440000057220459,999,0.0,0.0
2023-09-26 00:00:00+03:00,2.440000057220459,2.440000057220459,2.359999895095825,2.4000000953674316,3699,0.0,0.0
2023-09-27 00:00:00+03:00,2.4000000953674316,2.4000000953674316,2.299999952316284,2.299999952316284,2096,0.0,0.0
2023-09-28 00:00:00+03:00,2.299999952316284,2.3399999141693115,2.259999990463257,2.3399999141693115,2613,0.0,0.0
2023-09-29 00:00:00+03:00,2.390000104904175,2.5199999809265137,2.3399999141693115,2.5,316,0.0,0.0
2023-10-02 00:00:00+03:00,2.4600000381469727,2.4600000381469727,2.3499999046325684,2.359999895095825,412,0.0,0.0
2023-10-03 00:00:00+03:00,2.4000000953674316,2.4000000953674316,2.2699999809265137,2.2899999618530273,1101,0.0,0.0
2023-10-04 00:00:00+03:00,2.4100000858306885,2.4100000858306885,2.119999885559082,2.259999990463257,2015,0.0,0.0
2023-10-05 00:00:00+03:00,2.2699999809265137,2.359999895095825,2.130000114440918,2.200000047683716,4438,0.0,0.0
2023-10-06 00:00:00+03:00,2.299999952316284,2.299999952316284,2.1700000762939453,2.25,1497,0.0,0.0
2023-10-09 00:00:00+03:00,2.1700000762939453,2.240000009536743,2.1700000762939453,2.240000009536743,109,0.0,0.0
2023-10-10 00:00:00+03:00,2.1600000858306885,2.299999952316284,2.1600000858306885,2.25,1904,0.0,0.0
2023-10-11 00:00:00+03:00,2.25,2.25,2.1600000858306885,2.25,1163,0.0,0.0
2023-10-12 00:00:00+03:00,2.309999942779541,2.309999942779541,2.1700000762939453,2.180000066757202,787,0.0,0.0
2023-10-13 00:00:00+03:00,2.319999933242798,2.319999933242798,2.1600000858306885,2.1600000858306885,4258,0.0,0.0
2023-10-16 00:00:00+03:00,2.1600000858306885,2.25,2.1600000858306885,2.25,333,0.0,0.0
2023-10-17 00:00:00+03:00,2.25,2.25,2.140000104904175,2.190000057220459,337,0.0,0.0
2023-10-18 00:00:00+03:00,2.190000057220459,2.200000047683716,2.0999999046325684,2.0999999046325684,3628,0.0,0.0
2023-10-19 00:00:00+03:00,2.0799999237060547,2.140000104904175,2.0,2.0899999141693115,4905,0.0,0.0
2023-10-20 00:00:00+03:00,2.0199999809265137,2.0999999046325684,2.0199999809265137,2.0199999809265137,709,0.0,0.0
2023-10-23 00:00:00+03:00,2.0899999141693115,2.0899999141693115,1.965000033378601,2.0199999809265137,4936,0.0,0.0
2023-10-24 00:00:00+03:00,2.0299999713897705,2.049999952316284,2.0199999809265137,2.049999952316284,6390,0.0,0.0
2023-10-25 00:00:00+03:00,2.140000104904175,2.140000104904175,2.0199999809265137,2.049999952316284,2807,0.0,0.0
2023-10-26 00:00:00+03:00,2.119999885559082,2.119999885559082,2.0,2.0999999046325684,2679,0.0,0.0
2023-10-27 00:00:00+03:00,2.049999952316284,2.119999885559082,2.0199999809265137,2.0199999809265137,349,0.0,0.0
2023-10-30 00:00:00+02:00,2.0199999809265137,2.0199999809265137,1.9700000286102295,1.9700000286102295,1879,0.0,0.0
2023-10-31 00:00:00+02:00,2.0299999713897705,2.0899999141693115,1.9299999475479126,2.009999990463257,427,0.0,0.0
2023-11-01 00:00:00+02:00,1.909999966621399,2.0899999141693115,1.909999966621399,1.9800000190734863,2885,0.0,0.0
2023-11-02 00:00:00+02:00,1.9800000190734863,2.0399999618530273,1.9500000476837158,2.0,2196,0.0,0.0
2023-11-03 00:00:00+02:00,2.0,2.049999952316284,1.9800000190734863,2.0,1138,0.0,0.0
2023-11-06 00:00:00+02:00,2.0,2.059999942779541,1.9900000095367432,1.9900000095367432,3941,0.0,0.0
2023-11-07 00:00:00+02:00,2.0,2.049999952316284,1.9900000095367432,2.0199999809265137,2267,0.0,0.0
2023-11-08 00:00:00+02:00,2.059999942779541,2.069999933242798,1.9950000047683716,2.069999933242798,2541,0.0,0.0
2023-11-09 00:00:00+02:00,2.069999933242798,2.0799999237060547,2.009999990463257,2.0799999237060547,2167,0.0,0.0
2023-11-10 00:00:00+02:00,2.049999952316284,2.069999933242798,1.9850000143051147,2.0,2024,0.0,0.0
2023-11-13 00:00:00+02:00,2.0,2.180000066757202,1.9800000190734863,2.0999999046325684,11644,0.0,0.0
