Date,Open,High,Low,Close,Volume,Dividends,Stock Splits
2020-09-07 00:00:00+03:00,2.251106535168228,2.352569956839707,2.176853571470739,2.2783172130584717,49615,0.0,0.0
2020-09-08 00:00:00+03:00,2.2949200783346515,2.2949200783346515,2.1676294803619385,2.1676294803619385,136010,0.0,0.0
2020-09-09 00:00:00+03:00,2.1860773640127737,2.1860773640127737,2.029270268902931,2.0431060791015625,28822,0.0,0.0
2020-09-10 00:00:00+03:00,2.0292703183068945,2.0292703183068945,1.8263432644845807,1.8549374341964722,75038,0.0,0.0
2020-09-11 00:00:00+03:00,1.8678511424230806,1.8678511424230806,1.7986714297562545,1.8540151119232178,32588,0.0,0.0
2020-09-14 00:00:00+03:00,1.8632390828613377,1.8632390828613377,1.826343294276558,1.8281880617141724,12599,0.0,0.0
2020-09-15 00:00:00+03:00,1.826343196072957,1.8355671427231746,1.7765338181869117,1.807895302772522,22897,0.0,0.0
2020-09-16 00:00:00+03:00,1.7968264957164781,1.822653568571493,1.7709994228614632,1.7802233695983887,36950,0.0,0.0
2020-09-17 00:00:00+03:00,1.7802234053335908,1.7802234053335908,1.734103670723182,1.7433276176452637,18904,0.0,0.0
2020-09-18 00:00:00+03:00,1.7543963319601377,1.7802234053335908,1.734103670723182,1.7433276176452637,50610,0.0,0.0
2020-09-21 00:00:00+03:00,1.7507068527691532,1.752551620220527,1.669535985327466,1.6879839897155762,14137,0.0,0.0
2020-09-22 00:00:00+03:00,1.6990526337450587,1.7322588863217572,1.6252609491348267,1.6252609491348267,21743,0.0,0.0
2020-09-23 00:00:00+03:00,1.6437088199894319,1.7027421448668358,1.6418640526403514,1.651087999343872,17911,0.0,0.0
2020-09-24 00:00:00+03:00,1.6603119819043775,1.7894474584587832,1.614192247390747,1.614192247390747,42930,0.0,0.0
2020-09-25 00:00:00+03:00,1.6178817821685894,1.6547776797376141,1.6086578352658631,1.614192247390747,13622,0.0,0.0
2020-09-28 00:00:00+03:00,1.616037111423704,1.8300328902891771,1.616037111423704,1.6344850063323975,13647,0.0,0.0
2020-09-29 00:00:00+03:00,1.6603119637733035,1.6603119637733035,1.6326401233673096,1.6326401233673096,8838,0.0,0.0
2020-09-30 00:00:00+03:00,1.6344848819619808,1.6787599583236406,1.6344848819619808,1.6418640613555908,8065,0.0,0.0
2020-10-01 00:00:00+03:00,1.6437088307571928,1.660311956923919,1.6234161698681357,1.645553708076477,17086,0.0,0.0
2020-10-02 00:00:00+03:00,1.6455538068085165,1.6603120565414429,1.6455538068085165,1.6603120565414429,16099,0.0,0.0
2020-10-05 00:00:00+03:00,1.6603120113252463,1.8300328132758654,1.6603120113252463,1.71565580368042,4600,0.0,0.0
2020-10-06 00:00:00+03:00,1.752551555633545,1.818964061100486,1.741482841375095,1.752551555633545,7185,0.0,0.0
2020-10-07 00:00:00+03:00,1.7507067882501566,1.752551555633545,1.6972078743831742,1.752551555633545,6795,0.0,0.0
2020-10-08 00:00:00+03:00,1.8078953181993664,1.8078953181993664,1.7175005083061505,1.7857577800750732,2952,0.0,0.0
2020-10-09 00:00:00+03:00,1.807895294154555,1.8171192407608032,1.7802233443776927,1.8171192407608032,29390,0.0,0.0
2020-10-12 00:00:00+03:00,1.8171192545488921,1.8171192545488921,1.7820682351875619,1.800516128540039,19342,0.0,0.0
2020-10-13 00:00:00+03:00,1.8005161148779327,1.8171192407608032,1.7802233443776927,1.8171192407608032,7640,0.0,0.0
2020-10-14 00:00:00+03:00,1.817119258173516,1.817119258173516,1.7986713647842407,1.7986713647842407,1489,0.0,0.0
2020-10-15 00:00:00+03:00,1.798671373030358,1.798671373030358,1.7802233695983887,1.7802233695983887,6352,0.0,0.0
2020-10-16 00:00:00+03:00,1.7894474262934328,1.7894474262934328,1.7543962967433737,1.7802233695983887,1854,0.0,0.0
2020-10-19 00:00:00+03:00,1.7986713839761919,1.7986713839761919,1.7746890783309937,1.7746890783309937,800,0.0,0.0
2020-10-20 00:00:00+03:00,1.7802232921252457,1.78944734841887,1.7341035604476929,1.7341035604476929,6977,0.0,0.0
2020-10-21 00:00:00+03:00,1.7341036618834214,1.7663874759461375,1.7341036618834214,1.752551555633545,1642,0.0,0.0
2020-10-22 00:00:00+03:00,1.7525515645673455,1.7525515645673455,1.734103670723182,1.7433276176452637,2262,0.0,0.0
2020-10-23 00:00:00+03:00,1.752551555633545,1.7617755025086068,1.7433276087584832,1.752551555633545,1917,0.0,0.0
2020-10-26 00:00:00+02:00,1.752551582721592,1.752551582721592,1.7248797416687012,1.7248797416687012,4052,0.0,0.0
2020-10-27 00:00:00+02:00,1.7248796394245909,1.7341035858954619,1.7064317464828491,1.7064317464828491,8143,0.0,0.0
2020-10-28 00:00:00+02:00,1.7156556972294967,1.7156556972294967,1.6695358548020864,1.7018197774887085,9216,0.0,0.0
2020-10-29 00:00:00+02:00,1.664924030200131,1.6787600611343205,1.6603120565414429,1.6603120565414429,7254,0.0,0.0
2020-10-30 00:00:00+02:00,1.6787599368410882,1.7294916433305458,1.660311933614077,1.6741479635238647,2519,0.0,0.0
2020-11-02 00:00:00+02:00,1.6741479585821615,1.6741479585821615,1.6603119287132146,1.6695358753204346,6762,0.0,0.0
2020-11-03 00:00:00+02:00,1.6695358753204346,1.6787599318857716,1.6603119287132146,1.6695358753204346,5677,0.0,0.0
2020-11-04 00:00:00+02:00,1.6695359288071034,1.7525515608897584,1.614192247390747,1.614192247390747,25642,0.0,0.0
2020-11-05 00:00:00+02:00,1.6556999993612938,1.6556999993612938,1.6049682916748766,1.6234161853790283,63084,0.0,0.0
2020-11-06 00:00:00+02:00,1.632640088891555,1.7248796649218707,1.6234161422843352,1.6695358753204346,10343,0.0,0.0
2020-11-09 00:00:00+02:00,1.6879838961160734,1.6879838961160734,1.651087999343872,1.651087999343872,3670,0.0,0.0
2020-11-10 00:00:00+02:00,1.6603119287132146,1.6833719051893814,1.6603119287132146,1.6695358753204346,3493,0.0,0.0
2020-11-11 00:00:00+02:00,1.6695358759491945,1.6787599325180054,1.660311929338501,1.6787599325180054,3302,0.0,0.0
2020-11-12 00:00:00+02:00,1.6787599494125527,1.7018198161713545,1.651087999343872,1.651087999343872,5701,0.0,0.0
2020-11-13 00:00:00+02:00,1.6510879821059947,1.6787599318857716,1.6510879821059947,1.6695358753204346,2509,0.0,0.0
2020-11-16 00:00:00+02:00,1.6787599325180054,1.7064317723500864,1.655699956033154,1.6787599325180054,10940,0.0,0.0
2020-11-17 00:00:00+02:00,1.6603119083082276,1.7018197774887085,1.6603119083082276,1.7018197774887085,4852,0.0,0.0
2020-11-18 00:00:00+02:00,1.6603119250863525,1.683371901512146,1.6603119250863525,1.683371901512146,804,0.0,0.0
2020-11-19 00:00:00+02:00,1.7064318476334406,1.7248797416687012,1.6787600065805495,1.7248797416687012,5746,0.0,0.0
2020-11-20 00:00:00+02:00,1.7294917197163984,1.7294917197163984,1.68337198450721,1.7202677726745605,885,0.0,0.0
2020-11-23 00:00:00+02:00,1.7156557453335715,1.7156557453335715,1.6234161678506254,1.6418640613555908,23985,0.0,0.0
2020-11-24 00:00:00+02:00,1.6510881092240668,1.7248797977212007,1.6510881092240668,1.6603120565414429,1141,0.0,0.0
2020-11-25 00:00:00+02:00,1.6418640483191462,1.6787599449942414,1.6418640483191462,1.6556999683380127,3681,0.0,0.0
2020-11-26 00:00:00+02:00,1.6603119548605563,1.6787599583236406,1.6418640613555908,1.6418640613555908,2840,0.0,0.0
2020-11-27 00:00:00+02:00,1.6833720347930086,1.6833720347930086,1.641864161906691,1.6603120565414429,1272,0.0,0.0
2020-11-30 00:00:00+02:00,1.6603119287132146,1.7341036115290906,1.6464760088023849,1.6695358753204346,6135,0.0,0.0
2020-12-01 00:00:00+02:00,1.7064317464828491,1.7294916126600264,1.6649238774058146,1.7064317464828491,16095,0.0,0.0
2020-12-02 00:00:00+02:00,1.7433276635280968,1.7525516106929444,1.6925959541214335,1.6972079277038574,4629,0.0,0.0
2020-12-03 00:00:00+02:00,1.6879838535411074,1.7064317464828491,1.6833718803056719,1.7064317464828491,1643,0.0,0.0
2020-12-04 00:00:00+02:00,1.6879839805390096,1.7064318748687053,1.678760033374162,1.6972079277038574,4846,0.0,0.0
2020-12-07 00:00:00+02:00,1.6972079369305693,1.7064318841455621,1.6879839897155762,1.6879839897155762,746,0.0,0.0
2020-12-08 00:00:00+02:00,1.6972078257393928,1.7064317723500864,1.6787599325180054,1.6787599325180054,1468,0.0,0.0
2020-12-09 00:00:00+02:00,1.6925958524340459,1.7064317723500864,1.660311929338501,1.6787599325180054,11961,0.0,0.0
2020-12-10 00:00:00+02:00,1.7064318748687053,1.8032834300577314,1.678760033374162,1.6972079277038574,3698,0.0,0.0
2020-12-11 00:00:00+02:00,1.7479396371105207,1.7479396371105207,1.6972079277038574,1.6972079277038574,1837,0.0,0.0
2020-12-14 00:00:00+02:00,1.6972078042417789,1.8125072453731312,1.6972078042417789,1.7018197774887085,8308,0.0,0.0
2020-12-15 00:00:00+02:00,1.6972079277038574,1.7064318748687053,1.674148059791738,1.6972079277038574,19249,0.0,0.0
2020-12-16 00:00:00+02:00,1.6972078000119781,1.7479395056017681,1.6972078000119781,1.7064317464828491,3728,0.0,0.0
2020-12-17 00:00:00+02:00,1.7064317464828491,1.7525514788372036,1.7064317464828491,1.7064317464828491,2011,0.0,0.0
2020-12-18 00:00:00+02:00,1.706431834340897,1.747939595596902,1.7018198608680077,1.738715648651123,5112,0.0,0.0
2020-12-21 00:00:00+02:00,1.7894475093104596,1.7894475093104596,1.6972079277038574,1.6972079277038574,9354,0.0,0.0
2020-12-22 00:00:00+02:00,1.747939501269017,1.747939501269017,1.692595822580976,1.7110437154769897,4424,0.0,0.0
2020-12-23 00:00:00+02:00,1.7571634477170237,1.7571634477170237,1.7110437154769897,1.7110437154769897,1368,0.0,0.0
2020-12-28 00:00:00+02:00,1.7156557551859775,1.7802233828241458,1.7156557551859775,1.7663874626159668,9518,0.0,0.0
2020-12-29 00:00:00+02:00,1.7986713819157003,1.7986713819157003,1.7433275912626336,1.7709994316101074,16906,0.0,0.0
2020-12-30 00:00:00+02:00,1.7709994316101074,1.7986713819157003,1.7709994316101074,1.7709994316101074,8381,0.0,0.0
2021-01-04 00:00:00+02:00,1.775611405001353,1.7802233783925985,1.7709994316101074,1.7709994316101074,3252,0.0,0.0
2021-01-05 00:00:00+02:00,1.789447418089603,1.7986713647842407,1.7709994147422095,1.7986713647842407,3350,0.0,0.0
2021-01-07 00:00:00+02:00,1.7986713647842407,1.7986713647842407,1.7525515213529341,1.7986713647842407,9396,0.0,0.0
2021-01-08 00:00:00+02:00,1.78944737999111,1.8447910589806333,1.78944737999111,1.8401790857315063,14422,0.0,0.0
2021-01-11 00:00:00+02:00,1.8171192407608032,1.8355671339733,1.8171192407608032,1.8171192407608032,3875,0.0,0.0
2021-01-12 00:00:00+02:00,1.8171192236980942,1.8355671167373657,1.798671330658823,1.8355671167373657,5490,0.0,0.0
2021-01-13 00:00:00+02:00,1.8355671124823794,1.8447910589806333,1.8078952729876177,1.8401790857315063,4128,0.0,0.0
2021-01-14 00:00:00+02:00,1.8447911739349365,1.8447911739349365,1.7986714385698122,1.8447911739349365,12604,0.0,0.0
2021-01-15 00:00:00+02:00,1.8171192620507646,1.8171192620507646,1.7709994185210505,1.7848353385925293,17185,0.0,0.0
2021-01-18 00:00:00+02:00,1.7525514881025281,1.8355671167373657,1.7525514881025281,1.8355671167373657,5703,0.0,0.0
2021-01-19 00:00:00+02:00,1.8309551782154727,1.8309551782154727,1.789447418089603,1.7986713647842407,2605,0.0,0.0
2021-01-20 00:00:00+02:00,1.7894474267959595,1.8217312403842647,1.7894474267959595,1.7894474267959595,1840,0.0,0.0
2021-01-21 00:00:00+02:00,1.7940593827971956,1.8355671427231746,1.7940593827971956,1.807895302772522,8928,0.0,0.0
2021-01-22 00:00:00+02:00,1.8401790899971837,1.8401790899971837,1.798671330658823,1.8355671167373657,4323,0.0,0.0
2021-01-25 00:00:00+02:00,1.8355671515627914,1.8401791249101103,1.7986713647842407,1.7986713647842407,15740,0.0,0.0
2021-01-26 00:00:00+02:00,1.807895302772522,1.844791089373392,1.803283329447413,1.807895302772522,6831,0.0,0.0
2021-01-27 00:00:00+02:00,1.8447911922879539,1.8540151394527438,1.8078954036287944,1.826343297958374,4709,0.0,0.0
2021-01-28 00:00:00+02:00,1.826343196072957,1.844791089373392,1.7986713561223042,1.807895302772522,8898,0.0,0.0
2021-01-29 00:00:00+02:00,1.8401791072764242,1.8401791072764242,1.8171192407608032,1.8171192407608032,2410,0.0,0.0
2021-02-01 00:00:00+02:00,1.8171192236980942,1.8355671167373657,1.8171192236980942,1.8355671167373657,6242,0.0,0.0
2021-02-02 00:00:00+02:00,1.830955143477548,1.8355671167373657,1.8078952771784587,1.8355671167373657,2671,0.0,0.0
2021-02-03 00:00:00+02:00,1.8355671124823794,1.8401790857315063,1.8171192194858716,1.8401790857315063,8141,0.0,0.0
2021-02-04 00:00:00+02:00,1.840179200398424,1.8447911739349365,1.8263432797888868,1.8447911739349365,14708,0.0,0.0
2021-02-05 00:00:00+02:00,1.8447911922879539,1.8447911922879539,1.7986714564640045,1.826343297958374,8716,0.0,0.0
2021-02-08 00:00:00+02:00,1.8125072546609746,1.8355671210137878,1.7940593615787241,1.830955147743225,14526,0.0,0.0
2021-02-09 00:00:00+02:00,1.8355671427231746,1.8401791160482832,1.7986713561223042,1.807895302772522,9738,0.0,0.0
2021-02-10 00:00:00+02:00,1.8447910938040502,1.8447910938040502,1.7894474137698253,1.8032833337783813,10805,0.0,0.0
2021-02-11 00:00:00+02:00,1.7940593615787241,1.830955147743225,1.7940593615787241,1.830955147743225,2295,0.0,0.0
2021-02-12 00:00:00+02:00,1.8309551782154727,1.8309551782154727,1.789447418089603,1.7986713647842407,11077,0.0,0.0
2021-02-15 00:00:00+02:00,1.7940593615787241,1.8401790942843503,1.7894473883081614,1.830955147743225,38728,0.0,0.0
2021-02-16 00:00:00+02:00,1.8125073817762118,1.8401792233402765,1.8125073817762118,1.8217313289642334,4576,0.0,0.0
2021-02-17 00:00:00+02:00,1.8217313289642334,1.8217313289642334,1.7986714609941796,1.8217313289642334,10005,0.0,0.0
2021-02-18 00:00:00+02:00,1.8125072936447488,1.8125072936447488,1.7894474267959595,1.7894474267959595,26870,0.0,0.0
2021-02-19 00:00:00+02:00,1.8125072717666626,1.8125072717666626,1.7894474051962201,1.8125072717666626,17056,0.0,0.0
2021-02-22 00:00:00+02:00,1.8171192194858716,1.8447910589806333,1.78944737999111,1.8401790857315063,8040,0.0,0.0
2021-02-23 00:00:00+02:00,1.7940593742451822,1.8447910805795484,1.7940593742451822,1.8171192407608032,13329,0.0,0.0
2021-02-24 00:00:00+02:00,1.844791089373392,1.844791089373392,1.7986713561223042,1.807895302772522,1876,0.0,0.0
2021-02-25 00:00:00+02:00,1.844791067554913,1.844791067554913,1.7894473883081614,1.830955147743225,3432,0.0,0.0
2021-02-26 00:00:00+02:00,1.8217312271231232,1.8217312271231232,1.7571634904584095,1.8032833337783813,19219,0.0,0.0
2021-03-01 00:00:00+02:00,1.7617754680475717,1.7986713647842407,1.7341036279636586,1.7986713647842407,1764,0.0,0.0
2021-03-02 00:00:00+02:00,1.7986713561223042,1.8355671427231746,1.7848353261888603,1.807895302772522,9169,0.0,0.0
2021-03-03 00:00:00+02:00,1.8355671515627914,1.8447910982574292,1.7986713647842407,1.7986713647842407,8245,0.0,0.0
2021-03-04 00:00:00+02:00,1.7986713647842407,1.7986713647842407,1.7709994147422095,1.7986713647842407,4155,0.0,0.0
2021-03-05 00:00:00+02:00,1.7986713686221263,1.8263432087650837,1.7848353385925293,1.7848353385925293,3362,0.0,0.0
2021-03-08 00:00:00+02:00,1.7848353696962613,1.7986713999669741,1.752551555633545,1.752551555633545,12267,0.0,0.0
2021-03-09 00:00:00+02:00,1.7663874626159668,1.7986713863931705,1.7663874626159668,1.7663874626159668,2478,0.0,0.0
2021-03-10 00:00:00+02:00,1.7617754761245379,1.8309551866095972,1.7617754761245379,1.7802233695983887,7805,0.0,0.0
2021-03-11 00:00:00+02:00,1.770999509471991,1.8217313289642334,1.770999509471991,1.8217313289642334,1990,0.0,0.0
2021-03-12 00:00:00+02:00,1.8217312403842647,1.8217312403842647,1.7894474267959595,1.7894474267959595,1161,0.0,0.0
2021-03-15 00:00:00+02:00,1.8125072717666626,1.8171192450807512,1.7802233486099257,1.8125072717666626,7989,0.0,0.0
2021-03-16 00:00:00+02:00,1.8171192450807512,1.8171192450807512,1.7802233486099257,1.8125072717666626,6980,0.0,0.0
2021-03-17 00:00:00+02:00,1.789447418089603,1.8263432048681538,1.789447418089603,1.7986713647842407,4138,0.0,0.0
2021-03-18 00:00:00+02:00,1.7894474219078071,1.7894474219078071,1.7802233652353696,1.7848353385925293,4436,0.0,0.0
2021-03-19 00:00:00+02:00,1.881686908247782,2.029270277098756,1.8632390146309403,1.900134801864624,47887,0.0,0.0
2021-03-22 00:00:00+02:00,1.9001348196778471,1.90935876657274,1.8447911383084903,1.8816869258880615,11794,0.0,0.0
2021-03-23 00:00:00+02:00,1.9185826954814658,1.9185826954814658,1.872462961439361,1.900134801864624,19281,0.0,0.0
2021-03-24 00:00:00+02:00,1.8816869170248967,1.9001348107277887,1.8724629701734508,1.8909108638763428,10784,0.0,0.0
2021-03-25 00:00:00+02:00,1.8724629701734508,1.9001348107277887,1.8724629701734508,1.8909108638763428,4420,0.0,0.0
2021-03-26 00:00:00+02:00,1.8909108817773157,1.8909108817773157,1.8632390409610127,1.8724629878997803,9342,0.0,0.0
2021-03-29 00:00:00+03:00,1.8816868995554705,1.9093587398529053,1.8724629527896588,1.9093587398529053,7465,0.0,0.0
2021-03-30 00:00:00+03:00,1.9093587575792346,1.9093587575792346,1.8816869170248967,1.8909108638763428,10151,0.0,0.0
2021-03-31 00:00:00+03:00,1.9185826866187168,1.9185826866187168,1.890910846321282,1.9093587398529053,7694,0.0,0.0
2021-04-01 00:00:00+03:00,1.9278066071773305,1.983150506936076,1.8909108206156569,1.937030553817749,33742,0.0,0.0
2021-04-06 00:00:00+03:00,1.9370306811218077,2.167629582203749,1.9370306811218077,2.0661661624908447,45072,0.0,0.0
2021-04-07 00:00:00+03:00,2.15840552479849,2.1953015318181874,2.1030618441433018,2.1768534183502197,98461,0.0,0.0
2021-04-08 00:00:00+03:00,2.2229733642195946,2.2414212577055466,2.1768534105884774,2.2045254707336426,52835,0.0,0.0
2021-04-09 00:00:00+03:00,2.2137494253699166,2.2229733721457814,2.167629471574355,2.1768534183502197,33666,0.0,0.0
2021-04-12 00:00:00+03:00,2.2137494263048825,2.232197319864403,2.1768534192696025,2.1953015327453613,35505,0.0,0.0
2021-04-13 00:00:00+03:00,2.186077356338501,2.2229733632098836,2.1676294628609285,2.186077356338501,12458,0.0,0.0
2021-04-14 00:00:00+03:00,2.232197267547895,2.305988840056509,2.2229733209843188,2.250645160675049,40997,0.0,0.0
2021-04-15 00:00:00+03:00,2.25986909866333,2.278316991720481,2.232197259077603,2.25986909866333,29560,0.0,0.0
2021-04-16 00:00:00+03:00,2.2690932656337917,2.3059890553325113,2.2598693182091116,2.2783172130584717,29267,0.0,0.0
2021-04-19 00:00:00+03:00,2.2783168932246323,2.3797803006525124,2.269092947094825,2.370556354522705,32296,0.0,0.0
2021-04-20 00:00:00+03:00,2.416676292452355,2.5089159815781366,2.370556557847585,2.425900459289551,42015,0.0,0.0
2021-04-21 00:00:00+03:00,2.4166762402510145,2.4904680339409504,2.4166762402510145,2.4812440872192383,56175,0.0,0.0
2021-04-22 00:00:00+03:00,2.51009572229273,2.51009572229273,2.327368614407738,2.500478506088257,55990,0.11,0.0
2021-04-23 00:00:00+03:00,2.500478506088257,2.51009572229273,2.4620096412703636,2.500478506088257,11009,0.0,0.0
2021-04-26 00:00:00+03:00,2.5004783674580175,2.5004783674580175,2.2985168383611265,2.3466029167175293,29596,0.0,0.0
2021-04-27 00:00:00+03:00,2.31775116250016,2.31775116250016,2.0965549829992423,2.1157894134521484,54195,0.0,0.0
2021-04-28 00:00:00+03:00,2.2504305283838404,2.596650750776744,2.1734928030931986,2.5485646724700928,115538,0.0,0.0
2021-04-29 00:00:00+03:00,2.606267889908124,2.606267889908124,2.3466028453844547,2.4620094299316406,35758,0.0,0.0
2021-04-30 00:00:00+03:00,2.462009491792299,2.462009491792299,2.365837335586548,2.365837335586548,11160,0.0,0.0
2021-05-03 00:00:00+03:00,2.413923388846183,2.4812438974973703,2.3850717422813887,2.404306173324585,33850,0.0,0.0
2021-05-04 00:00:00+03:00,2.404306312464822,2.4620096089337737,2.365837448152188,2.3754546642303467,18926,0.0,0.0
2021-05-05 00:00:00+03:00,2.4812439101624415,2.4812439101624415,2.3850717544555664,2.3850717544555664,5863,0.0,0.0
2021-05-06 00:00:00+03:00,2.385071766827698,2.413923413689423,2.365837335586548,2.365837335586548,8740,0.0,0.0
2021-05-07 00:00:00+03:00,2.4043061855969414,2.452392263450379,2.3658373233141914,2.3850717544555664,14032,0.0,0.0
2021-05-10 00:00:00+03:00,2.442774987469254,2.481243848800659,2.4139233414706998,2.481243848800659,21776,0.0,0.0
2021-05-11 00:00:00+03:00,2.4812438850333316,2.4812438850333316,2.404306161247028,2.4235405921936035,13175,0.0,0.0
2021-05-12 00:00:00+03:00,2.433157832309004,2.433157832309004,2.3850717544555664,2.3850717544555664,2528,0.0,0.0
2021-05-14 00:00:00+03:00,2.385071880308505,2.4427751767774564,2.3562202320740293,2.3754546642303467,10778,0.0,0.0
2021-05-17 00:00:00+03:00,2.356220245361328,2.3658374614937205,2.2888997324345812,2.356220245361328,8555,0.0,0.0
2021-05-18 00:00:00+03:00,2.269664974219057,2.356220145016983,2.260047758496233,2.3273684978485107,14489,0.0,0.0
2021-05-19 00:00:00+03:00,2.356220145016983,2.356220145016983,2.269664974219057,2.3273684978485107,6264,0.0,0.0
2021-05-20 00:00:00+03:00,2.2888996349572146,2.3369857135713348,2.2888996349572146,2.3273684978485107,930,0.0,0.0
2021-05-21 00:00:00+03:00,2.2888996349572146,2.3273684978485107,2.2888996349572146,2.3273684978485107,1772,0.0,0.0
2021-05-24 00:00:00+03:00,2.3466030563539726,2.3466030563539726,2.2600478808694064,2.317751407623291,6000,0.0,0.0
2021-05-25 00:00:00+03:00,2.346602942080399,2.346602942080399,2.269664986586075,2.308134078979492,2544,0.0,0.0
2021-05-26 00:00:00+03:00,2.2792822023613017,2.3273685105299453,2.269664986586075,2.308134078979492,6367,0.0,0.0
2021-05-27 00:00:00+03:00,2.288899549563662,2.308133980291718,2.2119615973589375,2.260047674179077,18575,0.0,0.0
2021-05-28 00:00:00+03:00,2.260047799852666,2.2985168927404147,2.2119617203586226,2.2504305839538574,16730,0.0,0.0
2021-05-31 00:00:00+03:00,2.2215788127229654,2.29851676492769,2.1734927359028258,2.260047674179077,3755,0.0,0.0
2021-06-01 00:00:00+03:00,2.250430447106126,2.2985167529685753,2.1927271552221868,2.2792820930480957,10013,0.0,0.0
2021-06-02 00:00:00+03:00,2.279282214989452,2.298516875938984,2.279282214989452,2.2888996601104736,868,0.0,0.0
2021-06-03 00:00:00+03:00,2.298516879647468,2.298516879647468,2.2215789236027432,2.269665002822876,3054,0.0,0.0
2021-06-04 00:00:00+03:00,2.2600478129484447,2.2600478129484447,2.231196165084839,2.231196165084839,4014,0.0,0.0
2021-06-07 00:00:00+03:00,2.250430447106126,2.2985167529685753,2.250430447106126,2.2792820930480957,3719,0.0,0.0
2021-06-08 00:00:00+03:00,2.279282090437247,2.308133965638667,2.279282090437247,2.2985167503356934,409,0.0,0.0
2021-06-09 00:00:00+03:00,2.3081340954914946,2.3081340954914946,2.2408133552907965,2.269665002822876,1275,0.0,0.0
2021-06-10 00:00:00+03:00,2.269665002822876,2.269665002822876,2.2023444919146904,2.269665002822876,5881,0.0,0.0
2021-06-11 00:00:00+03:00,2.269664889543105,2.269664889543105,2.2311960280869934,2.260047674179077,2452,0.0,0.0
2021-06-14 00:00:00+03:00,2.2408133516754125,2.298516875938984,2.2311961358469024,2.2888996601104736,3712,0.0,0.0
2021-06-15 00:00:00+03:00,2.269664901554834,2.298516777092111,2.2119616090652836,2.2408132553100586,11416,0.0,0.0
2021-06-16 00:00:00+03:00,2.2408132553100586,2.279282116969759,2.2119616090652836,2.2408132553100586,2309,0.0,0.0
2021-06-17 00:00:00+03:00,2.2119617203586226,2.2504305839538574,2.202344504459814,2.2504305839538574,6953,0.0,0.0
2021-06-18 00:00:00+03:00,2.2119617462158203,2.2408133942495136,2.1831100981821265,2.2119617462158203,6118,0.0,0.0
2021-06-21 00:00:00+03:00,2.211961759484645,2.211961759484645,2.1831101112778803,2.1927273273468018,9563,0.0,0.0
2021-06-22 00:00:00+03:00,2.183109962820508,2.2408132553100586,2.173492747405583,2.2408132553100586,16006,0.0,0.0
2021-06-23 00:00:00+03:00,2.211961759484645,2.211961759484645,2.096555166657585,2.1927273273468018,14482,0.0,0.0
2021-06-24 00:00:00+03:00,2.2023445434157236,2.2023445434157236,2.1638756791400366,2.1927273273468018,3400,0.0,0.0
2021-06-28 00:00:00+03:00,2.211961733175768,2.2792822448575154,2.2023445172212326,2.231196165084839,12077,0.0,0.0
2021-06-29 00:00:00+03:00,2.288899676841606,2.2985168927404147,2.2504305839538574,2.2504305839538574,477,0.0,0.0
2021-06-30 00:00:00+03:00,2.2985169196094173,2.2985169196094173,2.1927273141933576,2.2119617462158203,3675,0.0,0.0
2021-07-01 00:00:00+03:00,2.288899549563662,2.288899549563662,2.2215788127229654,2.260047674179077,1504,0.0,0.0
2021-07-02 00:00:00+03:00,2.2792822186669026,2.2792822186669026,2.2119617077587166,2.269665002822876,3069,0.0,0.0
2021-07-05 00:00:00+03:00,2.279282116969759,2.279282116969759,2.154258316575733,2.2408132553100586,5395,0.0,0.0
2021-07-06 00:00:00+03:00,2.2408133552907965,2.269665002822876,2.2215789236027432,2.269665002822876,1879,0.0,0.0
2021-07-07 00:00:00+03:00,2.269665002822876,2.269665002822876,2.2023444919146904,2.269665002822876,10485,0.0,0.0
2021-07-08 00:00:00+03:00,2.26004771068834,2.26004771068834,2.2023444175720215,2.2023444175720215,12943,0.0,0.0
2021-07-09 00:00:00+03:00,2.202344393650358,2.2600476861399086,2.202344393650358,2.2408132553100586,3688,0.0,0.0
2021-07-12 00:00:00+03:00,2.2023443819949096,2.260047674179077,2.2023443819949096,2.260047674179077,1752,0.0,0.0
2021-07-13 00:00:00+03:00,2.260047698307854,2.2696649137745575,2.22157883644104,2.22157883644104,1968,0.0,0.0
2021-07-14 00:00:00+03:00,2.269664877734106,2.2792820930480957,2.2311960164781466,2.2792820930480957,3893,0.0,0.0
2021-07-15 00:00:00+03:00,2.288899549563662,2.288899549563662,2.2408132434510213,2.260047674179077,4087,0.0,0.0
2021-07-16 00:00:00+03:00,2.260047674179077,2.279282104907133,2.2215788127229654,2.260047674179077,3620,0.0,0.0
2021-07-19 00:00:00+03:00,2.2985167529685753,2.2985167529685753,2.2215788011641564,2.2792820930480957,4651,0.0,0.0
2021-07-20 00:00:00+03:00,2.2888996601104736,2.2888996601104736,2.2119617041898825,2.2888996601104736,11278,0.0,0.0
2021-07-21 00:00:00+03:00,2.2792820930480957,2.2792820930480957,2.2215788011641564,2.2792820930480957,2955,0.0,0.0
2021-07-22 00:00:00+03:00,2.2311960280869934,2.279282104907133,2.2215788127229654,2.260047674179077,7162,0.0,0.0
2021-07-23 00:00:00+03:00,2.2408132434510213,2.269664889543105,2.2408132434510213,2.260047674179077,3319,0.0,0.0
2021-07-26 00:00:00+03:00,2.250430458815049,2.260047674179077,2.2311960280869934,2.260047674179077,3279,0.0,0.0
2021-07-27 00:00:00+03:00,2.2408132317921363,2.2792820930480957,2.2408132317921363,2.2792820930480957,3110,0.0,0.0
2021-07-28 00:00:00+03:00,2.2792822023613017,2.3562201578556254,2.2792822023613017,2.308134078979492,14229,0.0,0.0
2021-07-29 00:00:00+03:00,2.2600476598312995,2.3273683962446143,2.2600476598312995,2.2985167503356934,2654,0.0,0.0
2021-07-30 00:00:00+03:00,2.279282189941881,2.3273684978485107,2.269664974219057,2.3273684978485107,8025,0.0,0.0
2021-08-02 00:00:00+03:00,2.269665020894657,2.4908612163610133,2.269665020894657,2.4331579208374023,21048,0.0,0.0
2021-08-03 00:00:00+03:00,2.404306161247028,2.4331578076668916,2.3466028684072997,2.4235405921936035,4942,0.0,0.0
2021-08-04 00:00:00+03:00,2.423540604367781,2.4331578198893795,2.404306173324585,2.404306173324585,5257,0.0,0.0
2021-08-05 00:00:00+03:00,2.404306161247028,2.4235405921936035,2.3850717303004516,2.4235405921936035,11087,0.0,0.0
2021-08-06 00:00:00+03:00,2.4235406167383164,2.4235406167383164,2.3850717544555664,2.3850717544555664,2855,0.0,0.0
2021-08-09 00:00:00+03:00,2.3850717544555664,2.4427750478796915,2.3850717544555664,2.3850717544555664,9834,0.0,0.0
2021-08-10 00:00:00+03:00,2.3850717422813887,2.4331578198893795,2.3754545267597904,2.404306173324585,3553,0.0,0.0
2021-08-11 00:00:00+03:00,2.413923401167629,2.413923401167629,2.375454538884879,2.3850717544555664,8662,0.0,0.0
2021-08-12 00:00:00+03:00,2.3850717303004516,2.4235405921936035,2.3754545148271635,2.4235405921936035,4882,0.0,0.0
2021-08-13 00:00:00+03:00,2.404306312464822,2.4235407446211394,2.3754546642303467,2.3754546642303467,7337,0.0,0.0
2021-08-16 00:00:00+03:00,2.4043061855969414,2.4427750478796915,2.3850717544555664,2.3850717544555664,6250,0.0,0.0
2021-08-17 00:00:00+03:00,2.3946890043870113,2.529330253601074,2.385071788678329,2.529330253601074,22931,0.0,0.0
2021-08-18 00:00:00+03:00,2.433157783794844,2.4812438606895046,2.423540568415912,2.4620094299316406,13590,0.0,0.0
2021-08-19 00:00:00+03:00,2.4620094790210665,2.519712772445192,2.3850717544555664,2.3850717544555664,10670,0.0,0.0
2021-08-20 00:00:00+03:00,2.471626771445882,2.471626771445882,2.3946890444880373,2.452392339706421,14445,0.0,0.0
2021-08-23 00:00:00+03:00,2.4812440603460986,2.5966508834721487,2.452392411887716,2.5197129249572754,37236,0.0,0.0
2021-08-24 00:00:00+03:00,2.519712812035271,2.519712812035271,2.4716267334262985,2.5100955963134766,35180,0.0,0.0
2021-08-25 00:00:00+03:00,2.510095610259251,2.577416349978348,2.1446411815081294,2.308134078979492,103161,0.0,0.0
2021-08-26 00:00:00+03:00,2.3081341220136364,2.3081341220136364,2.1734928693576268,2.231196165084839,27664,0.0,0.0
2021-08-27 00:00:00+03:00,2.260047783332432,2.298516875938984,2.2504305675039222,2.2888996601104736,16580,0.0,0.0
2021-08-30 00:00:00+03:00,2.269664901554834,2.269664901554834,2.2215788244802086,2.2408132553100586,6941,0.0,0.0
2021-08-31 00:00:00+03:00,2.2600477463834965,2.3850717794026512,2.2600477463834965,2.3466029167175293,24431,0.0,0.0
2021-09-01 00:00:00+03:00,2.346602942080399,2.346602942080399,2.2600477708108486,2.308134078979492,14284,0.0,0.0
2021-09-02 00:00:00+03:00,2.3273685234245134,2.3273685234245134,2.269664999160942,2.2888996601104736,6315,0.0,0.0
2021-09-03 00:00:00+03:00,2.3081340954914946,2.3177513113355213,2.269665002822876,2.269665002822876,4327,0.0,0.0
2021-09-06 00:00:00+03:00,2.269664875134273,2.308133965638667,2.269664875134273,2.2985167503356934,11014,0.0,0.0
2021-09-07 00:00:00+03:00,2.2792821777260572,2.3466029167175293,2.2792821777260572,2.3466029167175293,5485,0.0,0.0
2021-09-08 00:00:00+03:00,2.356220170910043,2.356220170910043,2.2888996601104736,2.2888996601104736,6404,0.0,0.0
2021-09-09 00:00:00+03:00,2.2985168632042656,2.308134078979492,2.288899647429039,2.308134078979492,2957,0.0,0.0
2021-09-10 00:00:00+03:00,2.308133965638667,2.336985611547588,2.269664875134273,2.2985167503356934,10330,0.0,0.0
2021-09-13 00:00:00+03:00,2.2119615973589375,2.308133980291718,2.2119615973589375,2.260047674179077,4901,0.0,0.0
2021-09-14 00:00:00+03:00,2.231196165084839,2.3081341220136364,2.231196165084839,2.231196165084839,14033,0.0,0.0
2021-09-15 00:00:00+03:00,2.2311960641301805,2.2311960641301805,2.115789477897544,2.2023444175720215,5808,0.0,0.0
2021-09-16 00:00:00+03:00,2.202344442344232,2.202344442344232,2.144641148578861,2.1638755798339844,11515,0.0,0.0
2021-09-17 00:00:00+03:00,2.1638755798339844,2.2119616579717936,2.1542583642064224,2.1638755798339844,14028,0.0,0.0
2021-09-20 00:00:00+03:00,2.1927272923918286,2.2119617242230496,2.0292343925339353,2.0677034854888916,25459,0.0,0.0
2021-09-21 00:00:00+03:00,2.0965550948769875,2.2023444680131727,2.0965550948769875,2.1254067420959473,3915,0.0,0.0
2021-09-22 00:00:00+03:00,2.115789526356294,2.2023444680131727,2.0965550948769875,2.1254067420959473,3271,0.0,0.0
2021-09-23 00:00:00+03:00,2.125406729598756,2.19272723938049,2.125406729598756,2.144641160964966,6735,0.0,0.0
2021-09-24 00:00:00+03:00,2.1350238557014904,2.1734927168198506,2.09655499458313,2.09655499458313,5328,0.0,0.0
2021-09-27 00:00:00+03:00,2.106172286068613,2.2311960892269176,2.106172286068613,2.1638755798339844,18277,0.0,0.0
2021-09-28 00:00:00+03:00,2.1254066286786015,2.202344350490226,2.1061721982256953,2.1157894134521484,16206,0.0,0.0
2021-09-29 00:00:00+03:00,2.0965550948769875,2.1350239578356005,2.0869378791373343,2.1254067420959473,4718,0.0,0.0
2021-09-30 00:00:00+03:00,2.163875705796158,2.1734929219835513,2.115789624859192,2.1542584896087646,1389,0.0,0.0
2021-10-01 00:00:00+03:00,2.163875719484436,2.163875719484436,2.0773207732503662,2.135024070739746,4367,0.0,0.0
2021-10-04 00:00:00+03:00,2.135024070739746,2.154258503236206,2.115789638243286,2.135024070739746,1284,0.0,0.0
2021-10-05 00:00:00+03:00,2.1061724086717986,2.163875705796158,2.086937976297012,2.1542584896087646,6719,0.0,0.0
2021-10-06 00:00:00+03:00,2.0869378791373343,2.1254067420959473,2.0869378791373343,2.1254067420959473,1452,0.0,0.0
2021-10-07 00:00:00+03:00,2.06770334874436,2.10617220986272,2.0292342583335006,2.09655499458313,11874,0.0,0.0
2021-10-08 00:00:00+03:00,2.077320663397681,2.1254067420959473,2.067703447658028,2.1254067420959473,2521,0.0,0.0
2021-10-11 00:00:00+03:00,2.1350239968981652,2.1350239968981652,2.038851608449546,2.0677034854888916,10280,0.0,0.0
2021-10-12 00:00:00+03:00,2.0388514967749036,2.067703372233937,2.0099998506083723,2.0580861568450928,9885,0.0,0.0
2021-10-13 00:00:00+03:00,2.0580862866104614,2.0580862866104614,2.019617193337052,2.0292344093322754,4181,0.0,0.0
2021-10-14 00:00:00+03:00,2.058086269573281,2.0677034854888916,2.0292343925339353,2.0677034854888916,8532,0.0,0.0
2021-10-15 00:00:00+03:00,2.0773206758352254,2.1061723232269287,2.067703460037991,2.1061723232269287,6557,0.0,0.0
2021-10-18 00:00:00+03:00,2.0580861334647698,2.10617220986272,2.0388514736130907,2.09655499458313,2059,0.0,0.0
2021-10-19 00:00:00+03:00,2.067703337319883,2.1157894134521484,2.0484689068669772,2.1157894134521484,2202,0.0,0.0
2021-10-20 00:00:00+03:00,2.1157895650669443,2.1157895650669443,2.0677034854888916,2.0677034854888916,3716,0.0,0.0
2021-10-21 00:00:00+03:00,2.067703372233937,2.067703372233937,2.0580861568450928,2.0580861568450928,10371,0.0,0.0
2021-10-22 00:00:00+03:00,2.05808612209343,2.1157894134521484,2.0484689068669772,2.1157894134521484,20164,0.0,0.0
2021-10-25 00:00:00+03:00,2.106172336069664,2.1638756312049257,2.0388515957860127,2.08693790435791,6098,0.0,0.0
2021-10-26 00:00:00+03:00,2.0869377793035397,2.1254066404219003,2.0869377793035397,2.09655499458313,2200,0.0,0.0
2021-10-27 00:00:00+03:00,2.09655499458313,2.10617220986272,2.0869377793035397,2.09655499458313,2150,0.0,0.0
2021-10-28 00:00:00+03:00,2.096555006381534,2.1061722217152448,2.0773205757141113,2.0773205757141113,1055,0.0,0.0
2021-10-29 00:00:00+03:00,2.0773205640239496,2.11578942514231,2.0773205640239496,2.09655499458313,3811,0.0,0.0
2021-11-01 00:00:00+02:00,2.1350240309332715,2.211961759484645,2.1157895987954283,2.1927273273468018,8066,0.0,0.0
2021-11-02 00:00:00+02:00,2.125406854491516,2.1831101519808955,2.115789638243286,2.135024070739746,9522,0.0,0.0
2021-11-03 00:00:00+02:00,2.1157894134521484,2.1734927048108665,2.1157894134521484,2.1157894134521484,6356,0.0,0.0
2021-11-04 00:00:00+02:00,2.115789526356294,2.1831100365338663,2.115789526356294,2.1254067420959473,4493,0.0,0.0
2021-11-05 00:00:00+02:00,2.16387569235015,2.211961772988316,2.1061723955843505,2.173492908477783,2686,0.0,0.0
2021-11-08 00:00:00+02:00,2.115789638243286,2.1831101519808955,2.115789638243286,2.135024070739746,688,0.0,0.0
2021-11-09 00:00:00+02:00,2.1061721982256953,2.1350238439050546,2.1061721982256953,2.1157894134521484,6710,0.0,0.0
2021-11-10 00:00:00+02:00,2.106172310616641,2.1638756050545602,2.106172310616641,2.1254067420959473,4340,0.0,0.0
2021-11-11 00:00:00+02:00,2.1254066934169304,2.2023444175720215,2.106172262378158,2.2023444175720215,1776,0.0,0.0
2021-11-12 00:00:00+02:00,2.154258376648071,2.1638755923311757,2.1157895139156513,2.144641160964966,2830,0.0,0.0
2021-11-15 00:00:00+02:00,2.11578942514231,2.1350238557014904,2.09655499458313,2.09655499458313,3215,0.0,0.0
2021-11-16 00:00:00+02:00,2.115789624859192,2.1927273543583374,2.115789624859192,2.1542584896087646,10115,0.0,0.0
2021-11-17 00:00:00+02:00,2.154258476222517,2.173492908477783,2.1350240439672503,2.173492908477783,2479,0.0,0.0
2021-11-18 00:00:00+02:00,2.1350238439050546,2.1446410591315077,2.067703337319883,2.1157894134521484,12838,0.0,0.0
2021-11-19 00:00:00+02:00,2.0965549829992423,2.1350238439050546,2.0965549829992423,2.1157894134521484,1145,0.0,0.0
2021-11-22 00:00:00+02:00,2.11578942514231,2.11578942514231,2.09655499458313,2.09655499458313,6732,0.0,0.0
2021-11-23 00:00:00+02:00,2.173492729051223,2.173492729051223,2.048468929712978,2.0773205757141113,12335,0.0,0.0
2021-11-24 00:00:00+02:00,2.0677034854888916,2.0677034854888916,2.0677034854888916,2.0677034854888916,209,0.0,0.0
2021-11-25 00:00:00+02:00,2.0677034985728047,2.1157895784551344,2.048469066619873,2.048469066619873,5861,0.0,0.0
2021-11-26 00:00:00+02:00,2.038851511606081,2.038851511606081,1.971531003394466,2.0196170806884766,15117,0.0,0.0
2021-11-29 00:00:00+02:00,2.0196170544193444,2.2119615903860677,2.000382623751922,2.0773205757141113,4848,0.0,0.0
2021-11-30 00:00:00+02:00,2.067703372233937,2.067703372233937,2.000382635219528,2.0580861568450928,1174,0.0,0.0
2021-12-01 00:00:00+02:00,2.067703372233937,2.1446410953446873,1.9907654198306846,2.0580861568450928,7328,0.0,0.0
2021-12-02 00:00:00+02:00,1.9907655453513815,2.0580862866104614,1.9907655453513815,2.0292344093322754,6153,0.0,0.0
2021-12-03 00:00:00+02:00,2.019617068753557,2.077320590457874,2.000382637949618,2.038851499557495,4147,0.0,0.0
2021-12-07 00:00:00+02:00,2.106172233789312,2.106172233789312,2.000382635219528,2.0580861568450928,4500,0.0,0.0
2021-12-08 00:00:00+02:00,2.029234284155526,2.0580861596539353,2.019617068753557,2.038851499557495,7623,0.0,0.0
2021-12-09 00:00:00+02:00,2.019617193337052,2.0292344093322754,2.000382761346605,2.0292344093322754,5701,0.0,0.0
2021-12-10 00:00:00+02:00,2.000382661819458,2.029234308369642,2.000382661819458,2.000382661819458,4153,0.0,0.0
2021-12-13 00:00:00+02:00,2.0677035570021363,2.1927273682291255,2.0677035570021363,2.135024070739746,53936,0.0,0.0
2021-12-14 00:00:00+02:00,2.1734928605606076,2.1734928605606076,2.0677034854888916,2.0677034854888916,13427,0.0,0.0
2021-12-15 00:00:00+02:00,2.154258298383801,2.163875513717512,2.0773205757141113,2.0773205757141113,7084,0.0,0.0
2021-12-16 00:00:00+02:00,2.0869378668663368,2.1734928080142804,2.0869378668663368,2.144641160964966,3099,0.0,0.0
2021-12-17 00:00:00+02:00,2.096555018400468,2.115789449178156,2.0580861568450928,2.0580861568450928,9611,0.0,0.0
2021-12-20 00:00:00+02:00,2.058086207930804,2.1638755798339844,2.058086207930804,2.1638755798339844,8666,0.0,0.0
2021-12-21 00:00:00+02:00,2.067703400300612,2.2023444175720215,2.067703400300612,2.2023444175720215,9121,0.0,0.0
2021-12-22 00:00:00+02:00,2.2023444175720215,2.2023444175720215,2.2023444175720215,2.2023444175720215,2263,0.0,0.0
2021-12-23 00:00:00+02:00,2.1157896117119837,2.2600478536264825,2.1157896117119837,2.173492908477783,11995,0.0,0.0
2021-12-27 00:00:00+02:00,2.1350238439050546,2.250430426622491,2.1157894134521484,2.1157894134521484,13302,0.0,0.0
2021-12-28 00:00:00+02:00,2.1350240439672503,2.202344556860683,2.1061723955843505,2.173492908477783,11652,0.0,0.0
2021-12-29 00:00:00+02:00,2.1638755798339844,2.1638755798339844,2.1254067173237368,2.1638755798339844,14390,0.0,0.0
2021-12-30 00:00:00+02:00,2.1638755923311757,2.1638755923311757,2.144641160964966,2.144641160964966,10243,0.0,0.0
2022-01-03 00:00:00+02:00,2.1542584896087646,2.183110138170944,2.135024057233978,2.1542584896087646,5815,0.0,0.0
2022-01-04 00:00:00+02:00,2.163875719484436,2.1831101519808955,2.135024070739746,2.135024070739746,5815,0.0,0.0
2022-01-05 00:00:00+02:00,2.1734927831300053,2.183109998703003,2.1446411364110127,2.183109998703003,3034,0.0,0.0
2022-01-07 00:00:00+02:00,2.154258476222517,2.1831101246054163,2.1350240439672503,2.173492908477783,4410,0.0,0.0
2022-01-10 00:00:00+02:00,2.173492908477783,2.1831101246054163,2.16387569235015,2.173492908477783,1621,0.0,0.0
2022-01-11 00:00:00+02:00,2.1831101112778803,2.1927273273468018,2.1638756791400366,2.1927273273468018,3044,0.0,0.0
2022-01-12 00:00:00+02:00,2.1831101246054163,2.1831101246054163,2.1350240439672503,2.173492908477783,3710,0.0,0.0
2022-01-13 00:00:00+02:00,2.154258503236206,2.163875719484436,2.135024070739746,2.135024070739746,1788,0.0,0.0
2022-01-14 00:00:00+02:00,2.135024070739746,2.154258503236206,2.125406854491516,2.135024070739746,2424,0.0,0.0
2022-01-17 00:00:00+02:00,2.135023945281861,2.1734928080142804,2.125406729598756,2.144641160964966,4232,0.0,0.0
2022-01-18 00:00:00+02:00,2.144641286987976,2.144641286987976,2.125406854491516,2.135024070739746,4159,0.0,0.0
2022-01-19 00:00:00+02:00,2.135023945281861,2.2023444550635953,2.125406729598756,2.144641160964966,3995,0.0,0.0
2022-01-20 00:00:00+02:00,2.1927272142760006,2.1927272142760006,2.1446411364110127,2.183109998703003,4598,0.0,0.0
2022-01-21 00:00:00+02:00,2.154258503236206,2.173492935732666,2.125406854491516,2.135024070739746,6212,0.0,0.0
2022-01-24 00:00:00+02:00,2.1254066645669996,2.1350238799558436,2.067703372233937,2.0580861568450928,14879,0.0,0.0
2022-01-25 00:00:00+02:00,2.05808612209343,2.1927271352637727,2.05808612209343,2.1157894134521484,34052,0.0,0.0
2022-01-26 00:00:00+02:00,2.1927273141933576,2.2985169196094173,2.1254068021147394,2.2119617462158203,4997,0.0,0.0
2022-01-27 00:00:00+02:00,2.2119617462158203,2.2504306102607448,2.1734928821708954,2.2119617462158203,8167,0.0,0.0
2022-01-28 00:00:00+02:00,2.1638756661596643,2.2504306102607448,2.1157895861035083,2.2119617462158203,9873,0.0,0.0
2022-01-31 00:00:00+02:00,2.1638755798339844,2.19272722671667,2.144641148578861,2.1638755798339844,932,0.0,0.0
2022-02-01 00:00:00+02:00,2.1542583399750894,2.2504304951689535,2.1542583399750894,2.2023444175720215,1517,0.0,0.0
2022-02-02 00:00:00+02:00,2.250430458815049,2.29851676492769,2.1734927359028258,2.260047674179077,8672,0.0,0.0
2022-02-03 00:00:00+02:00,2.288899549563662,2.288899549563662,2.2119615973589375,2.260047674179077,2919,0.0,0.0
2022-02-04 00:00:00+02:00,2.183109998703003,2.202344429848998,2.1638755675570076,2.183109998703003,5823,0.0,0.0
2022-02-07 00:00:00+02:00,2.183110060226637,2.2792822186669026,2.183110060226637,2.269665002822876,5834,0.0,0.0
2022-02-08 00:00:00+02:00,2.211961633091408,2.2792821417271125,2.163875555494476,2.2023444175720215,21327,0.0,0.0
2022-02-09 00:00:00+02:00,2.202344556860683,2.211961772988316,2.154258476222517,2.173492908477783,9196,0.0,0.0
2022-02-10 00:00:00+02:00,2.288899549563662,2.6351195319611693,2.163875520538798,2.260047674179077,25405,0.0,0.0
2022-02-11 00:00:00+02:00,2.375454651049773,2.452392379248141,2.260047829459705,2.3946890830993652,47061,0.0,0.0
2022-02-14 00:00:00+02:00,2.39468890336543,2.39468890336543,2.240813229225352,2.2985167503356934,9570,0.0,0.0
2022-02-15 00:00:00+02:00,2.2985168279123576,2.4043061998155384,2.1350239329512988,2.1638755798339844,37617,0.0,0.0
2022-02-16 00:00:00+02:00,2.1157895784551344,2.1157895784551344,2.029234405374426,2.048469066619873,22100,0.0,0.0
2022-02-17 00:00:00+02:00,2.0677034985728047,2.1157895784551344,2.048469066619873,2.048469066619873,18010,0.0,0.0
2022-02-18 00:00:00+02:00,2.038851499557495,2.106172236663782,1.990765422547649,2.038851499557495,25175,0.0,0.0
2022-02-21 00:00:00+02:00,2.019617124312665,2.058086216271318,1.9330621833138393,1.9522966146469116,15011,0.0,0.0
2022-02-22 00:00:00+02:00,1.9426793928094468,1.9907654709893823,1.9330621771734597,1.961913824081421,13929,0.0,0.0
2022-02-23 00:00:00+02:00,2.009999877336186,2.009999877336186,1.9619137997525462,2.000382661819458,3358,0.0,0.0
2022-02-24 00:00:00+02:00,1.909019150271545,1.9811482680019534,1.8849761110280756,1.9426794052124023,7593,0.0,0.0
2022-02-25 00:00:00+02:00,1.9426793746543953,2.029234314569391,1.923444943562174,1.9907654523849487,9289,0.0,0.0
2022-02-28 00:00:00+02:00,1.909019120243008,2.0003826679310595,1.8513157123200916,1.9907654523849487,17908,0.0,0.0
2022-03-01 00:00:00+02:00,2.009999895938874,2.009999895938874,1.933062171092986,1.9715310335159302,1782,0.0,0.0
2022-03-02 00:00:00+02:00,1.9138277398815142,2.000382680333138,1.87535887745857,1.9715310335159302,9249,0.0,0.0
2022-03-03 00:00:00+02:00,1.9811482744206248,1.9811482744206248,1.933062195777893,1.933062195777893,2894,0.0,0.0
2022-03-04 00:00:00+02:00,1.9426794573815327,1.9426794573815327,1.836889967223119,1.8657417297363281,2066,0.0,0.0
2022-03-07 00:00:00+02:00,1.8657417383039046,1.875358954303718,1.8272727596583935,1.84650719165802,10211,0.0,0.0
2022-03-08 00:00:00+02:00,1.846507122743811,1.8753588843127211,1.8368899071029257,1.8609329462051392,3516,0.0,0.0
2022-03-09 00:00:00+02:00,1.8609329692570213,1.9234449863433838,1.8609329692570213,1.9234449863433838,14263,0.0,0.0
2022-03-10 00:00:00+02:00,1.9090191320786463,2.0677034188657966,1.9090191320786463,1.9715310335159302,6245,0.0,0.0
2022-03-11 00:00:00+02:00,2.019617124312665,2.0292343399792014,1.9522966146469116,1.9522966146469116,5330,0.0,0.0
2022-03-14 00:00:00+02:00,1.9522966272349858,2.0196171373348104,1.8945933328637077,1.933062195777893,9017,0.0,0.0
2022-03-15 00:00:00+02:00,1.8897847128144265,2.058086216271318,1.8897847128144265,1.9522966146469116,2124,0.0,0.0
2022-03-16 00:00:00+02:00,2.038851530115502,2.038851530115502,1.9619138057466168,1.9907654523849487,4369,0.0,0.0
2022-03-17 00:00:00+02:00,2.0003826497708723,2.029234296147279,2.0003826497708723,2.0196170806884766,5395,0.0,0.0
2022-03-18 00:00:00+02:00,2.029234327150346,2.0484689876543247,1.9715310335159302,1.9715310335159302,2144,0.0,0.0
2022-03-21 00:00:00+02:00,1.9715310335159302,2.029234327150346,1.961913817910194,1.9715310335159302,1650,0.0,0.0
2022-03-22 00:00:00+02:00,1.9522966084454338,2.019617117897343,1.9522966084454338,1.961913824081421,5634,0.0,0.0
2022-03-23 00:00:00+02:00,1.961913824081421,1.961913824081421,1.9522966084454338,1.961913824081421,1669,0.0,0.0
2022-03-24 00:00:00+02:00,1.9522966336234333,1.9522966336234333,1.8272727140969636,1.9234449863433838,11746,0.0,0.0
2022-03-25 00:00:00+02:00,1.8465071517199982,1.9619138558678892,1.8465071517199982,1.9138277769088745,2304,0.0,0.0
2022-03-28 00:00:00+03:00,1.9090191753863206,1.9234449991221862,1.9042105674743652,1.9042105674743652,6771,0.0,0.0
2022-03-29 00:00:00+03:00,1.8945933267254633,2.106172301360503,1.8945933267254633,1.9426794052124023,2425,0.0,0.0
2022-03-30 00:00:00+03:00,1.9234449376856342,2.000382661819458,1.8897846833770862,2.000382661819458,3327,0.0,0.0
2022-03-31 00:00:00+03:00,1.904210548592254,2.009999921606264,1.904210548592254,1.933062195777893,541,0.0,0.0
2022-04-01 00:00:00+03:00,1.9330621650715465,1.9811482429504395,1.9330621650715465,1.9811482429504395,308,0.0,0.0
2022-04-04 00:00:00+03:00,1.9811482616465204,1.9811482616465204,1.8753588893146222,1.9522966146469116,951,0.0,0.0
2022-04-05 00:00:00+03:00,1.8945933206476946,1.9522966146469116,1.8945933206476946,1.9522966146469116,5546,0.0,0.0
2022-04-06 00:00:00+03:00,1.9186363357891187,2.0003826679310595,1.9138277280160634,1.9907654523849487,589,0.0,0.0
2022-04-07 00:00:00+03:00,1.9042105048332045,1.9715310133859933,1.9042105048332045,1.909019112586975,1169,0.0,0.0
2022-04-08 00:00:00+03:00,1.9042105124699529,2.0003826679310595,1.8994019046968975,1.9907654523849487,3821,0.0,0.0
2022-04-11 00:00:00+03:00,1.9811482616465204,1.9907654773130565,1.9522966146469116,1.9522966146469116,3484,0.0,0.0
2022-04-12 00:00:00+03:00,1.9330621532023622,2.000382661819458,1.9330621532023622,2.000382661819458,1856,0.0,0.0
2022-04-13 00:00:00+03:00,2.000382680333138,2.000382680333138,1.9715310335159302,1.9715310335159302,510,0.0,0.0
2022-04-14 00:00:00+03:00,1.9811482616465204,1.9811482616465204,1.9426793989803754,1.9522966146469116,4027,0.0,0.0
2022-04-19 00:00:00+03:00,2.029234308369642,2.029234308369642,1.9522965842358182,2.000382661819458,5189,0.0,0.0
2022-04-20 00:00:00+03:00,1.9907654523849487,1.9907654523849487,1.9330621591082848,1.9907654523849487,4694,0.0,0.0
2022-04-21 00:00:00+03:00,2.0003827744052516,2.019617206521262,2.0003827744052516,2.009999990463257,5982,0.0,0.0
2022-04-22 00:00:00+03:00,2.0399999618530273,2.069999933242798,1.9850000143051147,2.069999933242798,1760,0.08,0.0
2022-04-25 00:00:00+03:00,1.9450000524520874,2.0799999237060547,1.9450000524520874,2.0199999809265137,4133,0.0,0.0
2022-04-26 00:00:00+03:00,1.9500000476837158,2.0199999809265137,1.899999976158142,1.9199999570846558,27035,0.0,0.0
2022-04-27 00:00:00+03:00,1.940000057220459,1.940000057220459,1.7699999809265137,1.8350000381469727,15872,0.0,0.0
2022-04-28 00:00:00+03:00,1.840000033378601,1.875,1.8200000524520874,1.8700000047683716,9486,0.0,0.0
2022-04-29 00:00:00+03:00,1.8700000047683716,1.8799999952316284,1.8350000381469727,1.8700000047683716,5458,0.0,0.0
2022-05-02 00:00:00+03:00,1.8700000047683716,1.8799999952316284,1.8200000524520874,1.8700000047683716,4258,0.0,0.0
2022-05-03 00:00:00+03:00,1.8700000047683716,1.8700000047683716,1.8250000476837158,1.8450000286102295,2483,0.0,0.0
2022-05-04 00:00:00+03:00,1.8450000286102295,1.8450000286102295,1.784999966621399,1.815000057220459,8118,0.0,0.0
2022-05-05 00:00:00+03:00,1.8200000524520874,1.8700000047683716,1.7999999523162842,1.8250000476837158,4049,0.0,0.0
2022-05-06 00:00:00+03:00,1.840000033378601,1.8550000190734863,1.7799999713897705,1.7949999570846558,3670,0.0,0.0
2022-05-09 00:00:00+03:00,1.7949999570846558,1.7949999570846558,1.7000000476837158,1.7050000429153442,19501,0.0,0.0
2022-05-10 00:00:00+03:00,1.7000000476837158,1.7699999809265137,1.6349999904632568,1.649999976158142,54261,0.0,0.0
2022-05-11 00:00:00+03:00,1.7100000381469727,1.7949999570846558,1.7100000381469727,1.7599999904632568,2836,0.0,0.0
2022-05-12 00:00:00+03:00,1.7799999713897705,1.7799999713897705,1.7050000429153442,1.75,3877,0.0,0.0
2022-05-13 00:00:00+03:00,1.7799999713897705,1.7799999713897705,1.7450000047683716,1.75,2446,0.0,0.0
2022-05-16 00:00:00+03:00,1.7599999904632568,1.774999976158142,1.715000033378601,1.715000033378601,1119,0.0,0.0
2022-05-17 00:00:00+03:00,1.7699999809265137,1.840000033378601,1.7599999904632568,1.8350000381469727,3246,0.0,0.0
2022-05-18 00:00:00+03:00,1.7649999856948853,1.8200000524520874,1.7649999856948853,1.8200000524520874,3362,0.0,0.0
2022-05-19 00:00:00+03:00,1.7899999618530273,1.7899999618530273,1.7599999904632568,1.7599999904632568,537,0.0,0.0
2022-05-20 00:00:00+03:00,1.8350000381469727,1.8600000143051147,1.75,1.75,1824,0.0,0.0
2022-05-23 00:00:00+03:00,1.75,1.7999999523162842,1.7100000381469727,1.7999999523162842,2890,0.0,0.0
2022-05-24 00:00:00+03:00,1.7549999952316284,1.7799999713897705,1.659999966621399,1.6749999523162842,9963,0.0,0.0
2022-05-25 00:00:00+03:00,1.6799999475479126,1.7000000476837158,1.5850000381469727,1.5850000381469727,22536,0.0,0.0
2022-05-27 00:00:00+03:00,1.600000023841858,1.6749999523162842,1.600000023841858,1.6200000047683716,4171,0.0,0.0
2022-05-30 00:00:00+03:00,1.6749999523162842,1.6749999523162842,1.5950000286102295,1.6050000190734863,7263,0.0,0.0
2022-05-31 00:00:00+03:00,1.5950000286102295,1.6699999570846558,1.5800000429153442,1.6100000143051147,12230,0.0,0.0
2022-06-01 00:00:00+03:00,1.600000023841858,1.600000023841858,1.5399999618530273,1.5399999618530273,6395,0.0,0.0
2022-06-02 00:00:00+03:00,1.5950000286102295,1.600000023841858,1.534999966621399,1.5950000286102295,5248,0.0,0.0
2022-06-03 00:00:00+03:00,1.590000033378601,1.590000033378601,1.5399999618530273,1.590000033378601,527,0.0,0.0
2022-06-06 00:00:00+03:00,1.5700000524520874,1.600000023841858,1.5399999618530273,1.600000023841858,1433,0.0,0.0
2022-06-07 00:00:00+03:00,1.600000023841858,1.600000023841858,1.524999976158142,1.559999942779541,5890,0.0,0.0
2022-06-08 00:00:00+03:00,1.5449999570846558,1.559999942779541,1.5399999618530273,1.5449999570846558,2413,0.0,0.0
2022-06-09 00:00:00+03:00,1.5399999618530273,1.5399999618530273,1.5199999809265137,1.534999966621399,4460,0.0,0.0
2022-06-10 00:00:00+03:00,1.5449999570846558,1.5449999570846558,1.524999976158142,1.524999976158142,3434,0.0,0.0
2022-06-13 00:00:00+03:00,1.5850000381469727,1.600000023841858,1.5099999904632568,1.5099999904632568,4143,0.0,0.0
2022-06-14 00:00:00+03:00,1.5149999856948853,1.5199999809265137,1.4550000429153442,1.4550000429153442,9320,0.0,0.0
2022-06-15 00:00:00+03:00,1.5950000286102295,1.5950000286102295,1.5950000286102295,1.5950000286102295,250,0.0,0.0
2022-06-16 00:00:00+03:00,1.5499999523162842,1.5950000286102295,1.4049999713897705,1.5950000286102295,12548,0.0,0.0
2022-06-17 00:00:00+03:00,1.600000023841858,1.600000023841858,1.5,1.5,760,0.0,0.0
2022-06-20 00:00:00+03:00,1.5750000476837158,1.5750000476837158,1.465000033378601,1.4700000286102295,3462,0.0,0.0
2022-06-21 00:00:00+03:00,1.4600000381469727,1.6399999856948853,1.4600000381469727,1.6399999856948853,360,0.0,0.0
2022-06-22 00:00:00+03:00,1.6299999952316284,1.6299999952316284,1.5199999809265137,1.5700000524520874,1522,0.0,0.0
2022-06-23 00:00:00+03:00,1.5099999904632568,1.5800000429153442,1.5049999952316284,1.524999976158142,3247,0.0,0.0
2022-06-27 00:00:00+03:00,1.600000023841858,1.600000023841858,1.4450000524520874,1.4950000047683716,2555,0.0,0.0
2022-06-28 00:00:00+03:00,1.5,1.5,1.5,1.5,250,0.0,0.0
2022-06-29 00:00:00+03:00,1.5049999952316284,1.5950000286102295,1.5,1.5950000286102295,596,0.0,0.0
2022-06-30 00:00:00+03:00,1.5950000286102295,1.5950000286102295,1.5,1.5800000429153442,1038,0.0,0.0
2022-07-01 00:00:00+03:00,1.475000023841858,1.4800000190734863,1.3250000476837158,1.4600000381469727,10358,0.0,0.0
2022-07-04 00:00:00+03:00,1.4800000190734863,1.524999976158142,1.4049999713897705,1.4199999570846558,3385,0.0,0.0
2022-07-05 00:00:00+03:00,1.4299999475479126,1.4299999475479126,1.350000023841858,1.350000023841858,4667,0.0,0.0
2022-07-06 00:00:00+03:00,1.3600000143051147,1.3650000095367432,1.3450000286102295,1.3450000286102295,1321,0.0,0.0
2022-07-07 00:00:00+03:00,1.3949999809265137,1.3949999809265137,1.3650000095367432,1.3949999809265137,1265,0.0,0.0
2022-07-08 00:00:00+03:00,1.3700000047683716,1.3700000047683716,1.2999999523162842,1.350000023841858,5277,0.0,0.0
2022-07-11 00:00:00+03:00,1.350000023841858,1.3600000143051147,1.3200000524520874,1.3600000143051147,2018,0.0,0.0
2022-07-12 00:00:00+03:00,1.4550000429153442,1.5,1.3600000143051147,1.375,9555,0.0,0.0
2022-07-13 00:00:00+03:00,1.375,1.465000033378601,1.350000023841858,1.465000033378601,1383,0.0,0.0
2022-07-14 00:00:00+03:00,1.399999976158142,1.4500000476837158,1.399999976158142,1.399999976158142,2315,0.0,0.0
2022-07-15 00:00:00+03:00,1.3799999952316284,1.465000033378601,1.3450000286102295,1.4500000476837158,802,0.0,0.0
2022-07-18 00:00:00+03:00,1.4550000429153442,1.465000033378601,1.375,1.465000033378601,2717,0.0,0.0
2022-07-19 00:00:00+03:00,1.375,1.3799999952316284,1.375,1.3799999952316284,750,0.0,0.0
2022-07-20 00:00:00+03:00,1.3550000190734863,1.3799999952316284,1.350000023841858,1.350000023841858,2845,0.0,0.0
2022-07-21 00:00:00+03:00,1.350000023841858,1.440000057220459,1.3450000286102295,1.350000023841858,1834,0.0,0.0
2022-07-22 00:00:00+03:00,1.350000023841858,1.3650000095367432,1.3250000476837158,1.3650000095367432,2787,0.0,0.0
2022-07-25 00:00:00+03:00,1.3300000429153442,1.3300000429153442,1.2999999523162842,1.315000057220459,1459,0.0,0.0
2022-07-26 00:00:00+03:00,1.315000057220459,1.315000057220459,1.2999999523162842,1.2999999523162842,1832,0.0,0.0
2022-07-27 00:00:00+03:00,1.2949999570846558,1.2999999523162842,1.2949999570846558,1.2999999523162842,850,0.0,0.0
2022-07-28 00:00:00+03:00,1.2649999856948853,1.2949999570846558,1.2549999952316284,1.2699999809265137,4818,0.0,0.0
2022-07-29 00:00:00+03:00,1.2949999570846558,1.2949999570846558,1.2599999904632568,1.2949999570846558,2271,0.0,0.0
2022-08-01 00:00:00+03:00,1.2949999570846558,1.2949999570846558,1.25,1.2949999570846558,2316,0.0,0.0
2022-08-02 00:00:00+03:00,1.2899999618530273,1.315000057220459,1.2899999618530273,1.315000057220459,14700,0.0,0.0
2022-08-03 00:00:00+03:00,1.3450000286102295,1.3450000286102295,1.2599999904632568,1.2949999570846558,508,0.0,0.0
2022-08-04 00:00:00+03:00,1.2799999713897705,1.350000023841858,1.2400000095367432,1.350000023841858,2096,0.0,0.0
2022-08-05 00:00:00+03:00,1.350000023841858,1.350000023841858,1.3300000429153442,1.3300000429153442,1390,0.0,0.0
2022-08-08 00:00:00+03:00,1.2799999713897705,1.2949999570846558,1.2599999904632568,1.2599999904632568,2510,0.0,0.0
2022-08-09 00:00:00+03:00,1.2899999618530273,1.2899999618530273,1.284999966621399,1.284999966621399,427,0.0,0.0
2022-08-10 00:00:00+03:00,1.2649999856948853,1.2649999856948853,1.2649999856948853,1.2649999856948853,631,0.0,0.0
2022-08-11 00:00:00+03:00,1.2599999904632568,1.2649999856948853,1.2599999904632568,1.2599999904632568,545,0.0,0.0
2022-08-12 00:00:00+03:00,1.2649999856948853,1.3200000524520874,1.2599999904632568,1.2899999618530273,9150,0.0,0.0
2022-08-15 00:00:00+03:00,1.2999999523162842,1.2999999523162842,1.2699999809265137,1.2999999523162842,5140,0.0,0.0
2022-08-16 00:00:00+03:00,1.2999999523162842,1.2999999523162842,1.2999999523162842,1.2999999523162842,2368,0.0,0.0
2022-08-17 00:00:00+03:00,1.340000033378601,1.340000033378601,1.3300000429153442,1.3300000429153442,530,0.0,0.0
2022-08-18 00:00:00+03:00,1.340000033378601,1.3550000190734863,1.3300000429153442,1.340000033378601,1329,0.0,0.0
2022-08-19 00:00:00+03:00,1.3450000286102295,1.3450000286102295,1.2599999904632568,1.2949999570846558,2210,0.0,0.0
2022-08-22 00:00:00+03:00,1.2699999809265137,1.2699999809265137,1.2649999856948853,1.2649999856948853,300,0.0,0.0
2022-08-23 00:00:00+03:00,1.2699999809265137,1.2699999809265137,1.1950000524520874,1.2000000476837158,25268,0.0,0.0
2022-08-24 00:00:00+03:00,1.2000000476837158,1.2000000476837158,1.1549999713897705,1.159999966621399,5172,0.0,0.0
2022-08-25 00:00:00+03:00,1.1699999570846558,1.3450000286102295,1.1399999856948853,1.2949999570846558,1279,0.0,0.0
2022-08-26 00:00:00+03:00,1.1699999570846558,1.1699999570846558,1.1050000190734863,1.1050000190734863,12991,0.0,0.0
2022-08-29 00:00:00+03:00,1.1050000190734863,1.149999976158142,1.0499999523162842,1.0850000381469727,16969,0.0,0.0
2022-08-30 00:00:00+03:00,1.0850000381469727,1.100000023841858,1.0449999570846558,1.100000023841858,6742,0.0,0.0
2022-08-31 00:00:00+03:00,1.100000023841858,1.1100000143051147,1.0549999475479126,1.0800000429153442,4366,0.0,0.0
2022-09-01 00:00:00+03:00,1.0549999475479126,1.0800000429153442,1.0549999475479126,1.0700000524520874,3044,0.0,0.0
2022-09-02 00:00:00+03:00,1.0800000429153442,1.0800000429153442,1.0499999523162842,1.0499999523162842,8099,0.0,0.0
2022-09-05 00:00:00+03:00,1.0800000429153442,1.0800000429153442,1.0399999618530273,1.0399999618530273,1410,0.0,0.0
2022-09-06 00:00:00+03:00,1.0850000381469727,1.0850000381469727,1.024999976158142,1.024999976158142,2160,0.0,0.0
2022-09-07 00:00:00+03:00,1.024999976158142,1.0750000476837158,1.0049999952316284,1.0750000476837158,4005,0.0,0.0
2022-09-08 00:00:00+03:00,1.0750000476837158,1.0750000476837158,1.0149999856948853,1.0299999713897705,1778,0.0,0.0
2022-09-09 00:00:00+03:00,1.0750000476837158,1.0750000476837158,1.0199999809265137,1.0199999809265137,2054,0.0,0.0
2022-09-12 00:00:00+03:00,1.0199999809265137,1.0700000524520874,1.0199999809265137,1.0199999809265137,4100,0.0,0.0
2022-09-13 00:00:00+03:00,1.0199999809265137,1.0700000524520874,1.0149999856948853,1.0700000524520874,4538,0.0,0.0
2022-09-14 00:00:00+03:00,1.0750000476837158,1.0750000476837158,1.0149999856948853,1.065000057220459,970,0.0,0.0
2022-09-15 00:00:00+03:00,1.065000057220459,1.0700000524520874,1.065000057220459,1.0700000524520874,1500,0.0,0.0
2022-09-16 00:00:00+03:00,1.0299999713897705,1.0700000524520874,1.0099999904632568,1.059999942779541,1367,0.0,0.0
2022-09-19 00:00:00+03:00,1.065000057220459,1.065000057220459,1.065000057220459,1.065000057220459,70,0.0,0.0
2022-09-20 00:00:00+03:00,1.0299999713897705,1.0299999713897705,1.0049999952316284,1.024999976158142,7279,0.0,0.0
2022-09-21 00:00:00+03:00,1.024999976158142,1.024999976158142,0.9819999933242798,1.024999976158142,3071,0.0,0.0
2022-09-22 00:00:00+03:00,1.024999976158142,1.024999976158142,1.024999976158142,1.024999976158142,1269,0.0,0.0
2022-09-23 00:00:00+03:00,1.0,1.0,0.984000027179718,1.0,1106,0.0,0.0
2022-09-26 00:00:00+03:00,0.9760000109672546,0.9800000190734863,0.9459999799728394,0.9480000138282776,13843,0.0,0.0
2022-09-27 00:00:00+03:00,0.949999988079071,0.9580000042915344,0.9419999718666077,0.9440000057220459,5562,0.0,0.0
2022-09-28 00:00:00+03:00,0.9419999718666077,0.9419999718666077,0.8820000290870667,0.9020000100135803,22582,0.0,0.0
2022-09-29 00:00:00+03:00,0.9079999923706055,0.9179999828338623,0.8939999938011169,0.8939999938011169,5920,0.0,0.0
2022-09-30 00:00:00+03:00,0.8939999938011169,0.9200000166893005,0.8939999938011169,0.9179999828338623,3874,0.0,0.0
2022-10-03 00:00:00+03:00,0.8920000195503235,0.9139999747276306,0.8920000195503235,0.8920000195503235,3693,0.0,0.0
2022-10-04 00:00:00+03:00,0.9020000100135803,0.9200000166893005,0.8999999761581421,0.9200000166893005,4051,0.0,0.0
2022-10-05 00:00:00+03:00,0.9179999828338623,0.9200000166893005,0.8980000019073486,0.9179999828338623,3050,0.0,0.0
2022-10-06 00:00:00+03:00,0.8999999761581421,0.9179999828338623,0.8820000290870667,0.8820000290870667,3136,0.0,0.0
2022-10-07 00:00:00+03:00,0.8999999761581421,0.8999999761581421,0.8500000238418579,0.8539999723434448,8820,0.0,0.0
2022-10-10 00:00:00+03:00,0.8999999761581421,0.8999999761581421,0.8100000023841858,0.8100000023841858,14232,0.0,0.0
2022-10-11 00:00:00+03:00,0.8100000023841858,0.8299999833106995,0.8019999861717224,0.8299999833106995,2667,0.0,0.0
2022-10-12 00:00:00+03:00,0.8399999737739563,0.8859999775886536,0.8119999766349792,0.8140000104904175,2287,0.0,0.0
2022-10-13 00:00:00+03:00,0.8299999833106995,0.8299999833106995,0.8100000023841858,0.8100000023841858,2977,0.0,0.0
2022-10-14 00:00:00+03:00,0.8100000023841858,0.8479999899864197,0.8100000023841858,0.8479999899864197,2305,0.0,0.0
2022-10-17 00:00:00+03:00,0.8199999928474426,0.8999999761581421,0.8119999766349792,0.8960000276565552,9132,0.0,0.0
2022-10-18 00:00:00+03:00,0.8619999885559082,0.9200000166893005,0.8220000267028809,0.8320000171661377,15015,0.0,0.0
2022-10-19 00:00:00+03:00,0.9200000166893005,0.9200000166893005,0.8399999737739563,0.8399999737739563,1477,0.0,0.0
2022-10-20 00:00:00+03:00,0.8399999737739563,0.8899999856948853,0.8399999737739563,0.8899999856948853,6421,0.0,0.0
2022-10-21 00:00:00+03:00,0.8339999914169312,0.8880000114440918,0.8320000171661377,0.8880000114440918,1271,0.0,0.0
2022-10-24 00:00:00+03:00,0.8880000114440918,0.8880000114440918,0.8700000047683716,0.8700000047683716,1515,0.0,0.0
2022-10-25 00:00:00+03:00,0.8500000238418579,0.8500000238418579,0.8299999833106995,0.8299999833106995,2605,0.0,0.0
2022-10-26 00:00:00+03:00,0.8500000238418579,0.8880000114440918,0.8339999914169312,0.8500000238418579,6785,0.0,0.0
2022-10-27 00:00:00+03:00,0.8299999833106995,0.8500000238418579,0.8119999766349792,0.8500000238418579,6931,0.0,0.0
2022-10-28 00:00:00+03:00,0.8500000238418579,0.8500000238418579,0.8159999847412109,0.8159999847412109,1060,0.0,0.0
2022-10-31 00:00:00+02:00,0.8299999833106995,0.8840000033378601,0.8180000185966492,0.8500000238418579,2496,0.0,0.0
2022-11-01 00:00:00+02:00,0.8880000114440918,0.8980000019073486,0.8600000143051147,0.8939999938011169,1840,0.0,0.0
2022-11-02 00:00:00+02:00,0.8939999938011169,0.8980000019073486,0.8619999885559082,0.8700000047683716,5871,0.0,0.0
2022-11-03 00:00:00+02:00,0.871999979019165,0.8960000276565552,0.8700000047683716,0.8799999952316284,2237,0.0,0.0
2022-11-04 00:00:00+02:00,0.8679999709129333,0.9020000100135803,0.8659999966621399,0.9020000100135803,15427,0.0,0.0
2022-11-07 00:00:00+02:00,0.9039999842643738,0.9319999814033508,0.8500000238418579,0.8500000238418579,11716,0.0,0.0
2022-11-08 00:00:00+02:00,0.8519999980926514,0.8980000019073486,0.8500000238418579,0.8980000019073486,5435,0.0,0.0
2022-11-09 00:00:00+02:00,0.8980000019073486,0.8980000019073486,0.8960000276565552,0.8960000276565552,850,0.0,0.0
2022-11-10 00:00:00+02:00,0.8960000276565552,0.8960000276565552,0.8500000238418579,0.878000020980835,14810,0.0,0.0
2022-11-11 00:00:00+02:00,0.8519999980926514,0.878000020980835,0.8500000238418579,0.8759999871253967,12476,0.0,0.0
2022-11-14 00:00:00+02:00,0.8799999952316284,0.8799999952316284,0.8399999737739563,0.8500000238418579,16089,0.0,0.0
2022-11-15 00:00:00+02:00,0.8899999856948853,0.8999999761581421,0.8700000047683716,0.8899999856948853,3184,0.0,0.0
2022-11-16 00:00:00+02:00,0.8799999952316284,0.8999999761581421,0.8700000047683716,0.8960000276565552,4127,0.0,0.0
2022-11-17 00:00:00+02:00,0.8740000128746033,0.8939999938011169,0.8700000047683716,0.8939999938011169,1840,0.0,0.0
2022-11-18 00:00:00+02:00,0.8980000019073486,0.8980000019073486,0.8500000238418579,0.8500000238418579,1100,0.0,0.0
2022-11-21 00:00:00+02:00,0.8519999980926514,0.8880000114440918,0.8519999980926514,0.8880000114440918,359,0.0,0.0
2022-11-22 00:00:00+02:00,0.8640000224113464,0.8980000019073486,0.8640000224113464,0.8939999938011169,2177,0.0,0.0
2022-11-23 00:00:00+02:00,0.8939999938011169,0.8939999938011169,0.8519999980926514,0.8880000114440918,4284,0.0,0.0
2022-11-24 00:00:00+02:00,0.8880000114440918,0.8880000114440918,0.8539999723434448,0.8600000143051147,14800,0.0,0.0
2022-11-25 00:00:00+02:00,0.8600000143051147,0.9319999814033508,0.8539999723434448,0.8799999952316284,33995,0.0,0.0
2022-11-28 00:00:00+02:00,0.8999999761581421,0.8999999761581421,0.8740000128746033,0.8859999775886536,2177,0.0,0.0
2022-11-29 00:00:00+02:00,0.8999999761581421,0.8999999761581421,0.8519999980926514,0.8700000047683716,5708,0.0,0.0
2022-11-30 00:00:00+02:00,0.8679999709129333,0.8679999709129333,0.8539999723434448,0.8539999723434448,1297,0.0,0.0
2022-12-01 00:00:00+02:00,0.8679999709129333,0.8939999938011169,0.8539999723434448,0.8619999885559082,2610,0.0,0.0
2022-12-02 00:00:00+02:00,0.8960000276565552,0.8980000019073486,0.871999979019165,0.8799999952316284,4383,0.0,0.0
2022-12-05 00:00:00+02:00,0.8539999723434448,0.878000020980835,0.8519999980926514,0.8519999980926514,11078,0.0,0.0
2022-12-07 00:00:00+02:00,0.8519999980926514,0.8600000143051147,0.8519999980926514,0.8519999980926514,2813,0.0,0.0
2022-12-08 00:00:00+02:00,0.8539999723434448,0.8539999723434448,0.8299999833106995,0.8539999723434448,8612,0.0,0.0
2022-12-09 00:00:00+02:00,0.8619999885559082,0.8880000114440918,0.8519999980926514,0.8880000114440918,6090,0.0,0.0
2022-12-12 00:00:00+02:00,0.8999999761581421,0.8999999761581421,0.8360000252723694,0.8360000252723694,6261,0.0,0.0
2022-12-13 00:00:00+02:00,0.8799999952316284,0.8820000290870667,0.8379999995231628,0.8399999737739563,8655,0.0,0.0
2022-12-14 00:00:00+02:00,0.8399999737739563,0.8560000061988831,0.8399999737739563,0.8560000061988831,4428,0.0,0.0
2022-12-15 00:00:00+02:00,0.8420000076293945,0.8560000061988831,0.8379999995231628,0.8379999995231628,35340,0.0,0.0
2022-12-16 00:00:00+02:00,0.8399999737739563,0.8399999737739563,0.8119999766349792,0.8159999847412109,8375,0.0,0.0
2022-12-19 00:00:00+02:00,0.8040000200271606,0.8159999847412109,0.800000011920929,0.800000011920929,11717,0.0,0.0
2022-12-20 00:00:00+02:00,0.800000011920929,0.800000011920929,0.7139999866485596,0.75,16626,0.0,0.0
2022-12-21 00:00:00+02:00,0.75,0.7760000228881836,0.722000002861023,0.7699999809265137,18088,0.0,0.0
2022-12-22 00:00:00+02:00,0.7699999809265137,0.7879999876022339,0.7459999918937683,0.7599999904632568,11835,0.0,0.0
2022-12-23 00:00:00+02:00,0.7599999904632568,0.7599999904632568,0.75,0.7599999904632568,11703,0.0,0.0
2022-12-27 00:00:00+02:00,0.7379999756813049,0.7599999904632568,0.7379999756813049,0.7519999742507935,23628,0.0,0.0
2022-12-28 00:00:00+02:00,0.7599999904632568,0.7599999904632568,0.7319999933242798,0.734000027179718,12814,0.0,0.0
2022-12-29 00:00:00+02:00,0.75,0.7960000038146973,0.75,0.7799999713897705,7780,0.0,0.0
2022-12-30 00:00:00+02:00,0.7960000038146973,0.7960000038146973,0.7519999742507935,0.7519999742507935,31612,0.0,0.0
2023-01-02 00:00:00+02:00,0.75,0.75,0.7200000286102295,0.7300000190734863,5572,0.0,0.0
2023-01-03 00:00:00+02:00,0.7300000190734863,0.765999972820282,0.7300000190734863,0.7559999823570251,13722,0.0,0.0
2023-01-04 00:00:00+02:00,0.7680000066757202,0.7680000066757202,0.722000002861023,0.7400000095367432,5979,0.0,0.0
2023-01-05 00:00:00+02:00,0.75,0.800000011920929,0.7480000257492065,0.7879999876022339,1442,0.0,0.0
2023-01-09 00:00:00+02:00,0.7900000214576721,0.7919999957084656,0.7459999918937683,0.7580000162124634,10675,0.0,0.0
2023-01-10 00:00:00+02:00,0.7480000257492065,0.7879999876022339,0.7459999918937683,0.765999972820282,8264,0.0,0.0
2023-01-11 00:00:00+02:00,0.7599999904632568,0.777999997138977,0.7400000095367432,0.7739999890327454,8243,0.0,0.0
2023-01-12 00:00:00+02:00,0.7400000095367432,0.7799999713897705,0.7400000095367432,0.7599999904632568,2301,0.0,0.0
2023-01-13 00:00:00+02:00,0.7799999713897705,0.7799999713897705,0.7419999837875366,0.7419999837875366,1675,0.0,0.0
2023-01-16 00:00:00+02:00,0.7680000066757202,0.7680000066757202,0.734000027179718,0.734000027179718,4343,0.0,0.0
2023-01-17 00:00:00+02:00,0.734000027179718,0.7720000147819519,0.722000002861023,0.734000027179718,2400,0.0,0.0
2023-01-18 00:00:00+02:00,0.734000027179718,0.765999972820282,0.7300000190734863,0.7360000014305115,5171,0.0,0.0
2023-01-19 00:00:00+02:00,0.7379999756813049,0.7559999823570251,0.7319999933242798,0.7559999823570251,2353,0.0,0.0
2023-01-20 00:00:00+02:00,0.75,0.7540000081062317,0.7239999771118164,0.7519999742507935,8031,0.0,0.0
2023-01-23 00:00:00+02:00,0.75,0.800000011920929,0.75,0.7879999876022339,8028,0.0,0.0
2023-01-24 00:00:00+02:00,0.7900000214576721,0.7900000214576721,0.734000027179718,0.7699999809265137,4101,0.0,0.0
2023-01-25 00:00:00+02:00,0.7599999904632568,0.7699999809265137,0.7440000176429749,0.7459999918937683,9177,0.0,0.0
2023-01-26 00:00:00+02:00,0.7860000133514404,0.800000011920929,0.75,0.7699999809265137,4395,0.0,0.0
2023-01-27 00:00:00+02:00,0.800000011920929,0.8100000023841858,0.7699999809265137,0.7879999876022339,16728,0.0,0.0
2023-01-30 00:00:00+02:00,0.800000011920929,0.800000011920929,0.7580000162124634,0.7699999809265137,5261,0.0,0.0
2023-01-31 00:00:00+02:00,0.7699999809265137,0.7860000133514404,0.7540000081062317,0.7860000133514404,2093,0.0,0.0
2023-02-01 00:00:00+02:00,0.7540000081062317,0.8100000023841858,0.7540000081062317,0.800000011920929,5930,0.0,0.0
2023-02-02 00:00:00+02:00,0.765999972820282,0.800000011920929,0.765999972820282,0.7960000038146973,4505,0.0,0.0
2023-02-03 00:00:00+02:00,0.7960000038146973,0.8240000009536743,0.7739999890327454,0.8159999847412109,2634,0.0,0.0
2023-02-06 00:00:00+02:00,0.8180000185966492,0.8180000185966492,0.7860000133514404,0.7900000214576721,2901,0.0,0.0
2023-02-07 00:00:00+02:00,0.7900000214576721,0.8500000238418579,0.7860000133514404,0.7940000295639038,8103,0.0,0.0
2023-02-08 00:00:00+02:00,0.7940000295639038,0.8379999995231628,0.7739999890327454,0.8100000023841858,18572,0.0,0.0
2023-02-09 00:00:00+02:00,0.8100000023841858,0.8100000023841858,0.7839999794960022,0.7839999794960022,3773,0.0,0.0
2023-02-10 00:00:00+02:00,0.7839999794960022,0.7900000214576721,0.7799999713897705,0.7799999713897705,3086,0.0,0.0
2023-02-13 00:00:00+02:00,0.7799999713897705,0.7900000214576721,0.7799999713897705,0.7900000214576721,3783,0.0,0.0
2023-02-14 00:00:00+02:00,0.8080000281333923,0.8080000281333923,0.7760000228881836,0.8080000281333923,997,0.0,0.0
2023-02-15 00:00:00+02:00,0.7979999780654907,0.7979999780654907,0.7720000147819519,0.7919999957084656,3724,0.0,0.0
2023-02-16 00:00:00+02:00,0.7839999794960022,0.8080000281333923,0.7699999809265137,0.7699999809265137,3039,0.0,0.0
2023-02-17 00:00:00+02:00,0.7519999742507935,0.8059999942779541,0.7519999742507935,0.7720000147819519,5549,0.0,0.0
2023-02-20 00:00:00+02:00,0.7720000147819519,0.7900000214576721,0.7720000147819519,0.7820000052452087,5417,0.0,0.0
2023-02-21 00:00:00+02:00,0.7820000052452087,0.8299999833106995,0.7820000052452087,0.828000009059906,12410,0.0,0.0
2023-02-22 00:00:00+02:00,0.8339999914169312,0.8999999761581421,0.8019999861717224,0.8360000252723694,19573,0.0,0.0
2023-02-23 00:00:00+02:00,0.8360000252723694,0.8999999761581421,0.8360000252723694,0.8999999761581421,2200,0.0,0.0
2023-02-24 00:00:00+02:00,0.9480000138282776,0.9480000138282776,0.8019999861717224,0.8539999723434448,11581,0.0,0.0
2023-02-27 00:00:00+02:00,0.8980000019073486,0.8980000019073486,0.8259999752044678,0.878000020980835,4070,0.0,0.0
2023-02-28 00:00:00+02:00,0.8700000047683716,0.9520000219345093,0.8700000047683716,0.8759999871253967,9891,0.0,0.0
2023-03-01 00:00:00+02:00,0.8759999871253967,0.9100000262260437,0.8399999737739563,0.8399999737739563,15854,0.0,0.0
2023-03-02 00:00:00+02:00,0.8920000195503235,0.8920000195503235,0.8519999980926514,0.8799999952316284,4510,0.0,0.0
2023-03-03 00:00:00+02:00,0.878000020980835,0.878000020980835,0.734000027179718,0.7799999713897705,32536,0.0,0.0
2023-03-06 00:00:00+02:00,0.7799999713897705,0.7860000133514404,0.7360000014305115,0.7360000014305115,6743,0.0,0.0
2023-03-07 00:00:00+02:00,0.7480000257492065,0.7599999904632568,0.7200000286102295,0.7599999904632568,10663,0.0,0.0
2023-03-08 00:00:00+02:00,0.7300000190734863,0.75,0.722000002861023,0.7300000190734863,4249,0.0,0.0
2023-03-09 00:00:00+02:00,0.75,0.75,0.7400000095367432,0.7400000095367432,4452,0.0,0.0
2023-03-10 00:00:00+02:00,0.7319999933242798,0.7400000095367432,0.7319999933242798,0.7400000095367432,1499,0.0,0.0
2023-03-13 00:00:00+02:00,0.734000027179718,0.7360000014305115,0.699999988079071,0.7179999947547913,7984,0.0,0.0
2023-03-14 00:00:00+02:00,0.7080000042915344,0.7080000042915344,0.6840000152587891,0.6859999895095825,8451,0.0,0.0
2023-03-15 00:00:00+02:00,0.699999988079071,0.699999988079071,0.6800000071525574,0.6800000071525574,5745,0.0,0.0
2023-03-16 00:00:00+02:00,0.6539999842643738,0.699999988079071,0.6299999952316284,0.6499999761581421,6676,0.0,0.0
2023-03-17 00:00:00+02:00,0.6499999761581421,0.6980000138282776,0.6499999761581421,0.6740000247955322,6260,0.0,0.0
2023-03-20 00:00:00+02:00,0.6740000247955322,0.6980000138282776,0.6299999952316284,0.6980000138282776,5158,0.0,0.0
2023-03-21 00:00:00+02:00,0.699999988079071,0.699999988079071,0.671999990940094,0.699999988079071,5005,0.0,0.0
2023-03-22 00:00:00+02:00,0.699999988079071,0.699999988079071,0.6700000166893005,0.6980000138282776,3005,0.0,0.0
2023-03-23 00:00:00+02:00,0.6800000071525574,0.7099999785423279,0.6800000071525574,0.7099999785423279,9906,0.0,0.0
2023-03-24 00:00:00+02:00,0.7099999785423279,0.7720000147819519,0.699999988079071,0.7639999985694885,11516,0.0,0.0
2023-03-27 00:00:00+03:00,0.7519999742507935,0.7720000147819519,0.7200000286102295,0.7720000147819519,6531,0.0,0.0
2023-03-28 00:00:00+03:00,0.699999988079071,0.765999972820282,0.699999988079071,0.765999972820282,265,0.0,0.0
2023-03-29 00:00:00+03:00,0.7139999866485596,0.765999972820282,0.7139999866485596,0.7639999985694885,4057,0.0,0.0
2023-03-30 00:00:00+03:00,0.7099999785423279,0.75,0.6539999842643738,0.7480000257492065,3322,0.0,0.0
2023-03-31 00:00:00+03:00,0.7020000219345093,0.7379999756813049,0.6800000071525574,0.6800000071525574,1329,0.0,0.0
2023-04-03 00:00:00+03:00,0.7400000095367432,0.7580000162124634,0.7020000219345093,0.7580000162124634,3445,0.0,0.0
2023-04-04 00:00:00+03:00,0.7580000162124634,0.7580000162124634,0.7580000162124634,0.7580000162124634,0,0.0,0.0
2023-04-05 00:00:00+03:00,0.7580000162124634,0.7599999904632568,0.7580000162124634,0.7580000162124634,2090,0.0,0.0
2023-04-06 00:00:00+03:00,0.7620000243186951,0.8100000023841858,0.7620000243186951,0.7639999985694885,3975,0.0,0.0
2023-04-11 00:00:00+03:00,0.7979999780654907,0.7979999780654907,0.7020000219345093,0.7559999823570251,2213,0.0,0.0
2023-04-12 00:00:00+03:00,0.7839999794960022,0.7839999794960022,0.722000002861023,0.722000002861023,2166,0.0,0.0
2023-04-13 00:00:00+03:00,0.722000002861023,0.7480000257492065,0.722000002861023,0.7480000257492065,724,0.0,0.0
2023-04-14 00:00:00+03:00,0.7200000286102295,0.777999997138977,0.7139999866485596,0.7400000095367432,3848,0.0,0.0
2023-04-17 00:00:00+03:00,0.7419999837875366,0.7419999837875366,0.7419999837875366,0.7419999837875366,280,0.0,0.0
2023-04-18 00:00:00+03:00,0.7440000176429749,0.7760000228881836,0.7440000176429749,0.75,2150,0.0,0.0
2023-04-19 00:00:00+03:00,0.7519999742507935,0.7739999890327454,0.7519999742507935,0.7739999890327454,1364,0.0,0.0
2023-04-20 00:00:00+03:00,0.7739999890327454,0.7739999890327454,0.7599999904632568,0.7599999904632568,1170,0.0,0.0
2023-04-21 00:00:00+03:00,0.7599999904632568,0.7599999904632568,0.7440000176429749,0.7559999823570251,11933,0.0,0.0
2023-04-24 00:00:00+03:00,0.7360000014305115,0.7360000014305115,0.7099999785423279,0.722000002861023,1207,0.0,0.0
2023-04-25 00:00:00+03:00,0.722000002861023,0.7480000257492065,0.7120000123977661,0.7480000257492065,1001,0.0,0.0
2023-04-26 00:00:00+03:00,0.7260000109672546,0.7400000095367432,0.7099999785423279,0.7300000190734863,1926,0.0,0.0
2023-04-27 00:00:00+03:00,0.7400000095367432,0.7400000095367432,0.7300000190734863,0.7319999933242798,1121,0.0,0.0
2023-04-28 00:00:00+03:00,0.7319999933242798,0.7400000095367432,0.7039999961853027,0.7400000095367432,4325,0.0,0.0
2023-05-02 00:00:00+03:00,0.75,0.75,0.7039999961853027,0.7099999785423279,2050,0.0,0.0
2023-05-03 00:00:00+03:00,0.7360000014305115,0.7360000014305115,0.7360000014305115,0.7360000014305115,40,0.0,0.0
2023-05-04 00:00:00+03:00,0.7099999785423279,0.7300000190734863,0.7039999961853027,0.7300000190734863,1226,0.0,0.0
2023-05-05 00:00:00+03:00,0.699999988079071,0.699999988079071,0.6779999732971191,0.6779999732971191,3826,0.0,0.0
2023-05-08 00:00:00+03:00,0.6779999732971191,0.6800000071525574,0.6539999842643738,0.6700000166893005,2795,0.0,0.0
2023-05-09 00:00:00+03:00,0.6700000166893005,0.6959999799728394,0.656000018119812,0.6940000057220459,4998,0.0,0.0
2023-05-10 00:00:00+03:00,0.6579999923706055,0.6919999718666077,0.6579999923706055,0.6919999718666077,2474,0.0,0.0
2023-05-11 00:00:00+03:00,0.656000018119812,0.6899999976158142,0.6539999842643738,0.6899999976158142,22035,0.0,0.0
2023-05-12 00:00:00+03:00,0.6899999976158142,0.6899999976158142,0.6539999842643738,0.6859999895095825,1228,0.0,0.0
2023-05-15 00:00:00+03:00,0.6840000152587891,0.6840000152587891,0.6520000100135803,0.6740000247955322,290,0.0,0.0
2023-05-16 00:00:00+03:00,0.6700000166893005,0.7099999785423279,0.6340000033378601,0.7099999785423279,22415,0.0,0.0
2023-05-17 00:00:00+03:00,0.7080000042915344,0.8119999766349792,0.7080000042915344,0.800000011920929,16644,0.0,0.0
2023-05-19 00:00:00+03:00,0.800000011920929,0.800000011920929,0.7300000190734863,0.7979999780654907,3150,0.0,0.0
2023-05-22 00:00:00+03:00,0.800000011920929,0.8080000281333923,0.7979999780654907,0.7979999780654907,3299,0.0,0.0
2023-05-23 00:00:00+03:00,0.7879999876022339,0.8040000200271606,0.7519999742507935,0.8040000200271606,3784,0.0,0.0
2023-05-24 00:00:00+03:00,0.7540000081062317,0.7540000081062317,0.7400000095367432,0.7400000095367432,220,0.0,0.0
2023-05-25 00:00:00+03:00,0.722000002861023,0.7979999780654907,0.7120000123977661,0.7979999780654907,2497,0.0,0.0
2023-05-26 00:00:00+03:00,0.699999988079071,0.7699999809265137,0.699999988079071,0.75,3947,0.0,0.0
2023-05-29 00:00:00+03:00,0.7979999780654907,0.7979999780654907,0.699999988079071,0.7160000205039978,1596,0.0,0.0
2023-05-30 00:00:00+03:00,0.7080000042915344,0.7300000190734863,0.7020000219345093,0.7120000123977661,22761,0.0,0.0
2023-05-31 00:00:00+03:00,0.734000027179718,0.7860000133514404,0.7200000286102295,0.7260000109672546,9727,0.0,0.0
2023-06-01 00:00:00+03:00,0.7099999785423279,0.7260000109672546,0.7020000219345093,0.7260000109672546,1793,0.0,0.0
2023-06-02 00:00:00+03:00,0.699999988079071,0.7860000133514404,0.6899999976158142,0.7020000219345093,1711,0.0,0.0
2023-06-05 00:00:00+03:00,0.699999988079071,0.75,0.699999988079071,0.75,4252,0.0,0.0
2023-06-06 00:00:00+03:00,0.7059999704360962,0.7059999704360962,0.7059999704360962,0.7059999704360962,1500,0.0,0.0
2023-06-07 00:00:00+03:00,0.722000002861023,0.75,0.722000002861023,0.75,2125,0.0,0.0
2023-06-08 00:00:00+03:00,0.7020000219345093,0.7020000219345093,0.7020000219345093,0.7020000219345093,200,0.0,0.0
2023-06-09 00:00:00+03:00,0.765999972820282,0.765999972820282,0.765999972820282,0.765999972820282,261,0.0,0.0
2023-06-12 00:00:00+03:00,0.765999972820282,0.765999972820282,0.7179999947547913,0.7260000109672546,1119,0.0,0.0
2023-06-13 00:00:00+03:00,0.722000002861023,0.7519999742507935,0.722000002861023,0.7519999742507935,16031,0.0,0.0
2023-06-14 00:00:00+03:00,0.722000002861023,0.7540000081062317,0.7099999785423279,0.7519999742507935,3090,0.0,0.0
2023-06-15 00:00:00+03:00,0.75,0.75,0.7480000257492065,0.7480000257492065,115,0.0,0.0
2023-06-16 00:00:00+03:00,0.7360000014305115,0.7480000257492065,0.7200000286102295,0.7480000257492065,1908,0.0,0.0
2023-06-19 00:00:00+03:00,0.7480000257492065,0.7680000066757202,0.722000002861023,0.7360000014305115,2251,0.0,0.0
2023-06-20 00:00:00+03:00,0.7279999852180481,0.7300000190734863,0.7279999852180481,0.7300000190734863,500,0.0,0.0
2023-06-21 00:00:00+03:00,0.7300000190734863,0.7300000190734863,0.6800000071525574,0.6819999814033508,7320,0.0,0.0
2023-06-22 00:00:00+03:00,0.7099999785423279,0.7400000095367432,0.6880000233650208,0.7400000095367432,1291,0.0,0.0
2023-06-26 00:00:00+03:00,0.699999988079071,0.7020000219345093,0.6980000138282776,0.7020000219345093,1398,0.0,0.0
2023-06-27 00:00:00+03:00,0.6740000247955322,0.7020000219345093,0.671999990940094,0.7020000219345093,1474,0.0,0.0
2023-06-28 00:00:00+03:00,0.6740000247955322,0.6740000247955322,0.6420000195503235,0.6600000262260437,720,0.0,0.0
2023-06-29 00:00:00+03:00,0.6660000085830688,0.699999988079071,0.6499999761581421,0.699999988079071,1470,0.0,0.0
2023-06-30 00:00:00+03:00,0.699999988079071,0.7020000219345093,0.699999988079071,0.699999988079071,2510,0.0,0.0
2023-07-03 00:00:00+03:00,0.6919999718666077,0.6919999718666077,0.6499999761581421,0.6620000004768372,1799,0.0,0.0
2023-07-04 00:00:00+03:00,0.6499999761581421,0.6499999761581421,0.6499999761581421,0.6499999761581421,10,0.0,0.0
2023-07-05 00:00:00+03:00,0.6899999976158142,0.7459999918937683,0.6899999976158142,0.7099999785423279,1405,0.0,0.0
2023-07-06 00:00:00+03:00,0.7099999785423279,0.7099999785423279,0.6800000071525574,0.6800000071525574,350,0.0,0.0
2023-07-07 00:00:00+03:00,0.6800000071525574,0.6800000071525574,0.6539999842643738,0.6539999842643738,793,0.0,0.0
2023-07-10 00:00:00+03:00,0.6480000019073486,0.7020000219345093,0.6340000033378601,0.6759999990463257,11198,0.0,0.0
2023-07-11 00:00:00+03:00,0.6759999990463257,0.6819999814033508,0.656000018119812,0.656000018119812,2968,0.0,0.0
2023-07-12 00:00:00+03:00,0.6539999842643738,0.6539999842643738,0.6359999775886536,0.6539999842643738,870,0.0,0.0
2023-07-13 00:00:00+03:00,0.6480000019073486,0.671999990940094,0.6480000019073486,0.6520000100135803,2083,0.0,0.0
2023-07-14 00:00:00+03:00,0.6480000019073486,0.6800000071525574,0.6480000019073486,0.6800000071525574,1202,0.0,0.0
2023-07-17 00:00:00+03:00,0.6800000071525574,0.699999988079071,0.6740000247955322,0.6940000057220459,3977,0.0,0.0
2023-07-18 00:00:00+03:00,0.6340000033378601,0.6520000100135803,0.6340000033378601,0.6520000100135803,210,0.0,0.0
2023-07-19 00:00:00+03:00,0.6520000100135803,0.6779999732971191,0.6520000100135803,0.6779999732971191,3967,0.0,0.0
2023-07-20 00:00:00+03:00,0.6520000100135803,0.6800000071525574,0.6520000100135803,0.6800000071525574,5335,0.0,0.0
2023-07-21 00:00:00+03:00,0.6800000071525574,0.6800000071525574,0.6620000004768372,0.6620000004768372,3271,0.0,0.0
2023-07-24 00:00:00+03:00,0.6600000262260437,0.6800000071525574,0.6600000262260437,0.6800000071525574,5182,0.0,0.0
2023-07-25 00:00:00+03:00,0.6620000004768372,0.6800000071525574,0.6620000004768372,0.6800000071525574,5760,0.0,0.0
2023-07-26 00:00:00+03:00,0.6800000071525574,0.6800000071525574,0.6800000071525574,0.6800000071525574,1000,0.0,0.0
2023-07-27 00:00:00+03:00,0.6700000166893005,0.6980000138282776,0.6700000166893005,0.6980000138282776,1288,0.0,0.0
2023-07-28 00:00:00+03:00,0.6639999747276306,0.6660000085830688,0.6639999747276306,0.6660000085830688,1010,0.0,0.0
2023-07-31 00:00:00+03:00,0.6499999761581421,0.6499999761581421,0.6499999761581421,0.6499999761581421,100,0.0,0.0
2023-08-01 00:00:00+03:00,0.6520000100135803,0.6800000071525574,0.6520000100135803,0.6800000071525574,5031,0.0,0.0
2023-08-02 00:00:00+03:00,0.6980000138282776,0.6980000138282776,0.6520000100135803,0.6539999842643738,3001,0.0,0.0
2023-08-03 00:00:00+03:00,0.6959999799728394,0.6959999799728394,0.6700000166893005,0.6859999895095825,5098,0.0,0.0
2023-08-04 00:00:00+03:00,0.6539999842643738,0.671999990940094,0.6539999842643738,0.656000018119812,720,0.0,0.0
2023-08-07 00:00:00+03:00,0.656000018119812,0.6660000085830688,0.656000018119812,0.6660000085830688,1354,0.0,0.0
2023-08-08 00:00:00+03:00,0.6660000085830688,0.6800000071525574,0.656000018119812,0.6579999923706055,9350,0.0,0.0
2023-08-09 00:00:00+03:00,0.6520000100135803,0.6800000071525574,0.6520000100135803,0.656000018119812,3970,0.0,0.0
2023-08-10 00:00:00+03:00,0.6579999923706055,0.6660000085830688,0.6579999923706055,0.6660000085830688,5744,0.0,0.0
2023-08-11 00:00:00+03:00,0.6660000085830688,0.699999988079071,0.6520000100135803,0.6679999828338623,19177,0.0,0.0
2023-08-14 00:00:00+03:00,0.6679999828338623,0.6679999828338623,0.6520000100135803,0.6520000100135803,4005,0.0,0.0
2023-08-15 00:00:00+03:00,0.6520000100135803,0.6520000100135803,0.6520000100135803,0.6520000100135803,500,0.0,0.0
2023-08-16 00:00:00+03:00,0.6520000100135803,0.6520000100135803,0.6520000100135803,0.6520000100135803,250,0.0,0.0
2023-08-17 00:00:00+03:00,0.6539999842643738,0.6800000071525574,0.6520000100135803,0.671999990940094,12669,0.0,0.0
2023-08-18 00:00:00+03:00,0.6579999923706055,0.6579999923706055,0.6520000100135803,0.656000018119812,1685,0.0,0.0
2023-08-21 00:00:00+03:00,0.656000018119812,0.6800000071525574,0.6520000100135803,0.656000018119812,5332,0.0,0.0
2023-08-22 00:00:00+03:00,0.6499999761581421,0.6660000085830688,0.6499999761581421,0.6520000100135803,3050,0.0,0.0
2023-08-23 00:00:00+03:00,0.6499999761581421,0.6819999814033508,0.6499999761581421,0.6499999761581421,2670,0.0,0.0
2023-08-24 00:00:00+03:00,0.6499999761581421,0.7459999918937683,0.6499999761581421,0.734000027179718,58494,0.0,0.0
2023-08-25 00:00:00+03:00,0.734000027179718,0.734000027179718,0.6800000071525574,0.734000027179718,7383,0.0,0.0
2023-08-28 00:00:00+03:00,0.7020000219345093,0.7020000219345093,0.6819999814033508,0.7020000219345093,1230,0.0,0.0
2023-08-29 00:00:00+03:00,0.6840000152587891,0.6899999976158142,0.6679999828338623,0.671999990940094,37163,0.0,0.0
2023-08-30 00:00:00+03:00,0.6880000233650208,0.6880000233650208,0.6679999828338623,0.6740000247955322,6490,0.0,0.0
2023-08-31 00:00:00+03:00,0.6639999747276306,0.699999988079071,0.6639999747276306,0.699999988079071,15955,0.0,0.0
2023-09-01 00:00:00+03:00,0.6679999828338623,0.7099999785423279,0.6679999828338623,0.7080000042915344,5817,0.0,0.0
2023-09-04 00:00:00+03:00,0.6600000262260437,0.6899999976158142,0.6600000262260437,0.6679999828338623,4890,0.0,0.0
2023-09-05 00:00:00+03:00,0.6620000004768372,0.6620000004768372,0.6539999842643738,0.6539999842643738,4280,0.0,0.0
2023-09-06 00:00:00+03:00,0.6700000166893005,0.6859999895095825,0.6460000276565552,0.6859999895095825,1350,0.0,0.0
2023-09-07 00:00:00+03:00,0.6600000262260437,0.6779999732971191,0.6460000276565552,0.6759999990463257,1740,0.0,0.0
2023-09-08 00:00:00+03:00,0.6460000276565552,0.6679999828338623,0.6460000276565552,0.6679999828338623,4320,0.0,0.0
2023-09-11 00:00:00+03:00,0.6480000019073486,0.6840000152587891,0.6460000276565552,0.6520000100135803,2584,0.0,0.0
2023-09-12 00:00:00+03:00,0.6520000100135803,0.6620000004768372,0.6499999761581421,0.6499999761581421,2812,0.0,0.0
2023-09-13 00:00:00+03:00,0.6520000100135803,0.6520000100135803,0.6179999709129333,0.6499999761581421,23610,0.0,0.0
2023-09-14 00:00:00+03:00,0.6499999761581421,0.6499999761581421,0.6019999980926514,0.6320000290870667,19637,0.0,0.0
2023-09-15 00:00:00+03:00,0.6140000224113464,0.6539999842643738,0.6140000224113464,0.6320000290870667,20884,0.0,0.0
2023-09-18 00:00:00+03:00,0.6320000290870667,0.6320000290870667,0.6159999966621399,0.6320000290870667,1944,0.0,0.0
2023-09-19 00:00:00+03:00,0.6399999856948853,0.6819999814033508,0.6200000047683716,0.6819999814033508,3686,0.0,0.0
2023-09-20 00:00:00+03:00,0.621999979019165,0.734000027179718,0.621999979019165,0.6420000195503235,4855,0.0,0.0
2023-09-21 00:00:00+03:00,0.6819999814033508,0.6819999814033508,0.6359999775886536,0.6660000085830688,3294,0.0,0.0
2023-09-22 00:00:00+03:00,0.6639999747276306,0.6639999747276306,0.6240000128746033,0.628000020980835,4241,0.0,0.0
2023-09-25 00:00:00+03:00,0.6240000128746033,0.6499999761581421,0.6140000224113464,0.6140000224113464,3301,0.0,0.0
2023-09-26 00:00:00+03:00,0.6119999885559082,0.6200000047683716,0.6000000238418579,0.6200000047683716,5386,0.0,0.0
2023-09-27 00:00:00+03:00,0.6179999709129333,0.6200000047683716,0.5720000267028809,0.5820000171661377,12429,0.0,0.0
2023-09-28 00:00:00+03:00,0.5820000171661377,0.6179999709129333,0.5799999833106995,0.6179999709129333,20375,0.0,0.0
2023-09-29 00:00:00+03:00,0.6000000238418579,0.6140000224113464,0.5899999737739563,0.593999981880188,7043,0.0,0.0
2023-10-02 00:00:00+03:00,0.593999981880188,0.593999981880188,0.5820000171661377,0.5839999914169312,2843,0.0,0.0
2023-10-03 00:00:00+03:00,0.5799999833106995,0.6140000224113464,0.5799999833106995,0.5920000076293945,4670,0.0,0.0
2023-10-04 00:00:00+03:00,0.6140000224113464,0.6299999952316284,0.5920000076293945,0.628000020980835,7219,0.0,0.0
2023-10-05 00:00:00+03:00,0.628000020980835,0.628000020980835,0.628000020980835,0.628000020980835,0,0.0,0.0
2023-10-06 00:00:00+03:00,0.5799999833106995,0.6299999952316284,0.5799999833106995,0.6299999952316284,590,0.0,0.0
2023-10-09 00:00:00+03:00,0.5860000252723694,0.6039999723434448,0.5860000252723694,0.5920000076293945,2561,0.0,0.0
2023-10-10 00:00:00+03:00,0.5899999737739563,0.6000000238418579,0.5820000171661377,0.6000000238418579,8741,0.0,0.0
2023-10-11 00:00:00+03:00,0.6019999980926514,0.6100000143051147,0.5920000076293945,0.6000000238418579,17656,0.0,0.0
2023-10-12 00:00:00+03:00,0.621999979019165,0.6499999761581421,0.6039999723434448,0.6499999761581421,27778,0.0,0.0
2023-10-13 00:00:00+03:00,0.6499999761581421,0.6660000085830688,0.5979999899864197,0.6660000085830688,2260,0.0,0.0
2023-10-16 00:00:00+03:00,0.6399999856948853,0.6679999828338623,0.6019999980926514,0.6060000061988831,4220,0.0,0.0
2023-10-17 00:00:00+03:00,0.6119999885559082,0.6119999885559082,0.6100000143051147,0.6100000143051147,3042,0.0,0.0
2023-10-18 00:00:00+03:00,0.6100000143051147,0.6620000004768372,0.5899999737739563,0.621999979019165,7243,0.0,0.0
2023-10-19 00:00:00+03:00,0.656000018119812,0.656000018119812,0.6159999966621399,0.6380000114440918,3124,0.0,0.0
2023-10-20 00:00:00+03:00,0.6299999952316284,0.6299999952316284,0.6299999952316284,0.6299999952316284,663,0.0,0.0
2023-10-23 00:00:00+03:00,0.628000020980835,0.6299999952316284,0.628000020980835,0.6299999952316284,1754,0.0,0.0
2023-10-24 00:00:00+03:00,0.6600000262260437,0.6600000262260437,0.6380000114440918,0.6380000114440918,10215,0.0,0.0
2023-10-25 00:00:00+03:00,0.6639999747276306,0.6639999747276306,0.6299999952316284,0.6299999952316284,8109,0.0,0.0
2023-10-26 00:00:00+03:00,0.6639999747276306,0.6639999747276306,0.5899999737739563,0.628000020980835,1743,0.0,0.0
2023-10-27 00:00:00+03:00,0.5799999833106995,0.6380000114440918,0.5799999833106995,0.6259999871253967,1810,0.0,0.0
2023-10-30 00:00:00+02:00,0.628000020980835,0.6480000019073486,0.628000020980835,0.6480000019073486,2100,0.0,0.0
2023-10-31 00:00:00+02:00,0.6200000047683716,0.6380000114440918,0.6200000047683716,0.6380000114440918,2700,0.0,0.0
2023-11-01 00:00:00+02:00,0.6119999885559082,0.6480000019073486,0.6119999885559082,0.6480000019073486,3220,0.0,0.0
2023-11-02 00:00:00+02:00,0.6480000019073486,0.6800000071525574,0.6480000019073486,0.6480000019073486,6952,0.0,0.0
2023-11-03 00:00:00+02:00,0.6000000238418579,0.699999988079071,0.5860000252723694,0.6980000138282776,15423,0.0,0.0
2023-11-06 00:00:00+02:00,0.6079999804496765,0.6499999761581421,0.6079999804496765,0.6200000047683716,1730,0.0,0.0
2023-11-07 00:00:00+02:00,0.6200000047683716,0.6240000128746033,0.6200000047683716,0.6240000128746033,970,0.0,0.0
2023-11-08 00:00:00+02:00,0.6980000138282776,0.6980000138282776,0.6200000047683716,0.621999979019165,4020,0.0,0.0
2023-11-09 00:00:00+02:00,0.6299999952316284,0.6299999952316284,0.6299999952316284,0.6299999952316284,240,0.0,0.0
2023-11-10 00:00:00+02:00,0.6499999761581421,0.7279999852180481,0.6499999761581421,0.6700000166893005,10589,0.0,0.0
2023-11-13 00:00:00+02:00,0.699999988079071,0.7279999852180481,0.6779999732971191,0.6980000138282776,5431,0.0,0.0
