Date,Open,High,Low,Close,Volume,Dividends,Stock Splits
2021-06-21 00:00:00+03:00,8.15577002279899,8.15577002279899,7.719816238492245,7.881462097167969,44168,0.0,0.0
2021-06-22 00:00:00+03:00,7.876563742783949,7.876563742783949,7.76879967966805,7.774677753448486,14649,0.0,0.0
2021-06-23 00:00:00+03:00,7.739410169675981,7.88636108733734,7.739410169675981,7.788393497467041,9361,0.0,0.0
2021-06-24 00:00:00+03:00,7.788393497467041,7.88636108733734,7.641443046949772,7.788393497467041,10594,0.0,0.0
2021-06-28 00:00:00+03:00,7.788393445969632,7.788393445969632,7.445508285123036,7.592459201812744,6534,0.0,0.0
2021-06-29 00:00:00+03:00,7.494492104826987,7.739410144415163,7.445508310051717,7.690426349639893,9750,0.0,0.0
2021-06-30 00:00:00+03:00,7.739409894975307,7.739409894975307,7.641442775726318,7.641442775726318,4319,0.0,0.0
2021-07-01 00:00:00+03:00,7.64144280394273,7.7883932497867985,7.64144280394273,7.739409923553467,4238,0.0,0.0
2021-07-02 00:00:00+03:00,7.739410169675981,7.9353448822724895,7.739410169675981,7.788393497467041,9251,0.0,0.0
2021-07-05 00:00:00+03:00,7.592459252014622,7.88636108733734,7.592459252014622,7.788393497467041,3168,0.0,0.0
2021-07-06 00:00:00+03:00,7.739410144415163,7.788393472046345,7.64144302200871,7.690426349639893,1741,0.0,0.0
2021-07-07 00:00:00+03:00,7.64144302200871,7.739410144415163,7.64144302200871,7.690426349639893,1976,0.0,0.0
2021-07-08 00:00:00+03:00,7.690426349639893,7.690426349639893,7.445508310051717,7.690426349639893,6943,0.0,0.0
2021-07-09 00:00:00+03:00,7.641442736958043,7.690426062761987,7.543475151062012,7.543475151062012,6911,0.0,0.0
2021-07-12 00:00:00+03:00,7.5434751216042555,7.5434751216042555,7.445508003234863,7.445508003234863,2587,0.0,0.0
2021-07-13 00:00:00+03:00,7.4944917959915935,7.641442707117717,7.347540884865471,7.445508003234863,9169,0.0,0.0
2021-07-14 00:00:00+03:00,7.3965248134908474,7.543475260172272,6.906688745501893,7.102622985839844,39505,0.0,0.0
2021-07-15 00:00:00+03:00,7.249573899665346,7.249573899665346,7.102622985839844,7.102622985839844,6859,0.0,0.0
2021-07-16 00:00:00+03:00,7.102622695071565,7.151606486722786,6.955671787261963,6.955671787261963,12416,0.0,0.0
2021-07-19 00:00:00+03:00,7.004655809569894,7.102622928954242,6.808721103657127,6.906688690185547,7344,0.0,0.0
2021-07-20 00:00:00+03:00,6.955672044549583,7.004655838012695,6.857704924767435,7.004655838012695,4555,0.0,0.0
2021-07-21 00:00:00+03:00,6.955671787261963,7.004655578913183,6.80872087945236,6.955671787261963,11050,0.0,0.0
2021-07-22 00:00:00+03:00,6.906688462754801,7.004655578913183,6.85770467110358,6.955671787261963,4363,0.0,0.0
2021-07-23 00:00:00+03:00,6.906688718230547,7.053639164331732,6.906688718230547,7.004655838012695,2460,0.0,0.0
2021-07-26 00:00:00+03:00,7.004655809569894,7.004655809569894,6.857704896921336,6.906688690185547,2969,0.0,0.0
2021-07-27 00:00:00+03:00,6.85770467110358,6.955671787261963,6.85770467110358,6.955671787261963,3198,0.0,0.0
2021-07-28 00:00:00+03:00,6.955671568729755,7.00465535884201,6.867501400529356,6.877297878265381,5793,0.0,0.0
2021-07-29 00:00:00+03:00,6.906688598792256,7.102622834968235,6.8772982297938245,7.092825889587402,3653,0.0,0.0
2021-07-30 00:00:00+03:00,6.9556721843770495,7.102623100576413,6.9556721843770495,7.0144524574279785,3916,0.0,0.0
2021-08-02 00:00:00+03:00,6.906688462754801,7.004655578913183,6.906688462754801,6.955671787261963,2454,0.0,0.0
2021-08-03 00:00:00+03:00,6.955671924264217,7.210386898437058,6.955671924264217,7.092825889587402,3245,0.0,0.0
2021-08-04 00:00:00+03:00,7.102622541704595,7.220183078556169,7.073232173919678,7.073232173919678,3395,0.0,0.0
2021-08-05 00:00:00+03:00,7.053639164331732,7.102622957794844,7.004655838012695,7.004655838012695,1087,0.0,0.0
2021-08-06 00:00:00+03:00,6.926281956716144,7.151606559753418,6.926281956716144,7.151606559753418,346,0.0,0.0
2021-08-09 00:00:00+03:00,7.151606593528887,7.151606593528887,7.053639008763343,7.12221622467041,3435,0.0,0.0
2021-08-10 00:00:00+03:00,7.102622979079513,7.249573892765145,7.102622979079513,7.22998046875,4615,0.0,0.0
2021-08-11 00:00:00+03:00,7.24957366430193,7.288760511097286,7.200589872235702,7.278963565826416,6511,0.0,0.0
2021-08-12 00:00:00+03:00,7.249573990491866,7.533678876113351,7.220183620500916,7.396524906158447,11237,0.0,0.0
2021-08-13 00:00:00+03:00,7.406321095697747,7.406321095697747,7.220183338736563,7.249573707580566,9584,0.0,0.0
2021-08-16 00:00:00+03:00,7.298556989224094,7.298556989224094,7.23977671903106,7.278963565826416,542,0.0,0.0
2021-08-17 00:00:00+03:00,7.220183372497559,7.327947435904049,7.220183372497559,7.220183372497559,991,0.0,0.0
2021-08-18 00:00:00+03:00,7.249573737431092,7.347540855407715,7.249573737431092,7.347540855407715,9959,0.0,0.0
2021-08-19 00:00:00+03:00,7.308354352511255,7.318150831198393,7.210387229919434,7.210387229919434,7419,0.0,0.0
2021-08-20 00:00:00+03:00,7.151606772689416,7.318150643246118,7.092826033499901,7.22998046875,2549,0.0,0.0
2021-08-23 00:00:00+03:00,7.15160677949637,7.357337965423257,7.092826040250907,7.102622985839844,1253,0.0,0.0
2021-08-24 00:00:00+03:00,7.347541019834321,7.347541019834321,7.102622985839844,7.102622985839844,1500,0.0,0.0
2021-08-25 00:00:00+03:00,7.151606956364341,7.3573381473792105,7.102623161496385,7.210387229919434,6119,0.0,0.0
2021-08-26 00:00:00+03:00,7.24957392751167,7.288760775729781,7.190793655184504,7.200590133666992,4457,0.0,0.0
2021-08-27 00:00:00+03:00,7.112419562546616,7.327947215740124,7.112419562546616,7.141809463500977,5384,0.0,0.0
2021-08-30 00:00:00+03:00,7.171200013521976,7.3377438798244485,7.171200013521976,7.249573707580566,479,0.0,0.0
2021-08-31 00:00:00+03:00,7.239776868997965,7.337743988015678,7.180996597587338,7.288760662078857,1721,0.0,0.0
2021-09-01 00:00:00+03:00,7.278963830103214,7.3475410480569465,7.171200231075448,7.200590133666992,3557,0.0,0.0
2021-09-02 00:00:00+03:00,7.318150705676436,7.347541075521919,7.229980530428148,7.298557281494141,10221,0.0,0.0
2021-09-03 00:00:00+03:00,7.298557246871088,7.3475410406664965,7.229980496130411,7.327947616577148,4327,0.0,0.0
2021-09-06 00:00:00+03:00,7.367134464755844,7.386727888845191,7.239776974603045,7.327947616577148,2312,0.0,0.0
2021-09-07 00:00:00+03:00,7.298557254212269,7.298557254212269,7.151606806966393,7.200590133666992,5219,0.0,0.0
2021-09-08 00:00:00+03:00,7.19079354846815,7.210386972286426,7.122216331532151,7.161403179168701,614,0.0,0.0
2021-09-09 00:00:00+03:00,7.102622726960254,7.102622726960254,7.053638935089111,7.053638935089111,370,0.0,0.0
2021-09-10 00:00:00+03:00,7.073232386578762,7.278963565826416,7.034045539783405,7.278963565826416,2260,0.0,0.0
2021-09-13 00:00:00+03:00,7.26916747768305,7.26916747768305,7.0732327660505065,7.112420082092285,11488,0.0,0.0
2021-09-14 00:00:00+03:00,7.053639042352207,7.1222162585858335,7.053639042352207,7.092825889587402,2824,0.0,0.0
2021-09-15 00:00:00+03:00,7.053639005290027,7.347540825153804,6.857704770143551,7.249573707580566,22217,0.0,0.0
2021-09-16 00:00:00+03:00,7.396524621154614,7.40632109934473,7.112419746480295,7.12221622467041,16485,0.0,0.0
2021-09-17 00:00:00+03:00,7.239776762251211,7.3377438798244485,7.122216221163325,7.249573707580566,25233,0.0,0.0
2021-09-20 00:00:00+03:00,7.053639135690031,7.053639135690031,6.867501842431808,6.906688690185547,8223,0.0,0.0
2021-09-21 00:00:00+03:00,6.906688313618639,7.102622541704595,6.857704523025126,7.073232173919678,5404,0.0,0.0
2021-09-22 00:00:00+03:00,7.180996859569842,7.229980654437798,7.004656038904563,7.210387229919434,2967,0.0,0.0
2021-09-23 00:00:00+03:00,7.190793655184504,7.200590133666992,7.073232643386093,7.200590133666992,2948,0.0,0.0
2021-09-24 00:00:00+03:00,7.151606408581799,7.151606408581799,7.014451980314603,7.141809463500977,2953,0.0,0.0
2021-09-27 00:00:00+03:00,7.053639008763343,7.151606593528887,7.053639008763343,7.12221622467041,1700,0.0,0.0
2021-09-28 00:00:00+03:00,7.122215964513191,7.220183078556169,7.063435696087404,7.073232173919678,3653,0.0,0.0
2021-09-29 00:00:00+03:00,7.073232636271553,7.3475410406664965,7.053639212182205,7.327947616577148,9896,0.0,0.0
2021-09-30 00:00:00+03:00,7.32794743181239,7.5434750913609605,7.0830294032987995,7.347540855407715,5263,0.0,0.0
2021-10-01 00:00:00+03:00,7.249573555614705,7.367134094238281,7.083029225659278,7.367134094238281,1879,0.0,0.0
2021-10-04 00:00:00+03:00,7.494491610420547,7.494491610420547,7.112419624668363,7.46510124206543,2925,0.0,0.0
2021-10-05 00:00:00+03:00,7.445508003234863,7.5434751216042555,7.445508003234863,7.445508003234863,3914,0.0,0.0
2021-10-06 00:00:00+03:00,7.25937046905946,7.396524906158447,7.200590196221644,7.396524906158447,454,0.0,0.0
2021-10-07 00:00:00+03:00,7.249573892765145,7.3965248064507785,7.210387044734854,7.22998046875,3272,0.0,0.0
2021-10-08 00:00:00+03:00,7.210387141933322,7.396524906158447,7.210387141933322,7.396524906158447,725,0.0,0.0
2021-10-11 00:00:00+03:00,7.210387044734854,7.22998046875,7.210387044734854,7.22998046875,3895,0.0,0.0
2021-10-12 00:00:00+03:00,7.200589948891294,7.308354012297784,7.200589948891294,7.220183372497559,1744,0.0,0.0
2021-10-13 00:00:00+03:00,7.20059004947435,7.445508081545886,7.20059004947435,7.386727809906006,1779,0.0,0.0
2021-10-14 00:00:00+03:00,7.3475411118882255,7.445508233284586,7.269167414771138,7.396524906158447,1653,0.0,0.0
2021-10-15 00:00:00+03:00,7.2103870008283,7.25937032699585,7.2103870008283,7.25937032699585,1044,0.0,0.0
2021-10-18 00:00:00+03:00,7.347540638478522,7.484694599596453,7.259370001330683,7.269166946411133,535,0.0,0.0
2021-10-19 00:00:00+03:00,7.200590099155242,7.347541012840876,7.200590099155242,7.22998046875,1865,0.0,0.0
2021-10-20 00:00:00+03:00,7.229980165168916,7.4357113422614995,7.229980165168916,7.337743759155273,1728,0.0,0.0
2021-10-21 00:00:00+03:00,7.31815038119401,7.31815038119401,7.161402994685734,7.180996417999268,364,0.0,0.0
2021-10-22 00:00:00+03:00,7.171200013521976,7.249573707580566,7.1516065900073285,7.249573707580566,2256,0.0,0.0
2021-10-25 00:00:00+03:00,7.151606559753418,7.151606559753418,7.0536389754505535,7.151606559753418,525,0.0,0.0
2021-10-26 00:00:00+03:00,7.141809744794526,7.416118144989014,7.141809744794526,7.416118144989014,2723,0.0,0.0
2021-10-27 00:00:00+03:00,7.327947826966192,7.4063215255737305,7.180996908505012,7.4063215255737305,711,0.0,0.0
2021-10-28 00:00:00+03:00,7.406321475103078,7.406321475103078,7.210387229919434,7.210387229919434,424,0.0,0.0
2021-10-29 00:00:00+03:00,7.298557281494141,7.298557281494141,7.298557281494141,7.298557281494141,78,0.0,0.0
2021-11-01 00:00:00+02:00,7.171200013521976,7.249573707580566,7.171200013521976,7.249573707580566,405,0.0,0.0
2021-11-02 00:00:00+02:00,7.337743958617494,7.416118120661735,7.190793514251709,7.190793514251709,2595,0.0,0.0
2021-11-03 00:00:00+02:00,7.347541251618076,7.4161184714717185,7.29855745641632,7.4063215255737305,5742,0.0,0.0
2021-11-04 00:00:00+02:00,7.386727923886509,7.4357117179142875,7.22018358476496,7.298557281494141,1999,0.0,0.0
2021-11-05 00:00:00+02:00,7.220183338736563,7.3867276721831,7.220183338736563,7.249573707580566,830,0.0,0.0
2021-11-08 00:00:00+02:00,7.210386890240443,7.474898342349357,7.210386890240443,7.347540855407715,3113,0.0,0.0
2021-11-09 00:00:00+02:00,7.3475409680991435,7.3475409680991435,7.229980424724134,7.25937032699585,1034,0.0,0.0
2021-11-10 00:00:00+02:00,7.2397768637411035,7.416118144989014,7.2397768637411035,7.416118144989014,285,0.0,0.0
2021-11-11 00:00:00+02:00,7.435711495158708,7.465101396979662,7.347540855407715,7.347540855407715,1577,0.0,0.0
2021-11-12 00:00:00+02:00,7.455305071645868,7.465101550072401,7.357337951660156,7.357337951660156,849,0.0,0.0
2021-11-15 00:00:00+02:00,7.357337649491764,7.357337649491764,7.210386741976483,7.337743759155273,1810,0.0,0.0
2021-11-16 00:00:00+02:00,7.33774372601036,7.396524462466203,7.249573555614705,7.367134094238281,2481,0.0,0.0
2021-11-17 00:00:00+02:00,7.229980342822199,7.445508003234863,7.229980342822199,7.445508003234863,2412,0.0,0.0
2021-11-18 00:00:00+02:00,7.396524647968059,7.396524647968059,7.259370215656721,7.347540855407715,2585,0.0,0.0
2021-11-19 00:00:00+02:00,7.4357118711277534,7.4357118711277534,7.298557431881527,7.308354377746582,1658,0.0,0.0
2021-11-22 00:00:00+02:00,7.190793254343744,7.484694599596453,7.190793254343744,7.269166946411133,1489,0.0,0.0
2021-11-23 00:00:00+02:00,7.249573954610443,7.298557281494141,7.22018358476496,7.298557281494141,2963,0.0,0.0
2021-11-24 00:00:00+02:00,7.1907934706601955,7.278963643316353,7.1907934706601955,7.220183372497559,1971,0.0,0.0
2021-11-25 00:00:00+02:00,7.269167087699608,7.288760511097286,7.269167087699608,7.278963565826416,1985,0.0,0.0
2021-11-26 00:00:00+02:00,7.171199831326896,7.327947215461674,7.034045403064912,7.269166946411133,3473,0.0,0.0
2021-11-29 00:00:00+02:00,7.269167165085254,7.308354012297784,7.220183372497559,7.220183372497559,2232,0.0,0.0
2021-11-30 00:00:00+02:00,7.249573858355705,7.759003347475614,7.249573858355705,7.739409923553467,23920,0.0,0.0
2021-12-01 00:00:00+02:00,7.75900351626066,7.75900351626066,7.337744192054535,7.494492053985596,57847,0.0,0.0
2021-12-02 00:00:00+02:00,7.396524932243736,7.494492053985596,7.396524932243736,7.494492053985596,1618,0.0,0.0
2021-12-03 00:00:00+02:00,7.396524932243736,7.494492053985596,7.396524932243736,7.494492053985596,1438,0.0,0.0
2021-12-07 00:00:00+02:00,7.3965244944769175,7.543474934820333,7.3671341261218,7.46510124206543,3184,0.0,0.0
2021-12-08 00:00:00+02:00,7.465101639535584,7.523881912231445,7.4553051609916485,7.523881912231445,1743,0.0,0.0
2021-12-09 00:00:00+02:00,7.44550791996405,7.759003162384033,7.44550791996405,7.759003162384033,29435,0.0,0.0
2021-12-10 00:00:00+02:00,7.474898183263676,8.033310977417953,7.474898183263676,7.847173690795898,31311,0.0,0.0
2021-12-13 00:00:00+02:00,7.788393314688145,7.984327555542357,7.455305105235984,7.935344696044922,15231,0.0,0.0
2021-12-14 00:00:00+02:00,7.553272343819515,7.84717417684244,7.553272343819515,7.7198166847229,5188,0.0,0.0
2021-12-15 00:00:00+02:00,7.739409802430425,7.827579975128174,7.739409802430425,7.827579975128174,916,0.0,0.0
2021-12-16 00:00:00+02:00,7.602255983468353,7.837377071380615,7.602255983468353,7.837377071380615,3047,0.0,0.0
2021-12-17 00:00:00+02:00,7.533678529036933,7.661036014556885,7.5238815837766,7.661036014556885,1329,0.0,0.0
2021-12-20 00:00:00+02:00,7.621849407461042,7.935344658488134,7.543475244346212,7.837377071380615,6134,0.0,0.0
2021-12-21 00:00:00+02:00,7.837376660541829,8.07249773612894,7.827579715487007,8.033310890197754,4905,0.0,0.0
2021-12-22 00:00:00+02:00,8.033310890197754,8.052904780307399,8.033310890197754,8.033310890197754,2098,0.0,0.0
2021-12-23 00:00:00+02:00,8.072497670413632,8.180262196563197,8.052904714751591,8.09209156036377,5988,0.0,0.0
2021-12-27 00:00:00+02:00,8.22924511985368,8.327212701825694,8.033310890197754,8.033310890197754,4922,0.0,0.0
2021-12-28 00:00:00+02:00,8.04310789975813,8.278228977230906,8.04310789975813,8.22924518585205,209,0.0,0.0
2021-12-29 00:00:00+02:00,8.415383338742886,8.415383338742886,8.033310890197754,8.033310890197754,1771,0.0,0.0
2021-12-30 00:00:00+02:00,8.317415312687771,8.425179833960849,8.131278038024902,8.131278038024902,22498,0.0,0.0
2022-01-03 00:00:00+02:00,8.141075482515843,8.317415823476368,8.141075482515843,8.22924518585205,7006,0.0,0.0
2022-01-04 00:00:00+02:00,8.229245424121789,8.307619118881947,8.15087172936163,8.180262565612793,9642,0.0,0.0
2022-01-05 00:00:00+02:00,8.190058708190918,8.395789893810324,8.190058708190918,8.190058708190918,1452,0.0,0.0
2022-01-07 00:00:00+02:00,8.209652318360526,8.209652318360526,8.043107986450195,8.043107986450195,4572,0.0,0.0
2022-01-10 00:00:00+02:00,8.13127825378174,8.199854998747469,8.062700574527932,8.082294464111328,4836,0.0,0.0
2022-01-11 00:00:00+02:00,8.141075417403886,8.474163140682242,8.141075417403886,8.415383338928223,4205,0.0,0.0
2022-01-12 00:00:00+02:00,8.444773605589045,8.503554344177246,8.444773605589045,8.503554344177246,8523,0.0,0.0
2022-01-13 00:00:00+02:00,8.425181423177827,8.425181423177827,8.170466423034668,8.170466423034668,5511,0.0,0.0
2022-01-14 00:00:00+02:00,8.170465467099607,8.31741590844935,8.170465467099607,8.297822952270508,807,0.0,0.0
2022-01-17 00:00:00+02:00,8.37619655998862,8.37619655998862,8.180262328761305,8.22924518585205,1489,0.0,0.0
2022-01-18 00:00:00+02:00,8.170466122568651,8.170466122568651,8.131279272779112,8.150872230529785,926,0.0,0.0
2022-01-19 00:00:00+02:00,8.092091999021767,8.092091999021767,7.396524750984048,7.994124412536621,8583,0.0,0.0
2022-01-20 00:00:00+02:00,7.7981898146106445,8.033310890197754,7.7981898146106445,8.033310890197754,1477,0.0,0.0
2022-01-21 00:00:00+02:00,7.886360688808972,7.886360688808972,7.60225581368784,7.85697078704834,4239,0.0,0.0
2022-01-24 00:00:00+02:00,7.641442970170428,7.6512394487725714,7.494492053985596,7.494492053985596,1876,0.0,0.0
2022-01-25 00:00:00+02:00,7.4553050431102905,7.837377043164205,7.4553050431102905,7.739409923553467,1337,0.0,0.0
2022-01-26 00:00:00+02:00,7.749206464059983,7.827580160376816,7.749206464059983,7.807986736297607,1110,0.0,0.0
2022-01-27 00:00:00+02:00,7.807986870385321,7.82758029480101,7.592459201812744,7.592459201812744,327,0.0,0.0
2022-01-28 00:00:00+02:00,7.592459201812744,7.817783816165209,7.592459201812744,7.592459201812744,57,0.0,0.0
2022-01-31 00:00:00+02:00,7.8177838678569485,7.8177838678569485,7.788393497467041,7.788393497467041,22,0.0,0.0
2022-02-01 00:00:00+02:00,7.563068613183054,7.847173959721232,7.543475189333257,7.641442775726318,3884,0.0,0.0
2022-02-02 00:00:00+02:00,7.827579958763247,7.837376904122552,7.563068506934873,7.602255821228027,458,0.0,0.0
2022-02-03 00:00:00+02:00,7.5728654861450195,7.5728654861450195,7.5728654861450195,7.5728654861450195,10,0.0,0.0
2022-02-04 00:00:00+02:00,7.572865793268586,7.817783832550049,7.504288574097905,7.817783832550049,326,0.0,0.0
2022-02-07 00:00:00+02:00,7.788393497467041,7.788393497467041,7.504288607988989,7.788393497467041,64,0.0,0.0
2022-02-08 00:00:00+02:00,7.710019721817687,7.710019721817687,7.494492053985596,7.494492053985596,43,0.0,0.0
2022-02-09 00:00:00+02:00,7.543475099131286,7.9157506149699906,7.425914557438243,7.827579975128174,3016,0.0,0.0
2022-02-10 00:00:00+02:00,7.523881727311619,7.7002230082092185,7.523881727311619,7.543475151062012,493,0.0,0.0
2022-02-11 00:00:00+02:00,7.553272096509243,7.866766876515516,7.465101456060443,7.543475151062012,1486,0.0,0.0
2022-02-14 00:00:00+02:00,7.837376847009088,7.837376847009088,7.151606559753418,7.151606559753418,5162,0.0,0.0
2022-02-15 00:00:00+02:00,7.347540855407715,8.03331114838814,7.347540855407715,7.347540855407715,162,0.0,0.0
2022-02-16 00:00:00+02:00,8.023514169981178,8.023514169981178,7.220183338736563,7.249573707580566,2502,0.0,0.0
2022-02-17 00:00:00+02:00,7.200589915221915,7.249573707580566,7.200589915221915,7.249573707580566,214,0.0,0.0
2022-02-18 00:00:00+02:00,7.20058984355848,7.327947328708204,7.053638935089111,7.053638935089111,2538,0.0,0.0
2022-02-21 00:00:00+02:00,7.61205257213061,7.61205257213061,6.847908091061245,6.91648530960083,327,0.0,0.0
2022-02-22 00:00:00+02:00,7.141809573599544,7.141809573599544,6.994858665130176,7.053638935089111,657,0.0,0.0
2022-02-23 00:00:00+02:00,6.857704595913287,7.337743693398071,6.857704595913287,7.269166946411133,707,0.0,0.0
2022-02-24 00:00:00+02:00,6.867502167137398,7.23977723839963,6.142544515128019,6.896892070770264,2612,0.0,0.0
2022-02-25 00:00:00+02:00,6.906688462754801,7.122216118303242,6.622583592323463,6.955671787261963,1032,0.0,0.0
2022-02-28 00:00:00+02:00,7.22998046875,7.22998046875,7.22998046875,7.22998046875,150,0.0,0.0
2022-03-01 00:00:00+02:00,7.249573602881168,7.249573602881168,6.955671787261963,6.955671787261963,246,0.0,0.0
2022-03-02 00:00:00+02:00,6.759737881420967,7.3377441282434805,6.5540066939801145,6.945875644683838,8714,0.0,0.0
2022-03-03 00:00:00+02:00,6.563803083191898,7.318150604496902,6.338478474638763,6.651973724365234,1383,0.0,0.0
2022-03-04 00:00:00+02:00,6.377665789605637,7.288760702201839,6.3678688440779,6.651973724365234,1876,0.0,0.0
2022-03-07 00:00:00+02:00,6.1719343773214055,7.269167010178171,5.975999678290089,6.220917701721191,2780,0.0,0.0
2022-03-08 00:00:00+02:00,7.132013095511752,7.132013095511752,7.053638935089111,7.053638935089111,7,0.0,0.0
2022-03-09 00:00:00+02:00,7.141809623860164,7.141809623860164,6.367868696571465,6.769534111022949,3184,0.0,0.0
2022-03-10 00:00:00+02:00,6.769534111022949,6.769534111022949,6.769534111022949,6.769534111022949,0,0.0,0.0
2022-03-11 00:00:00+02:00,6.769534111022949,6.769534111022949,6.769534111022949,6.769534111022949,50,0.0,0.0
2022-03-14 00:00:00+02:00,7.112419529488685,7.112419529488685,6.710753658778883,7.043842315673828,762,0.0,0.0
2022-03-15 00:00:00+02:00,7.0144520586702255,7.0144520586702255,6.46583574090523,6.828314304351807,1749,0.0,0.0
2022-03-16 00:00:00+02:00,6.632379932574362,6.749940469522008,6.426648759343957,6.563802719116211,2448,0.0,0.0
2022-03-17 00:00:00+02:00,6.524616100220537,6.740144225925636,6.514819622039795,6.514819622039795,107,0.0,0.0
2022-03-18 00:00:00+02:00,6.563802826225762,6.759737524813192,6.554006348225622,6.730347156524658,555,0.0,0.0
2022-03-21 00:00:00+02:00,6.749940872192383,6.749940872192383,6.749940872192383,6.749940872192383,5,0.0,0.0
2022-03-22 00:00:00+02:00,6.524616207225722,6.554006576538086,6.524616207225722,6.554006576538086,275,0.0,0.0
2022-03-23 00:00:00+02:00,6.534413075485645,6.612786769866943,6.367868741353353,6.612786769866943,507,0.0,0.0
2022-03-24 00:00:00+02:00,6.612786769866943,6.612786769866943,6.612786769866943,6.612786769866943,0,0.0,0.0
2022-03-25 00:00:00+02:00,6.456039595801464,6.456039595801464,6.211121559143066,6.211121559143066,2514,0.0,0.0
2022-03-28 00:00:00+03:00,6.230714797973633,6.240511276233518,6.230714797973633,6.230714797973633,454,0.0,0.0
2022-03-29 00:00:00+03:00,6.240511156397982,7.132013083843451,6.240511156397982,6.31888484954834,1762,0.0,0.0
2022-03-30 00:00:00+03:00,7.004655594573292,7.092825765740926,6.563802870158882,6.573599815368652,321,0.0,0.0
2022-03-31 00:00:00+03:00,6.945875309218153,7.014452056956992,6.877298094335257,6.955671787261963,687,0.0,0.0
2022-04-01 00:00:00+03:00,6.9556718184908854,7.171199942151042,6.9556718184908854,7.053638935089111,1880,0.0,0.0
2022-04-04 00:00:00+03:00,6.622583622056917,7.053638935089111,6.3874620750771145,7.053638935089111,815,0.0,0.0
2022-04-05 00:00:00+03:00,7.05363934160166,7.112420082092285,7.05363934160166,7.112420082092285,1005,0.0,0.0
2022-04-06 00:00:00+03:00,7.151606744861757,7.151606744861757,6.857704918634095,7.132013320922852,1460,0.0,0.0
2022-04-07 00:00:00+03:00,7.102622584766109,7.171199798583984,6.85770456460176,7.171199798583984,150292,0.0,0.0
2022-04-08 00:00:00+03:00,7.171199942151042,7.171199942151042,7.053638935089111,7.053638935089111,632,0.0,0.0
2022-04-11 00:00:00+03:00,6.85770470189266,7.053638935089111,6.85770470189266,7.053638935089111,1500,0.0,0.0
2022-04-12 00:00:00+03:00,6.740144589533583,6.740144589533583,6.387462480263638,6.60299015045166,13129,0.0,0.0
2022-04-13 00:00:00+03:00,6.622584042158298,6.622584042158298,6.367869055701091,6.60299015045166,543,0.0,0.0
2022-04-14 00:00:00+03:00,7.0144522136279885,7.0144522136279885,6.838111400604248,6.838111400604248,405,0.0,0.0
2022-04-19 00:00:00+03:00,6.642176984881676,6.955671755140786,6.563802825172843,6.8577046394348145,5493,0.0,0.0
2022-04-20 00:00:00+03:00,6.838111317701191,7.151606559753418,6.838111317701191,7.151606559753418,2166,0.0,0.0
2022-04-21 00:00:00+03:00,7.151606486722786,7.151606486722786,6.838111247871904,6.955671787261963,20272,0.0,0.0
2022-04-22 00:00:00+03:00,6.995081018952028,7.192125839218337,6.778332233428955,6.778332233428955,188,0.04,0.0
2022-04-25 00:00:00+03:00,6.699514389038086,6.699514389038086,6.699514389038086,6.699514389038086,91,0.0,0.0
2022-04-26 00:00:00+03:00,6.660105863497298,6.660105863497298,6.285721114292012,6.325129985809326,1139,0.0,0.0
2022-04-27 00:00:00+03:00,6.600991725921631,6.600991725921631,6.600991725921631,6.600991725921631,44,0.0,0.0
2022-04-28 00:00:00+03:00,6.600991725921631,6.600991725921631,6.600991725921631,6.600991725921631,0,0.0,0.0
2022-04-29 00:00:00+03:00,6.581287477384609,6.896558911012733,6.423651995465943,6.561583042144775,1694,0.0,0.0
2022-05-02 00:00:00+03:00,7.0147854105318945,7.0147854105318945,6.482765197753906,6.482765197753906,131,0.0,0.0
2022-05-03 00:00:00+03:00,6.640400973191257,6.640400973191257,6.52217435836792,6.52217435836792,427,0.0,0.0
2022-05-04 00:00:00+03:00,6.66010587125887,6.66010587125887,6.285721121617282,6.423652172088623,9341,0.0,0.0
2022-05-05 00:00:00+03:00,6.443356222569701,6.443356222569701,6.403947353363037,6.403947353363037,252,0.0,0.0
2022-05-06 00:00:00+03:00,6.403947353363037,6.403947353363037,6.403947353363037,6.403947353363037,0,0.0,0.0
2022-05-09 00:00:00+03:00,6.699514313573343,6.699514313573343,6.206902980804443,6.206902980804443,300,0.0,0.0
2022-05-10 00:00:00+03:00,6.187198638916016,6.2069030737301425,6.187198638916016,6.187198638916016,1201,0.0,0.0
2022-05-11 00:00:00+03:00,6.108380692783227,6.108380692783227,6.029562950134277,6.029562950134277,35,0.0,0.0
2022-05-12 00:00:00+03:00,6.029562950134277,6.029562950134277,6.029562950134277,6.029562950134277,0,0.0,0.0
2022-05-13 00:00:00+03:00,6.108380317687988,6.108380317687988,5.91133597316545,6.108380317687988,1692,0.0,0.0
2022-05-16 00:00:00+03:00,6.108380317687988,6.108380317687988,6.108380317687988,6.108380317687988,0,0.0,0.0
2022-05-17 00:00:00+03:00,6.108380586426896,6.758627891540527,6.108380586426896,6.758627891540527,419,0.0,0.0
2022-05-18 00:00:00+03:00,6.502469915215103,6.502469915215103,6.423652172088623,6.423652172088623,41,0.0,0.0
2022-05-19 00:00:00+03:00,6.364538763164888,6.364538763164888,6.344834327697754,6.344834327697754,3,0.0,0.0
2022-05-20 00:00:00+03:00,6.344834318613064,6.344834318613064,6.246312141418457,6.246312141418457,33,0.0,0.0
2022-05-23 00:00:00+03:00,6.147789186592496,6.147789186592496,6.108380317687988,6.108380317687988,35,0.0,0.0
2022-05-24 00:00:00+03:00,5.911336170793619,6.167494297027588,5.911336170793619,6.167494297027588,720,0.0,0.0
2022-05-25 00:00:00+03:00,6.876854419708252,6.876854419708252,6.876854419708252,6.876854419708252,52,0.0,0.0
2022-05-27 00:00:00+03:00,6.876854419708252,6.876854419708252,6.876854419708252,6.876854419708252,2,0.0,0.0
2022-05-30 00:00:00+03:00,6.876854419708252,6.876854419708252,6.876854419708252,6.876854419708252,94,0.0,0.0
2022-05-31 00:00:00+03:00,6.305425300690266,6.305425300690266,5.871927261352539,5.871927261352539,5685,0.0,0.0
2022-06-01 00:00:00+03:00,5.871927344740197,6.088676132591732,5.7537007331848145,5.7537007331848145,2148,0.0,0.0
2022-06-02 00:00:00+03:00,6.068971487674303,6.068971487674303,5.615769022577505,5.694587230682373,349,0.0,0.0
2022-06-03 00:00:00+03:00,5.891631672697938,5.891631672697938,5.674882888793945,5.674882888793945,1040,0.0,0.0
2022-06-06 00:00:00+03:00,5.674882834150217,5.990153789520264,5.674882834150217,5.990153789520264,1025,0.0,0.0
2022-06-07 00:00:00+03:00,5.6354737193775355,5.6354737193775355,5.536951541900635,5.536951541900635,210,0.0,0.0
2022-06-08 00:00:00+03:00,5.536951407467674,5.970449447631836,5.536951407467674,5.970449447631836,1110,0.0,0.0
2022-06-09 00:00:00+03:00,5.55665583189125,5.871927261352539,5.55665583189125,5.871927261352539,55,0.0,0.0
2022-06-10 00:00:00+03:00,5.891631603240967,5.891631603240967,5.891631603240967,5.891631603240967,1,0.0,0.0
2022-06-13 00:00:00+03:00,5.43842944953667,5.45813388534043,5.41872501373291,5.41872501373291,573,0.0,0.0
2022-06-14 00:00:00+03:00,5.891631554955323,5.891631554955323,5.438429091513315,5.596064567565918,1530,0.0,0.0
2022-06-15 00:00:00+03:00,5.871927261352539,5.871927261352539,5.871927261352539,5.871927261352539,5,0.0,0.0
2022-06-16 00:00:00+03:00,5.871927261352539,5.871927261352539,5.871927261352539,5.871927261352539,100,0.0,0.0
2022-06-17 00:00:00+03:00,5.871927261352539,5.871927261352539,5.871927261352539,5.871927261352539,0,0.0,0.0
2022-06-20 00:00:00+03:00,5.458133604607907,5.517246908978766,5.320202561075903,5.477838039398193,6894,0.0,0.0
2022-06-21 00:00:00+03:00,5.596064567565918,5.596064567565918,5.556655698552768,5.596064567565918,521,0.0,0.0
2022-06-22 00:00:00+03:00,5.596064935966751,5.596064935966751,5.41872501373291,5.41872501373291,2836,0.0,0.0
2022-06-23 00:00:00+03:00,5.576360500162991,5.576360500162991,5.41872501373291,5.41872501373291,274,0.0,0.0
2022-06-27 00:00:00+03:00,5.320202841715303,5.517247200012207,5.320202841715303,5.517247200012207,238,0.0,0.0
2022-06-28 00:00:00+03:00,5.438429181840557,5.57636022567749,5.320202572837472,5.57636022567749,550,0.0,0.0
2022-06-29 00:00:00+03:00,5.320202457382377,5.399020195007324,5.261089154163668,5.399020195007324,1389,0.0,0.0
2022-06-30 00:00:00+03:00,5.142862215285343,5.261089294671014,4.985226735825497,5.06404447555542,4059,0.0,0.0
2022-07-01 00:00:00+03:00,4.640399006876007,5.359611604772459,4.640399006876007,5.339907169342041,4033,0.0,0.0
2022-07-04 00:00:00+03:00,5.182271685898698,5.339907169342041,5.182271685898698,5.339907169342041,1662,0.0,0.0
2022-07-05 00:00:00+03:00,4.817739072696191,5.083749194015837,4.817739072696191,5.004931449890137,4536,0.0,0.0
2022-07-06 00:00:00+03:00,4.985226644584621,5.083748817443848,4.985226644584621,5.083748817443848,325,0.0,0.0
2022-07-07 00:00:00+03:00,5.241384784509296,5.241384784509296,5.083748837521202,5.182271480560303,1355,0.0,0.0
2022-07-08 00:00:00+03:00,5.162566849443629,5.162566849443629,5.123157978057861,5.123157978057861,930,0.0,0.0
2022-07-11 00:00:00+03:00,5.123157978057861,5.123157978057861,5.123157978057861,5.123157978057861,0,0.0,0.0
2022-07-12 00:00:00+03:00,4.926113263701033,4.96552213222738,4.7684777895956465,4.896556377410889,5423,0.0,0.0
2022-07-13 00:00:00+03:00,5.103453571170861,5.103453571170861,4.768478162501102,4.916261196136475,1139,0.0,0.0
2022-07-14 00:00:00+03:00,4.78818230142975,4.78818230142975,4.778329849243164,4.778329849243164,600,0.0,0.0
2022-07-15 00:00:00+03:00,4.817738966525974,4.827591419219971,4.817738966525974,4.827591419219971,900,0.0,0.0
2022-07-18 00:00:00+03:00,4.985226756111739,4.985226756111739,4.857147693634033,4.857147693634033,1627,0.0,0.0
2022-07-19 00:00:00+03:00,5.103453636169434,5.103453636169434,5.103453636169434,5.103453636169434,10,0.0,0.0
2022-07-20 00:00:00+03:00,5.123157615464774,5.2019758224487305,5.123157615464774,5.2019758224487305,903,0.0,0.0
2022-07-21 00:00:00+03:00,5.221680349859631,5.418724696356275,4.985226664272879,5.182271480560303,13514,0.0,0.0
2022-07-22 00:00:00+03:00,5.162566661834717,5.182271566602324,4.876852119775433,5.162566661834717,1738,0.0,0.0
2022-07-25 00:00:00+03:00,5.221680521121191,5.221680521121191,5.024635698371058,5.044340133666992,7717,0.0,0.0
2022-07-26 00:00:00+03:00,5.044340133666992,5.044340133666992,5.044340133666992,5.044340133666992,437,0.0,0.0
2022-07-27 00:00:00+03:00,5.103453636169434,5.103453636169434,5.103453636169434,5.103453636169434,100,0.0,0.0
2022-07-28 00:00:00+03:00,5.123157780352862,5.123157780352862,5.06404447555542,5.06404447555542,816,0.0,0.0
2022-07-29 00:00:00+03:00,5.261089224072088,5.911336037909032,5.261089224072088,5.891631603240967,1551,0.0,0.0
2022-08-01 00:00:00+03:00,5.182271754927317,5.8916319096619425,5.103453542364977,5.123157978057861,4120,0.0,0.0
2022-08-02 00:00:00+03:00,5.123157809839157,5.261089324951172,5.123157809839157,5.261089324951172,180,0.0,0.0
2022-08-03 00:00:00+03:00,5.083749004258859,5.083749004258859,4.758625586980555,5.044340133666992,2841,0.0,0.0
2022-08-04 00:00:00+03:00,5.221680626313085,5.221680626313085,5.123157978057861,5.123157978057861,1507,0.0,0.0
2022-08-05 00:00:00+03:00,5.26108959440075,5.3202029025659385,5.103453636169434,5.103453636169434,743,0.0,0.0
2022-08-08 00:00:00+03:00,5.379315916370524,5.379315916370524,5.162566661834717,5.162566661834717,257,0.0,0.0
2022-08-09 00:00:00+03:00,5.123157629757829,5.300498008728027,5.123157629757829,5.300498008728027,81,0.0,0.0
2022-08-10 00:00:00+03:00,5.142862319946289,5.142862319946289,5.142862319946289,5.142862319946289,2,0.0,0.0
2022-08-11 00:00:00+03:00,5.320202827453613,5.320202827453613,5.320202827453613,5.320202827453613,39,0.0,0.0
2022-08-12 00:00:00+03:00,5.320202827453613,5.418725006337961,5.261089520123005,5.320202827453613,2463,0.0,0.0
2022-08-15 00:00:00+03:00,5.320202827453613,5.517247185222308,5.320202827453613,5.320202827453613,1532,0.0,0.0
2022-08-16 00:00:00+03:00,5.221680465624871,5.359611511230469,5.221680465624871,5.359611511230469,321,0.0,0.0
2022-08-17 00:00:00+03:00,5.359611511230469,5.359611511230469,5.359611511230469,5.359611511230469,0,0.0,0.0
2022-08-18 00:00:00+03:00,5.399020195007324,5.399020195007324,5.399020195007324,5.399020195007324,6,0.0,0.0
2022-08-19 00:00:00+03:00,5.596064904477879,5.596064904477879,5.0837491066720935,5.123157978057861,236,0.0,0.0
2022-08-22 00:00:00+03:00,5.339907240470389,5.339907240470389,5.123157978057861,5.123157978057861,149,0.0,0.0
2022-08-23 00:00:00+03:00,5.024635688415261,5.103453429442827,4.945817947387695,4.945817947387695,1413,0.0,0.0
2022-08-24 00:00:00+03:00,5.142862413750745,5.162566849443629,5.123157978057861,5.123157978057861,878,0.0,0.0
2022-08-25 00:00:00+03:00,5.123158059686061,5.123158059686061,4.90640926361084,4.90640926361084,4060,0.0,0.0
2022-08-26 00:00:00+03:00,4.985226994416338,4.985226994416338,4.709364891052246,4.709364891052246,6555,0.0,0.0
2022-08-29 00:00:00+03:00,4.70936461235212,4.768477916717529,4.660103290485554,4.768477916717529,1153,0.0,0.0
2022-08-30 00:00:00+03:00,4.96552222628167,4.96552222628167,4.876852035522461,4.876852035522461,56,0.0,0.0
2022-08-31 00:00:00+03:00,4.778329835594425,4.778329835594425,4.571433038174866,4.679807662963867,2842,0.0,0.0
2022-09-01 00:00:00+03:00,4.709364675650675,4.709364675650675,4.55172872543335,4.55172872543335,2850,0.0,0.0
2022-09-02 00:00:00+03:00,4.748773574829102,4.827591315524889,4.748773574829102,4.748773574829102,762,0.0,0.0
2022-09-05 00:00:00+03:00,4.867000185872783,4.867000185872783,4.729069139655155,4.748773574829102,164,0.0,0.0
2022-09-06 00:00:00+03:00,4.8867047342385375,4.926113605499268,4.748773684825983,4.926113605499268,1902,0.0,0.0
2022-09-07 00:00:00+03:00,4.729069100947115,4.857147693634033,4.729069100947115,4.857147693634033,1917,0.0,0.0
2022-09-08 00:00:00+03:00,4.817738966525974,4.867000290414354,4.817738966525974,4.827591419219971,3045,0.0,0.0
2022-09-09 00:00:00+03:00,4.827591419219971,4.827591419219971,4.827591419219971,4.827591419219971,0,0.0,0.0
2022-09-12 00:00:00+03:00,4.768477916717529,4.768477916717529,4.768477916717529,4.768477916717529,61,0.0,0.0
2022-09-13 00:00:00+03:00,4.916261093313557,4.916261093313557,4.778330045569642,4.8374433517456055,691,0.0,0.0
2022-09-14 00:00:00+03:00,4.9261137116738665,5.123158072224497,4.9261137116738665,5.103453636169434,7109,0.0,0.0
2022-09-15 00:00:00+03:00,5.320202630088841,5.418724805318288,5.201976019813504,5.261089324951172,7347,0.0,0.0
2022-09-16 00:00:00+03:00,5.044340049260328,5.044340049260328,4.729069089800799,4.758625507354736,2886,0.0,0.0
2022-09-19 00:00:00+03:00,4.817738812253398,4.817738812253398,4.758625507354736,4.758625507354736,1000,0.0,0.0
2022-09-20 00:00:00+03:00,5.10345325474807,5.10345325474807,4.778329849243164,4.778329849243164,2506,0.0,0.0
2022-09-21 00:00:00+03:00,4.768477879917627,4.876852035522461,4.768477879917627,4.876852035522461,878,0.0,0.0
2022-09-22 00:00:00+03:00,4.729069207919535,4.729069207919535,4.532024383544922,4.532024383544922,1600,0.0,0.0
2022-09-23 00:00:00+03:00,4.758625696387455,5.221680641174316,4.630546629123786,5.221680641174316,58909,0.0,0.0
2022-09-26 00:00:00+03:00,5.2019758224487305,5.2019758224487305,5.2019758224487305,5.2019758224487305,5404,0.0,0.0
2022-09-27 00:00:00+03:00,5.2019759280464495,5.2807936668396,5.2019759280464495,5.2807936668396,1575,0.0,0.0
2022-09-28 00:00:00+03:00,5.418724709727611,5.458133579124186,5.261089232141312,5.2807936668396,1779,0.0,0.0
2022-09-29 00:00:00+03:00,5.221680531071005,5.221680531071005,5.123157884612809,5.142862319946289,1758,0.0,0.0
2022-09-30 00:00:00+03:00,4.926113360323886,5.182271480560303,4.926113360323886,5.182271480560303,1600,0.0,0.0
2022-10-03 00:00:00+03:00,4.798034281256703,5.083748817443848,4.532024179641403,5.083748817443848,8217,0.0,0.0
2022-10-04 00:00:00+03:00,5.064044646386271,5.123157953177845,4.827591419219971,4.827591419219971,5739,0.0,0.0
2022-10-05 00:00:00+03:00,4.837443508727616,5.004931449890137,4.837443508727616,5.004931449890137,88,0.0,0.0
2022-10-06 00:00:00+03:00,5.004931449890137,5.004931449890137,5.004931449890137,5.004931449890137,0,0.0,0.0
2022-10-07 00:00:00+03:00,4.837443318579395,4.945817947387695,4.827591335846346,4.945817947387695,1803,0.0,0.0
2022-10-10 00:00:00+03:00,4.945817947387695,4.945817947387695,4.945817947387695,4.945817947387695,0,0.0,0.0
2022-10-11 00:00:00+03:00,4.945817947387695,4.945817947387695,4.9261135121308035,4.945817947387695,390,0.0,0.0
2022-10-12 00:00:00+03:00,4.788182258605957,4.788182258605957,4.778329806507488,4.788182258605957,2033,0.0,0.0
2022-10-13 00:00:00+03:00,4.6601033210754395,4.847295687690064,4.6601033210754395,4.6601033210754395,606,0.0,0.0
2022-10-14 00:00:00+03:00,4.6601033210754395,4.6601033210754395,4.6601033210754395,4.6601033210754395,0,0.0,0.0
2022-10-17 00:00:00+03:00,4.748773574829102,4.748773574829102,4.748773574829102,4.748773574829102,116,0.0,0.0
2022-10-18 00:00:00+03:00,4.8374433517456055,4.8374433517456055,4.8374433517456055,4.8374433517456055,1000,0.0,0.0
2022-10-19 00:00:00+03:00,4.68966017756365,4.778329899216374,4.68966017756365,4.768477916717529,184,0.0,0.0
2022-10-20 00:00:00+03:00,4.768477916717529,4.768477916717529,4.768477916717529,4.768477916717529,0,0.0,0.0
2022-10-21 00:00:00+03:00,4.738921165466309,4.738921165466309,4.738921165466309,4.738921165466309,100,0.0,0.0
2022-10-24 00:00:00+03:00,4.729069232940674,4.729069232940674,4.729069232940674,4.729069232940674,100,0.0,0.0
2022-10-25 00:00:00+03:00,4.729069232940674,4.729069232940674,4.729069232940674,4.729069232940674,0,0.0,0.0
2022-10-26 00:00:00+03:00,4.916260955197477,4.916260955197477,4.857147650682226,4.867000102996826,1800,0.0,0.0
2022-10-27 00:00:00+03:00,4.867000281879126,4.867000281879126,4.729069232940674,4.729069232940674,405,0.0,0.0
2022-10-28 00:00:00+03:00,4.926113605499268,4.926113605499268,4.926113605499268,4.926113605499268,700,0.0,0.0
2022-10-31 00:00:00+02:00,4.9261135121308035,4.945817947387695,4.916261059606961,4.945817947387695,751,0.0,0.0
2022-11-01 00:00:00+02:00,4.985227007638192,4.985227007638192,4.90640926361084,4.90640926361084,42,0.0,0.0
2022-11-02 00:00:00+02:00,4.807886749190436,4.876852035522461,4.758625427704035,4.876852035522461,1335,0.0,0.0
2022-11-03 00:00:00+02:00,4.788182351505999,4.788182351505999,4.768477916717529,4.768477916717529,2309,0.0,0.0
2022-11-04 00:00:00+02:00,4.778330086951864,4.778330086951864,4.729069232940674,4.729069232940674,1986,0.0,0.0
2022-11-07 00:00:00+02:00,4.768478104065946,4.778330086951864,4.689660361815402,4.729069232940674,5272,0.0,0.0
2022-11-08 00:00:00+02:00,4.719216780263955,4.729069232940674,4.719216780263955,4.729069232940674,1501,0.0,0.0
2022-11-09 00:00:00+02:00,4.669955491681284,4.669955491681284,4.581285765876102,4.620694637298584,4510,0.0,0.0
2022-11-10 00:00:00+02:00,4.640398979187012,4.640398979187012,4.640398979187012,4.640398979187012,13,0.0,0.0
2022-11-11 00:00:00+02:00,4.73892119995106,4.73892119995106,4.630546569824219,4.630546569824219,1513,0.0,0.0
2022-11-14 00:00:00+02:00,4.630546327957702,4.669955196892516,4.58128547668457,4.58128547668457,2218,0.0,0.0
2022-11-15 00:00:00+02:00,4.620694637298584,4.620694637298584,4.581285765876102,4.620694637298584,422,0.0,0.0
2022-11-16 00:00:00+02:00,4.581285765876102,4.699512380143547,4.581285765876102,4.620694637298584,2155,0.0,0.0
2022-11-17 00:00:00+02:00,4.581285765876102,4.620694637298584,4.561581330164862,4.620694637298584,263,0.0,0.0
2022-11-18 00:00:00+02:00,4.561581271627894,4.561581271627894,4.532024383544922,4.532024383544922,70,0.0,0.0
2022-11-21 00:00:00+02:00,4.669955291670989,4.669955291670989,4.561581134796143,4.561581134796143,3637,0.0,0.0
2022-11-22 00:00:00+02:00,4.532024247599776,4.630546421936357,4.532024247599776,4.561581134796143,612,0.0,0.0
2022-11-23 00:00:00+02:00,4.53202434037697,4.541876792907715,4.48276348709563,4.541876792907715,499,0.0,0.0
2022-11-24 00:00:00+02:00,4.522172451019287,4.522172451019287,4.522172451019287,4.522172451019287,15,0.0,0.0
2022-11-25 00:00:00+02:00,4.669955291670989,4.699512178867355,4.561581134796143,4.561581134796143,1640,0.0,0.0
2022-11-28 00:00:00+02:00,4.561581134796143,4.561581134796143,4.561581134796143,4.561581134796143,0,0.0,0.0
2022-11-29 00:00:00+02:00,4.630546545234334,4.8374433517456055,4.630546545234334,4.8374433517456055,11276,0.0,0.0
2022-11-30 00:00:00+02:00,4.768477879917627,4.876852035522461,4.768477879917627,4.876852035522461,202,0.0,0.0
2022-12-01 00:00:00+02:00,4.758625322728148,4.798034191131592,4.600989849114373,4.798034191131592,1372,0.0,0.0
2022-12-02 00:00:00+02:00,5.162566612486927,5.162566612486927,4.7389210296394335,4.768477916717529,856,0.0,0.0
2022-12-05 00:00:00+02:00,4.6502509117126465,4.6502509117126465,4.6502509117126465,4.6502509117126465,44,0.0,0.0
2022-12-07 00:00:00+02:00,4.650251005320844,4.7290692170981465,4.630546569824219,4.630546569824219,3830,0.0,0.0
2022-12-08 00:00:00+02:00,4.719216720438382,4.719216720438382,4.640398979187012,4.640398979187012,159,0.0,0.0
2022-12-09 00:00:00+02:00,4.630546627836785,4.719216823577881,4.630546627836785,4.719216823577881,420,0.0,0.0
2022-12-12 00:00:00+02:00,4.581285859297106,4.620694731523208,4.561581423184054,4.600990295410156,4818,0.0,0.0
2022-12-13 00:00:00+02:00,4.867000256128206,4.867000256128206,4.492615512628159,4.532024383544922,1989,0.0,0.0
2022-12-14 00:00:00+02:00,4.581285822452084,4.709364891052246,4.581285822452084,4.709364891052246,1620,0.0,0.0
2022-12-15 00:00:00+02:00,4.58128580208634,4.620694673820307,4.512320041656494,4.512320041656494,3597,0.0,0.0
2022-12-16 00:00:00+02:00,4.669955528592362,4.669955528592362,4.512320041656494,4.512320041656494,13589,0.0,0.0
2022-12-19 00:00:00+02:00,4.4433545330443,4.4433545330443,4.256162166595459,4.256162166595459,2604,0.0,0.0
2022-12-20 00:00:00+02:00,4.285718678144074,4.502467936597607,3.990152148149432,4.236457824707031,39324,0.0,0.0
2022-12-21 00:00:00+02:00,4.187196243506836,4.413797470770601,4.187196243506836,4.394093036651611,4472,0.0,0.0
2022-12-22 00:00:00+02:00,4.482763253227325,4.482763253227325,4.236457590298148,4.2857184410095215,5808,0.0,0.0
2022-12-23 00:00:00+02:00,4.256162260040008,4.285718678144074,4.167492066146218,4.236457824707031,3791,0.0,0.0
2022-12-27 00:00:00+02:00,4.187196501479193,4.236457824707031,4.187196501479193,4.236457824707031,6660,0.0,0.0
2022-12-28 00:00:00+02:00,4.334980194402898,4.334980194402898,4.167492251719184,4.197049140930176,7249,0.0,0.0
2022-12-29 00:00:00+02:00,4.177344082902754,4.197048988186838,4.1083787935716565,4.128083229064941,6723,0.0,0.0
2022-12-30 00:00:00+02:00,4.12808308615767,4.197048842892088,4.12808308615767,4.157639503479004,2195,0.0,0.0
2023-01-02 00:00:00+02:00,4.147787449522209,4.275866508483887,4.147787449522209,4.275866508483887,786,0.0,0.0
2023-01-03 00:00:00+02:00,4.364536438405695,4.433502197265625,4.256162278499687,4.433502197265625,6517,0.0,0.0
2023-01-04 00:00:00+02:00,4.285718584050611,4.3842407585524255,4.256162166595459,4.256162166595459,2172,0.0,0.0
2023-01-05 00:00:00+02:00,4.256162260040008,4.256162260040008,4.236457824707031,4.236457824707031,1007,0.0,0.0
2023-01-09 00:00:00+02:00,4.216753296794733,4.256162166595459,4.216753296794733,4.256162166595459,159,0.0,0.0
2023-01-10 00:00:00+02:00,4.394093404745296,4.394093404745296,4.2167534828186035,4.2167534828186035,1613,0.0,0.0
2023-01-11 00:00:00+02:00,4.2167534828186035,4.2167534828186035,4.2167534828186035,4.2167534828186035,0,0.0,0.0
2023-01-12 00:00:00+02:00,4.236457824707031,4.236457824707031,4.236457824707031,4.236457824707031,335,0.0,0.0
2023-01-13 00:00:00+02:00,4.2364577125143885,4.325127434269174,4.157639503479004,4.157639503479004,5815,0.0,0.0
2023-01-16 00:00:00+02:00,4.1576395968442155,4.1576395968442155,4.137935161590576,4.137935161590576,210,0.0,0.0
2023-01-17 00:00:00+02:00,4.137934934405327,4.2955708775705395,4.137934934405327,4.187196254730225,1143,0.0,0.0
2023-01-18 00:00:00+02:00,4.137935161590576,4.137935161590576,4.137935161590576,4.137935161590576,8,0.0,0.0
2023-01-19 00:00:00+02:00,4.29557101694784,4.29557101694784,4.137935068667853,4.157639503479004,1077,0.0,0.0
2023-01-20 00:00:00+02:00,4.19704886189437,4.256162166595459,4.19704886189437,4.256162166595459,1125,0.0,0.0
2023-01-23 00:00:00+02:00,4.256162166595459,4.3743887759976365,4.256162166595459,4.256162166595459,2323,0.0,0.0
2023-01-24 00:00:00+02:00,4.334980054305728,4.334980054305728,4.236457876437807,4.325127601623535,3560,0.0,0.0
2023-01-25 00:00:00+02:00,4.463058821457065,4.610841843463824,4.433501935181251,4.591137409210205,20543,0.0,0.0
2023-01-26 00:00:00+02:00,4.5911377142114205,4.926113588567035,4.5911377142114205,4.729069232940674,5492,0.0,0.0
2023-01-27 00:00:00+02:00,4.886704444885254,4.96552218273973,4.827591141494397,4.886704444885254,3698,0.0,0.0
2023-01-30 00:00:00+02:00,4.906409066757185,4.906409066757185,4.817738873388609,4.847295761108398,2413,0.0,0.0
2023-01-31 00:00:00+02:00,4.778329849243164,4.857147587572744,4.748773432264961,4.778329849243164,1523,0.0,0.0
2023-02-01 00:00:00+02:00,4.78818230142975,4.78818230142975,4.778329849243164,4.778329849243164,513,0.0,0.0
2023-02-02 00:00:00+02:00,4.906409169868903,4.985226912390362,4.906409169868903,4.926113605499268,2284,0.0,0.0
2023-02-03 00:00:00+02:00,4.926113419503359,4.965522289276123,4.827591245071448,4.965522289276123,1882,0.0,0.0
2023-02-06 00:00:00+02:00,4.965522289276123,5.12315776836718,4.965522289276123,4.965522289276123,1552,0.0,0.0
2023-02-07 00:00:00+02:00,5.182271462868427,5.182271462868427,4.6108419203974185,4.778329849243164,3033,0.0,0.0
2023-02-08 00:00:00+02:00,4.7881824653325635,5.00493125315837,4.7881824653325635,4.945817947387695,6783,0.0,0.0
2023-02-09 00:00:00+02:00,4.709364576008414,4.876852035522461,4.709364576008414,4.876852035522461,5144,0.0,0.0
2023-02-10 00:00:00+02:00,4.77832975692987,4.827591077329559,4.600989849114373,4.798034191131592,17981,0.0,0.0
2023-02-13 00:00:00+02:00,5.201976273504225,5.201976273504225,4.827591519583486,4.90640926361084,4100,0.0,0.0
2023-02-14 00:00:00+02:00,5.123157899824829,5.123157899824829,4.82759136894501,4.8374433517456055,32378,0.0,0.0
2023-02-15 00:00:00+02:00,5.3399073113895525,5.3399073113895525,4.709364891052246,4.709364891052246,3112,0.0,0.0
2023-02-16 00:00:00+02:00,4.837443227619247,4.965522289276123,4.8078868101850665,4.965522289276123,1260,0.0,0.0
2023-02-17 00:00:00+02:00,4.90640926361084,4.945818135624516,4.886704827604001,4.90640926361084,4365,0.0,0.0
2023-02-20 00:00:00+02:00,4.9064088294378605,4.916260811674062,4.896556377410889,4.896556377410889,1252,0.0,0.0
2023-02-21 00:00:00+02:00,4.758625675442959,5.0246357917785645,4.758625675442959,5.0246357917785645,90,0.0,0.0
2023-02-22 00:00:00+02:00,4.857147944759041,5.083749194015837,4.857147944759041,5.004931449890137,5641,0.0,0.0
2023-02-23 00:00:00+02:00,5.083749004258859,5.123157874850727,4.92611352189139,5.044340133666992,3154,0.0,0.0
2023-02-24 00:00:00+02:00,4.965522417726475,5.773405208548381,4.965522417726475,5.241384983062744,2053,0.0,0.0
2023-02-27 00:00:00+02:00,5.359611481393705,5.379315916370524,4.945817877089697,5.162566661834717,9143,0.0,0.0
2023-02-28 00:00:00+02:00,5.65517792610706,5.65517792610706,5.2019759280464495,5.2807936668396,5140,0.0,0.0
2023-03-01 00:00:00+02:00,5.300498176463244,5.458133656277805,5.162566661834717,5.162566661834717,6888,0.0,0.0
2023-03-02 00:00:00+02:00,5.162566588859095,5.2807936668396,5.162566588859095,5.2807936668396,304,0.0,0.0
2023-03-03 00:00:00+02:00,5.221680547666639,5.320202724647165,5.221680547666639,5.241384983062744,1755,0.0,0.0
2023-03-06 00:00:00+02:00,5.221680454859393,5.261089324951172,4.926113459380262,5.261089324951172,2170,0.0,0.0
2023-03-07 00:00:00+02:00,5.103453345420382,5.103453345420382,5.06404447555542,5.06404447555542,150,0.0,0.0
2023-03-08 00:00:00+02:00,5.221680256747027,5.221680256747027,4.916260820437277,5.2019758224487305,19162,0.0,0.0
2023-03-09 00:00:00+02:00,4.886704471725395,5.083748817443848,4.886704471725395,5.083748817443848,2850,0.0,0.0
2023-03-10 00:00:00+02:00,4.926113442112877,5.182271566602324,4.926113442112877,5.162566661834717,1155,0.0,0.0
2023-03-13 00:00:00+02:00,5.123158006974964,5.123158006974964,4.916261196136475,4.916261196136475,1916,0.0,0.0
2023-03-14 00:00:00+02:00,4.985226724162505,4.985226724162505,4.945817854389741,4.965522289276123,1935,0.0,0.0
2023-03-15 00:00:00+02:00,5.123157801200384,5.123157801200384,4.857147693634033,4.857147693634033,1621,0.0,0.0
2023-03-16 00:00:00+02:00,4.758625507354736,4.758625507354736,4.758625507354736,4.758625507354736,31,0.0,0.0
2023-03-17 00:00:00+02:00,4.827591233319993,4.926113407512077,4.748773493966325,4.867000102996826,2695,0.0,0.0
2023-03-20 00:00:00+02:00,5.3202028267909744,5.3202028267909744,4.817739009857178,4.817739009857178,15,0.0,0.0
2023-03-21 00:00:00+02:00,4.876852380790466,5.004931449890137,4.876852380790466,5.004931449890137,1224,0.0,0.0
2023-03-22 00:00:00+02:00,4.985226631164551,5.024635500202153,4.66995520907295,4.985226631164551,3012,0.0,0.0
2023-03-23 00:00:00+02:00,4.90640926361084,4.90640926361084,4.90640926361084,4.90640926361084,25,0.0,0.0
2023-03-24 00:00:00+02:00,4.90640926361084,4.90640926361084,4.90640926361084,4.90640926361084,0,0.0,0.0
2023-03-27 00:00:00+03:00,4.837443452920061,4.916261196136475,4.630546642081571,4.916261196136475,269,0.0,0.0
2023-03-28 00:00:00+03:00,5.142862319946289,5.142862319946289,5.142862319946289,5.142862319946289,100,0.0,0.0
2023-03-29 00:00:00+03:00,4.926113501973447,4.926113501973447,4.827591325892136,4.847295761108398,3640,0.0,0.0
2023-03-30 00:00:00+03:00,4.738921215826592,4.738921215826592,4.679807909138683,4.729069232940674,5038,0.0,0.0
2023-03-31 00:00:00+03:00,4.78818230142975,4.78818230142975,4.778329849243164,4.778329849243164,2041,0.0,0.0
2023-04-03 00:00:00+03:00,4.975374929470582,4.975374929470582,4.768478120456348,4.926113605499268,3767,0.0,0.0
2023-04-04 00:00:00+03:00,4.867000102996826,4.867000102996826,4.867000102996826,4.867000102996826,44,0.0,0.0
2023-04-05 00:00:00+03:00,4.90640926361084,4.90640926361084,4.768478211562972,4.90640926361084,78,0.0,0.0
2023-04-06 00:00:00+03:00,4.827591427347443,4.926113605499268,4.827591427347443,4.926113605499268,28,0.0,0.0
2023-04-11 00:00:00+03:00,4.926113613467377,5.172419294140747,4.926113613467377,5.0246357917785645,5759,0.0,0.0
2023-04-12 00:00:00+03:00,4.906408954516113,5.073896884918213,4.906408954516113,5.073896884918213,1252,0.0,0.0
2023-04-13 00:00:00+03:00,5.073896884918213,5.073896884918213,5.073896884918213,5.073896884918213,0,0.0,0.0
2023-04-14 00:00:00+03:00,5.024635766380215,5.024635766380215,4.729069232940674,4.729069232940674,12002,0.0,0.0
2023-04-17 00:00:00+03:00,4.72906904714059,5.123157742909987,4.72906904714059,4.768477916717529,4878,0.0,0.0
2023-04-18 00:00:00+03:00,4.709364797378038,4.886704717441763,4.709364797378038,4.729069232940674,7205,0.0,0.0
2023-04-19 00:00:00+03:00,4.886704537835243,4.906408972673661,4.847295668158409,4.867000102996826,5432,0.0,0.0
2023-04-20 00:00:00+03:00,5.0246357917785645,5.0246357917785645,5.0246357917785645,5.0246357917785645,397,0.0,0.0
2023-04-21 00:00:00+03:00,4.975374729503511,4.975374729503511,4.807886798481575,4.867000102996826,2244,0.0,0.0
2023-04-24 00:00:00+03:00,4.880000114440918,4.900000095367432,4.800000190734863,4.800000190734863,590,0.073,0.0
2023-04-25 00:00:00+03:00,4.739999771118164,4.880000114440918,4.739999771118164,4.78000020980835,1513,0.0,0.0
2023-04-26 00:00:00+03:00,4.619999885559082,4.820000171661377,4.619999885559082,4.820000171661377,208,0.0,0.0
2023-04-27 00:00:00+03:00,4.659999847412109,4.800000190734863,4.659999847412109,4.659999847412109,101,0.0,0.0
2023-04-28 00:00:00+03:00,4.820000171661377,4.820000171661377,4.619999885559082,4.679999828338623,539,0.0,0.0
2023-05-02 00:00:00+03:00,4.599999904632568,4.739999771118164,4.579999923706055,4.699999809265137,10960,0.0,0.0
2023-05-03 00:00:00+03:00,4.599999904632568,4.71999979019165,4.599999904632568,4.599999904632568,9044,0.0,0.0
2023-05-04 00:00:00+03:00,4.599999904632568,4.659999847412109,4.599999904632568,4.659999847412109,340,0.0,0.0
2023-05-05 00:00:00+03:00,4.659999847412109,4.659999847412109,4.659999847412109,4.659999847412109,220,0.0,0.0
2023-05-08 00:00:00+03:00,4.78000020980835,4.78000020980835,4.559999942779541,4.559999942779541,2167,0.0,0.0
2023-05-09 00:00:00+03:00,4.559999942779541,4.639999866485596,4.539999961853027,4.599999904632568,8695,0.0,0.0
2023-05-10 00:00:00+03:00,4.639999866485596,4.639999866485596,4.639999866485596,4.639999866485596,180,0.0,0.0
2023-05-11 00:00:00+03:00,4.599999904632568,4.599999904632568,4.519999980926514,4.519999980926514,450,0.0,0.0
2023-05-12 00:00:00+03:00,4.78000020980835,4.78000020980835,4.679999828338623,4.699999809265137,2941,0.0,0.0
2023-05-15 00:00:00+03:00,4.659999847412109,4.800000190734863,4.659999847412109,4.800000190734863,2665,0.0,0.0
2023-05-16 00:00:00+03:00,4.78000020980835,4.800000190734863,4.760000228881836,4.760000228881836,3297,0.0,0.0
2023-05-17 00:00:00+03:00,4.800000190734863,4.800000190734863,4.599999904632568,4.699999809265137,806,0.0,0.0
2023-05-19 00:00:00+03:00,4.699999809265137,4.699999809265137,4.599999904632568,4.639999866485596,2574,0.0,0.0
2023-05-22 00:00:00+03:00,4.659999847412109,4.659999847412109,4.639999866485596,4.639999866485596,99,0.0,0.0
2023-05-23 00:00:00+03:00,4.659999847412109,4.659999847412109,4.659999847412109,4.659999847412109,1,0.0,0.0
2023-05-24 00:00:00+03:00,4.659999847412109,4.659999847412109,4.480000019073486,4.480000019073486,7826,0.0,0.0
2023-05-25 00:00:00+03:00,4.519999980926514,4.519999980926514,4.400000095367432,4.400000095367432,7988,0.0,0.0
2023-05-26 00:00:00+03:00,4.400000095367432,4.400000095367432,4.400000095367432,4.400000095367432,0,0.0,0.0
2023-05-29 00:00:00+03:00,4.480000019073486,4.480000019073486,4.440000057220459,4.440000057220459,1452,0.0,0.0
2023-05-30 00:00:00+03:00,4.639999866485596,4.639999866485596,4.380000114440918,4.400000095367432,4399,0.0,0.0
2023-05-31 00:00:00+03:00,4.380000114440918,4.380000114440918,4.300000190734863,4.300000190734863,35612,0.0,0.0
2023-06-01 00:00:00+03:00,4.760000228881836,4.760000228881836,4.380000114440918,4.380000114440918,3868,0.0,0.0
2023-06-02 00:00:00+03:00,4.400000095367432,4.440000057220459,4.300000190734863,4.440000057220459,765,0.0,0.0
2023-06-05 00:00:00+03:00,4.440000057220459,4.460000038146973,4.400000095367432,4.460000038146973,3402,0.0,0.0
2023-06-06 00:00:00+03:00,4.320000171661377,4.440000057220459,4.320000171661377,4.440000057220459,1100,0.0,0.0
2023-06-07 00:00:00+03:00,4.559999942779541,4.559999942779541,4.300000190734863,4.300000190734863,11504,0.0,0.0
2023-06-08 00:00:00+03:00,4.440000057220459,4.440000057220459,4.260000228881836,4.380000114440918,3094,0.0,0.0
2023-06-09 00:00:00+03:00,4.380000114440918,4.400000095367432,4.380000114440918,4.400000095367432,1331,0.0,0.0
2023-06-12 00:00:00+03:00,4.139999866485596,4.380000114440918,4.139999866485596,4.360000133514404,3649,0.0,0.0
2023-06-13 00:00:00+03:00,4.480000019073486,4.679999828338623,4.300000190734863,4.480000019073486,5306,0.0,0.0
2023-06-14 00:00:00+03:00,4.5,4.5,4.400000095367432,4.400000095367432,1225,0.0,0.0
2023-06-15 00:00:00+03:00,4.5,4.5,4.340000152587891,4.400000095367432,1775,0.0,0.0
2023-06-16 00:00:00+03:00,4.360000133514404,4.440000057220459,4.360000133514404,4.420000076293945,2038,0.0,0.0
2023-06-19 00:00:00+03:00,4.579999923706055,4.579999923706055,4.539999961853027,4.539999961853027,1320,0.0,0.0
2023-06-20 00:00:00+03:00,4.480000019073486,4.480000019073486,4.400000095367432,4.480000019073486,2513,0.0,0.0
2023-06-21 00:00:00+03:00,4.599999904632568,4.599999904632568,4.460000038146973,4.480000019073486,2238,0.0,0.0
2023-06-22 00:00:00+03:00,4.599999904632568,4.599999904632568,4.599999904632568,4.599999904632568,67,0.0,0.0
2023-06-26 00:00:00+03:00,4.420000076293945,4.800000190734863,4.420000076293945,4.679999828338623,2675,0.0,0.0
2023-06-27 00:00:00+03:00,4.619999885559082,4.619999885559082,4.460000038146973,4.539999961853027,702,0.0,0.0
2023-06-28 00:00:00+03:00,4.559999942779541,4.559999942779541,4.420000076293945,4.5,1626,0.0,0.0
2023-06-29 00:00:00+03:00,4.519999980926514,4.519999980926514,4.340000152587891,4.340000152587891,5647,0.0,0.0
2023-06-30 00:00:00+03:00,4.300000190734863,4.300000190734863,4.059999942779541,4.239999771118164,10693,0.0,0.0
2023-07-03 00:00:00+03:00,4.420000076293945,4.420000076293945,4.260000228881836,4.360000133514404,2495,0.0,0.0
2023-07-04 00:00:00+03:00,4.400000095367432,4.400000095367432,4.320000171661377,4.320000171661377,3804,0.0,0.0
2023-07-05 00:00:00+03:00,4.340000152587891,4.400000095367432,4.300000190734863,4.400000095367432,3457,0.0,0.0
2023-07-06 00:00:00+03:00,4.400000095367432,4.400000095367432,4.300000190734863,4.300000190734863,3279,0.0,0.0
2023-07-07 00:00:00+03:00,4.340000152587891,4.340000152587891,4.340000152587891,4.340000152587891,10,0.0,0.0
2023-07-10 00:00:00+03:00,4.260000228881836,4.300000190734863,4.179999828338623,4.300000190734863,2349,0.0,0.0
2023-07-11 00:00:00+03:00,4.199999809265137,4.199999809265137,4.199999809265137,4.199999809265137,84,0.0,0.0
2023-07-12 00:00:00+03:00,4.239999771118164,4.28000020980835,4.239999771118164,4.28000020980835,84,0.0,0.0
2023-07-13 00:00:00+03:00,4.320000171661377,4.420000076293945,4.320000171661377,4.420000076293945,2872,0.0,0.0
2023-07-14 00:00:00+03:00,4.320000171661377,4.320000171661377,4.239999771118164,4.260000228881836,2434,0.0,0.0
2023-07-17 00:00:00+03:00,4.260000228881836,4.320000171661377,4.21999979019165,4.320000171661377,317,0.0,0.0
2023-07-18 00:00:00+03:00,4.460000038146973,4.460000038146973,4.28000020980835,4.28000020980835,17,0.0,0.0
2023-07-19 00:00:00+03:00,4.300000190734863,4.300000190734863,4.300000190734863,4.300000190734863,115,0.0,0.0
2023-07-20 00:00:00+03:00,4.300000190734863,4.300000190734863,4.300000190734863,4.300000190734863,0,0.0,0.0
2023-07-21 00:00:00+03:00,4.320000171661377,4.320000171661377,4.179999828338623,4.179999828338623,379,0.0,0.0
2023-07-24 00:00:00+03:00,4.539999961853027,4.539999961853027,4.340000152587891,4.360000133514404,5115,0.0,0.0
2023-07-25 00:00:00+03:00,4.28000020980835,4.28000020980835,4.28000020980835,4.28000020980835,49,0.0,0.0
2023-07-26 00:00:00+03:00,4.28000020980835,4.400000095367432,4.28000020980835,4.400000095367432,831,0.0,0.0
2023-07-27 00:00:00+03:00,4.420000076293945,4.460000038146973,4.420000076293945,4.420000076293945,404,0.0,0.0
2023-07-28 00:00:00+03:00,4.300000190734863,4.440000057220459,4.300000190734863,4.440000057220459,257,0.0,0.0
2023-07-31 00:00:00+03:00,4.21999979019165,4.460000038146973,4.21999979019165,4.440000057220459,803,0.0,0.0
2023-08-01 00:00:00+03:00,4.159999847412109,4.420000076293945,4.159999847412109,4.300000190734863,654,0.0,0.0
2023-08-02 00:00:00+03:00,4.300000190734863,4.300000190734863,4.300000190734863,4.300000190734863,0,0.0,0.0
2023-08-03 00:00:00+03:00,4.139999866485596,4.460000038146973,4.139999866485596,4.460000038146973,616,0.0,0.0
2023-08-04 00:00:00+03:00,4.440000057220459,4.440000057220459,4.440000057220459,4.440000057220459,34,0.0,0.0
2023-08-07 00:00:00+03:00,4.519999980926514,4.519999980926514,4.380000114440918,4.380000114440918,3187,0.0,0.0
2023-08-08 00:00:00+03:00,4.559999942779541,4.559999942779541,4.28000020980835,4.300000190734863,3043,0.0,0.0
2023-08-09 00:00:00+03:00,4.420000076293945,4.420000076293945,4.21999979019165,4.340000152587891,3247,0.0,0.0
2023-08-10 00:00:00+03:00,4.380000114440918,4.380000114440918,4.300000190734863,4.300000190734863,2097,0.0,0.0
2023-08-11 00:00:00+03:00,4.300000190734863,4.300000190734863,4.300000190734863,4.300000190734863,0,0.0,0.0
2023-08-14 00:00:00+03:00,4.28000020980835,4.320000171661377,4.28000020980835,4.320000171661377,4105,0.0,0.0
2023-08-15 00:00:00+03:00,4.239999771118164,4.239999771118164,4.239999771118164,4.239999771118164,7,0.0,0.0
2023-08-16 00:00:00+03:00,4.239999771118164,4.239999771118164,4.239999771118164,4.239999771118164,0,0.0,0.0
2023-08-17 00:00:00+03:00,4.239999771118164,4.239999771118164,4.239999771118164,4.239999771118164,0,0.0,0.0
2023-08-18 00:00:00+03:00,4.300000190734863,4.300000190734863,4.199999809265137,4.199999809265137,701,0.0,0.0
2023-08-21 00:00:00+03:00,4.159999847412109,4.179999828338623,4.159999847412109,4.159999847412109,415,0.0,0.0
2023-08-22 00:00:00+03:00,4.159999847412109,4.159999847412109,4.159999847412109,4.159999847412109,0,0.0,0.0
2023-08-23 00:00:00+03:00,4.159999847412109,4.159999847412109,4.139999866485596,4.139999866485596,16,0.0,0.0
2023-08-24 00:00:00+03:00,4.139999866485596,4.139999866485596,4.079999923706055,4.139999866485596,759,0.0,0.0
2023-08-25 00:00:00+03:00,4.139999866485596,4.179999828338623,4.019999980926514,4.099999904632568,2529,0.0,0.0
2023-08-28 00:00:00+03:00,4.019999980926514,4.019999980926514,3.9200000762939453,4.019999980926514,3782,0.0,0.0
2023-08-29 00:00:00+03:00,4.099999904632568,4.099999904632568,4.099999904632568,4.099999904632568,400,0.0,0.0
2023-08-30 00:00:00+03:00,4.079999923706055,4.079999923706055,4.079999923706055,4.079999923706055,427,0.0,0.0
2023-08-31 00:00:00+03:00,4.159999847412109,4.5,4.159999847412109,4.320000171661377,10362,0.0,0.0
2023-09-01 00:00:00+03:00,4.300000190734863,4.300000190734863,3.9600000381469727,4.139999866485596,1418,0.0,0.0
2023-09-04 00:00:00+03:00,4.119999885559082,4.119999885559082,4.079999923706055,4.079999923706055,669,0.0,0.0
2023-09-05 00:00:00+03:00,4.079999923706055,4.079999923706055,4.0,4.0,228,0.0,0.0
2023-09-06 00:00:00+03:00,4.0,4.0,3.9800000190734863,3.9800000190734863,1079,0.0,0.0
2023-09-07 00:00:00+03:00,4.0,4.099999904632568,4.0,4.099999904632568,797,0.0,0.0
2023-09-08 00:00:00+03:00,4.039999961853027,4.039999961853027,4.039999961853027,4.039999961853027,42,0.0,0.0
2023-09-11 00:00:00+03:00,4.0,4.0,3.9000000953674316,3.9800000190734863,1934,0.0,0.0
2023-09-12 00:00:00+03:00,3.9800000190734863,4.0,3.9800000190734863,4.0,805,0.0,0.0
2023-09-13 00:00:00+03:00,3.9800000190734863,3.9800000190734863,3.9800000190734863,3.9800000190734863,42,0.0,0.0
2023-09-14 00:00:00+03:00,4.019999980926514,4.059999942779541,3.9800000190734863,4.059999942779541,722,0.0,0.0
2023-09-15 00:00:00+03:00,4.119999885559082,4.400000095367432,4.119999885559082,4.300000190734863,3338,0.0,0.0
2023-09-18 00:00:00+03:00,4.019999980926514,4.260000228881836,4.019999980926514,4.260000228881836,497,0.0,0.0
2023-09-19 00:00:00+03:00,4.300000190734863,4.320000171661377,4.300000190734863,4.320000171661377,145,0.0,0.0
2023-09-20 00:00:00+03:00,4.21999979019165,4.28000020980835,4.199999809265137,4.28000020980835,300,0.0,0.0
2023-09-21 00:00:00+03:00,4.079999923706055,4.159999847412109,4.079999923706055,4.159999847412109,1345,0.0,0.0
2023-09-22 00:00:00+03:00,4.099999904632568,4.099999904632568,4.099999904632568,4.099999904632568,1980,0.0,0.0
2023-09-25 00:00:00+03:00,4.019999980926514,4.139999866485596,4.019999980926514,4.139999866485596,484,0.0,0.0
2023-09-26 00:00:00+03:00,4.159999847412109,4.159999847412109,4.159999847412109,4.159999847412109,1,0.0,0.0
2023-09-27 00:00:00+03:00,4.0,4.099999904632568,4.0,4.079999923706055,1839,0.0,0.0
2023-09-28 00:00:00+03:00,3.9800000190734863,4.059999942779541,3.9200000762939453,4.0,2368,0.0,0.0
2023-09-29 00:00:00+03:00,4.019999980926514,4.039999961853027,4.0,4.0,1010,0.0,0.0
2023-10-02 00:00:00+03:00,4.099999904632568,4.099999904632568,3.940000057220459,3.9600000381469727,902,0.0,0.0
2023-10-03 00:00:00+03:00,3.9600000381469727,3.9600000381469727,3.9200000762939453,3.9200000762939453,1029,0.0,0.0
2023-10-04 00:00:00+03:00,3.9600000381469727,3.9600000381469727,3.9600000381469727,3.9600000381469727,20,0.0,0.0
2023-10-05 00:00:00+03:00,3.9000000953674316,3.9800000190734863,3.9000000953674316,3.9800000190734863,481,0.0,0.0
2023-10-06 00:00:00+03:00,4.059999942779541,4.059999942779541,3.819999933242798,3.9200000762939453,1373,0.0,0.0
2023-10-09 00:00:00+03:00,3.9000000953674316,3.9200000762939453,3.9000000953674316,3.9200000762939453,1004,0.0,0.0
2023-10-10 00:00:00+03:00,3.799999952316284,4.0,3.799999952316284,4.0,1449,0.0,0.0
2023-10-11 00:00:00+03:00,3.9200000762939453,3.9200000762939453,3.740000009536743,3.8399999141693115,6271,0.0,0.0
2023-10-12 00:00:00+03:00,3.859999895095825,3.9000000953674316,3.799999952316284,3.9000000953674316,2226,0.0,0.0
2023-10-13 00:00:00+03:00,3.9000000953674316,4.0,3.880000114440918,3.880000114440918,824,0.0,0.0
2023-10-16 00:00:00+03:00,3.8399999141693115,3.8399999141693115,3.8399999141693115,3.8399999141693115,237,0.0,0.0
2023-10-17 00:00:00+03:00,3.7799999713897705,3.7799999713897705,3.759999990463257,3.759999990463257,300,0.0,0.0
2023-10-18 00:00:00+03:00,3.740000009536743,3.740000009536743,3.7200000286102295,3.7200000286102295,244,0.0,0.0
2023-10-19 00:00:00+03:00,3.700000047683716,3.799999952316284,3.700000047683716,3.700000047683716,339,0.0,0.0
2023-10-20 00:00:00+03:00,3.640000104904175,3.880000114440918,3.640000104904175,3.740000009536743,845,0.0,0.0
2023-10-23 00:00:00+03:00,3.5999999046325684,3.9000000953674316,3.5999999046325684,3.759999990463257,3348,0.0,0.0
2023-10-24 00:00:00+03:00,3.819999933242798,3.819999933242798,3.740000009536743,3.759999990463257,2477,0.0,0.0
2023-10-25 00:00:00+03:00,3.7200000286102295,3.880000114440918,3.7200000286102295,3.799999952316284,2950,0.0,0.0
2023-10-26 00:00:00+03:00,3.5999999046325684,3.5999999046325684,3.380000114440918,3.5999999046325684,15842,0.0,0.0
2023-10-27 00:00:00+03:00,3.5999999046325684,3.5999999046325684,3.359999895095825,3.359999895095825,6234,0.0,0.0
2023-10-30 00:00:00+02:00,3.319999933242798,3.359999895095825,3.2200000286102295,3.359999895095825,5601,0.0,0.0
2023-10-31 00:00:00+02:00,3.200000047683716,3.240000009536743,3.200000047683716,3.240000009536743,138,0.0,0.0
2023-11-01 00:00:00+02:00,3.240000009536743,3.3399999141693115,3.200000047683716,3.259999990463257,4781,0.0,0.0
2023-11-02 00:00:00+02:00,3.319999933242798,3.4000000953674316,3.119999885559082,3.200000047683716,11224,0.0,0.0
2023-11-03 00:00:00+02:00,3.380000114440918,3.380000114440918,3.180000066757202,3.180000066757202,8896,0.0,0.0
2023-11-06 00:00:00+02:00,3.200000047683716,3.259999990463257,3.180000066757202,3.180000066757202,498,0.0,0.0
2023-11-07 00:00:00+02:00,3.1600000858306885,3.259999990463257,3.1600000858306885,3.180000066757202,141,0.0,0.0
2023-11-08 00:00:00+02:00,3.119999885559082,3.440000057220459,3.119999885559082,3.380000114440918,14225,0.0,0.0
2023-11-09 00:00:00+02:00,3.4000000953674316,3.4000000953674316,3.259999990463257,3.259999990463257,5376,0.0,0.0
2023-11-10 00:00:00+02:00,3.299999952316284,3.4600000381469727,3.299999952316284,3.299999952316284,4819,0.0,0.0
2023-11-13 00:00:00+02:00,3.319999933242798,3.319999933242798,3.319999933242798,3.319999933242798,1055,0.0,0.0
