Date,Open,High,Low,Close,Volume,Dividends,Stock Splits
2021-06-24 00:00:00+03:00,8.5,10.5,8.489999771118164,9.5,1140432,0.0,0.0
2021-06-28 00:00:00+03:00,9.949000358581543,11.199999809265137,9.739999771118164,10.496000289916992,345395,0.0,0.0
2021-06-29 00:00:00+03:00,10.642000198364258,10.819999694824219,10.0,10.013999938964844,238356,0.0,0.0
2021-06-30 00:00:00+03:00,10.149999618530273,10.149999618530273,10.013999938964844,10.029999732971191,81459,0.0,0.0
2021-07-01 00:00:00+03:00,10.149999618530273,10.649999618530273,10.039999961853027,10.619999885559082,66627,0.0,0.0
2021-07-02 00:00:00+03:00,10.788000106811523,14.0,10.699999809265137,12.5,166208,0.0,0.0
2021-07-05 00:00:00+03:00,13.01200008392334,15.300000190734863,13.01200008392334,14.699999809265137,324204,0.0,0.0
2021-07-06 00:00:00+03:00,15.0,15.199999809265137,13.0600004196167,13.399999618530273,276804,0.0,0.0
2021-07-07 00:00:00+03:00,13.65999984741211,14.050000190734863,12.899999618530273,12.902000427246094,121818,0.0,0.0
2021-07-08 00:00:00+03:00,12.998000144958496,13.079999923706055,11.8100004196167,12.050000190734863,161502,0.0,0.0
2021-07-09 00:00:00+03:00,12.199999809265137,12.399999618530273,12.104000091552734,12.25,94365,0.0,0.0
2021-07-12 00:00:00+03:00,12.300000190734863,12.36400032043457,12.0,12.039999961853027,50191,0.0,0.0
2021-07-13 00:00:00+03:00,12.199999809265137,12.25,12.0,12.23799991607666,32152,0.0,0.0
2021-07-14 00:00:00+03:00,12.244000434875488,12.25,12.112000465393066,12.187999725341797,25115,0.0,0.0
2021-07-15 00:00:00+03:00,12.248000144958496,12.371999740600586,12.192000389099121,12.347999572753906,24120,0.0,0.0
2021-07-16 00:00:00+03:00,12.37399959564209,13.199999809265137,12.37399959564209,12.899999618530273,65794,0.0,0.0
2021-07-19 00:00:00+03:00,12.699999809265137,12.89799976348877,12.5,12.539999961853027,29595,0.0,0.0
2021-07-20 00:00:00+03:00,12.649999618530273,13.093999862670898,12.649999618530273,12.869999885559082,26758,0.0,0.0
2021-07-21 00:00:00+03:00,13.1899995803833,13.199999809265137,12.899999618530273,13.199999809265137,38232,0.0,0.0
2021-07-22 00:00:00+03:00,13.289999961853027,13.300000190734863,12.92199993133545,13.043999671936035,20482,0.0,0.0
2021-07-23 00:00:00+03:00,13.300000190734863,13.300000190734863,12.770000457763672,12.807999610900879,33949,0.0,0.0
2021-07-26 00:00:00+03:00,12.8100004196167,12.899999618530273,12.0,12.22599983215332,43517,0.0,0.0
2021-07-27 00:00:00+03:00,12.460000038146973,12.460000038146973,12.121999740600586,12.130000114440918,22657,0.0,0.0
2021-07-28 00:00:00+03:00,12.130000114440918,12.390000343322754,11.449999809265137,11.569999694824219,154794,0.0,0.0
2021-07-29 00:00:00+03:00,11.5,11.5,11.039999961853027,11.329999923706055,73194,0.0,0.0
2021-07-30 00:00:00+03:00,11.399999618530273,12.302000045776367,11.329999923706055,11.779999732971191,35446,0.0,0.0
2021-08-02 00:00:00+03:00,12.0,12.260000228881836,11.819999694824219,12.020000457763672,30391,0.0,0.0
2021-08-03 00:00:00+03:00,12.0600004196167,12.0600004196167,11.779999732971191,11.899999618530273,23708,0.0,0.0
2021-08-04 00:00:00+03:00,12.0,12.100000381469727,11.699999809265137,11.699999809265137,27401,0.0,0.0
2021-08-05 00:00:00+03:00,11.699999809265137,11.800000190734863,11.5,11.600000381469727,7387,0.0,0.0
2021-08-06 00:00:00+03:00,11.859999656677246,11.859999656677246,11.5,11.59000015258789,11829,0.0,0.0
2021-08-09 00:00:00+03:00,11.600000381469727,11.989999771118164,11.300000190734863,11.479999542236328,23870,0.0,0.0
2021-08-10 00:00:00+03:00,11.5,11.5,11.050000190734863,11.260000228881836,31506,0.0,0.0
2021-08-11 00:00:00+03:00,11.260000228881836,11.680000305175781,11.199999809265137,11.300000190734863,38829,0.0,0.0
2021-08-12 00:00:00+03:00,11.300000190734863,11.529999732971191,11.300000190734863,11.319999694824219,31245,0.0,0.0
2021-08-13 00:00:00+03:00,11.350000381469727,11.489999771118164,11.34000015258789,11.399999618530273,12962,0.0,0.0
2021-08-16 00:00:00+03:00,12.170000076293945,12.739999771118164,12.020000457763672,12.699999809265137,116296,0.0,0.0
2021-08-17 00:00:00+03:00,12.899999618530273,13.390000343322754,12.829999923706055,13.149999618530273,149278,0.0,0.0
2021-08-18 00:00:00+03:00,13.300000190734863,13.300000190734863,12.800000190734863,12.960000038146973,64584,0.0,0.0
2021-08-19 00:00:00+03:00,13.0,13.199999809265137,12.989999771118164,13.0,74540,0.0,0.0
2021-08-20 00:00:00+03:00,13.100000381469727,13.100000381469727,12.699999809265137,12.720000267028809,27622,0.0,0.0
2021-08-23 00:00:00+03:00,12.850000381469727,13.0,12.75,12.770000457763672,39532,0.0,0.0
2021-08-24 00:00:00+03:00,12.850000381469727,12.970000267028809,12.800000190734863,12.899999618530273,33542,0.0,0.0
2021-08-25 00:00:00+03:00,12.970000267028809,13.079999923706055,12.960000038146973,13.0,19603,0.0,0.0
2021-08-26 00:00:00+03:00,13.130000114440918,13.130000114440918,12.970000267028809,13.0,27331,0.0,0.0
2021-08-27 00:00:00+03:00,13.130000114440918,13.699999809265137,13.130000114440918,13.6899995803833,73621,0.0,0.0
2021-08-30 00:00:00+03:00,14.180000305175781,15.390000343322754,14.180000305175781,14.75,217754,0.0,0.0
2021-08-31 00:00:00+03:00,15.0,15.100000381469727,14.84000015258789,14.890000343322754,108486,0.0,0.0
2021-09-01 00:00:00+03:00,15.029999732971191,17.31999969482422,15.029999732971191,16.899999618530273,254822,0.0,0.0
2021-09-02 00:00:00+03:00,17.399999618530273,17.399999618530273,16.010000228881836,16.579999923706055,124807,0.0,0.0
2021-09-03 00:00:00+03:00,16.780000686645508,16.969999313354492,16.610000610351562,16.729999542236328,79073,0.0,0.0
2021-09-06 00:00:00+03:00,17.229999542236328,17.229999542236328,16.860000610351562,17.0,125976,0.0,0.0
2021-09-07 00:00:00+03:00,17.149999618530273,17.149999618530273,16.1200008392334,16.34000015258789,91832,0.0,0.0
2021-09-08 00:00:00+03:00,16.360000610351562,16.690000534057617,15.8100004196167,15.880000114440918,71823,0.0,0.0
2021-09-09 00:00:00+03:00,15.9399995803833,17.0,15.880000114440918,16.899999618530273,46843,0.0,0.0
2021-09-10 00:00:00+03:00,16.979999542236328,17.0,16.440000534057617,16.8700008392334,40006,0.0,0.0
2021-09-13 00:00:00+03:00,16.8700008392334,16.940000534057617,15.649999618530273,15.90999984741211,81713,0.0,0.0
2021-09-14 00:00:00+03:00,15.949999809265137,16.440000534057617,15.850000381469727,15.850000381469727,48317,0.0,0.0
2021-09-15 00:00:00+03:00,15.850000381469727,15.850000381469727,14.220000267028809,14.699999809265137,169136,0.0,0.0
2021-09-16 00:00:00+03:00,14.699999809265137,15.90999984741211,14.260000228881836,14.4399995803833,163662,0.0,0.0
2021-09-17 00:00:00+03:00,14.039999961853027,15.25,14.029999732971191,14.649999618530273,65879,0.0,0.0
2021-09-20 00:00:00+03:00,14.720000267028809,14.800000190734863,13.319999694824219,13.5600004196167,173955,0.0,0.0
2021-09-21 00:00:00+03:00,13.5,14.899999618530273,13.5,14.109999656677246,129548,0.0,0.0
2021-09-22 00:00:00+03:00,14.579999923706055,14.890000343322754,14.220000267028809,14.399999618530273,75521,0.0,0.0
2021-09-23 00:00:00+03:00,14.800000190734863,14.800000190734863,14.449999809265137,14.460000038146973,35193,0.0,0.0
2021-09-24 00:00:00+03:00,14.460000038146973,14.65999984741211,13.739999771118164,13.880000114440918,61217,0.0,0.0
2021-09-27 00:00:00+03:00,14.25,14.25,13.0,13.100000381469727,114918,0.0,0.0
2021-09-28 00:00:00+03:00,13.149999618530273,13.300000190734863,12.15999984741211,12.199999809265137,142647,0.0,0.0
2021-09-29 00:00:00+03:00,12.300000190734863,13.289999961853027,12.010000228881836,12.100000381469727,133552,0.0,0.0
2021-09-30 00:00:00+03:00,12.380000114440918,12.5,12.069999694824219,12.069999694824219,73191,0.0,0.0
2021-10-01 00:00:00+03:00,12.09000015258789,12.100000381469727,11.5,12.0,84111,0.0,0.0
2021-10-04 00:00:00+03:00,12.1899995803833,12.59000015258789,11.510000228881836,11.819999694824219,82006,0.0,0.0
2021-10-05 00:00:00+03:00,11.819999694824219,12.25,11.739999771118164,11.949999809265137,74202,0.0,0.0
2021-10-06 00:00:00+03:00,12.0,12.029999732971191,11.399999618530273,11.539999961853027,76937,0.0,0.0
2021-10-07 00:00:00+03:00,11.800000190734863,11.949999809265137,11.40999984741211,11.949999809265137,70165,0.0,0.0
2021-10-08 00:00:00+03:00,11.970000267028809,12.84000015258789,11.510000228881836,12.609999656677246,88662,0.0,0.0
2021-10-11 00:00:00+03:00,13.0,14.180000305175781,13.0,13.399999618530273,150777,0.0,0.0
2021-10-12 00:00:00+03:00,13.600000381469727,14.039999961853027,13.5,13.680000305175781,73459,0.0,0.0
2021-10-13 00:00:00+03:00,14.0600004196167,14.279999732971191,13.350000381469727,13.479999542236328,112514,0.0,0.0
2021-10-14 00:00:00+03:00,13.739999771118164,14.180000305175781,13.65999984741211,14.050000190734863,106099,0.0,0.0
2021-10-15 00:00:00+03:00,14.199999809265137,14.350000381469727,14.15999984741211,14.270000457763672,40633,0.0,0.0
2021-10-18 00:00:00+03:00,14.449999809265137,14.850000381469727,14.270000457763672,14.800000190734863,57158,0.0,0.0
2021-10-19 00:00:00+03:00,14.8100004196167,15.260000228881836,14.8100004196167,15.149999618530273,61913,0.0,0.0
2021-10-20 00:00:00+03:00,15.260000228881836,15.489999771118164,15.170000076293945,15.399999618530273,63438,0.0,0.0
2021-10-21 00:00:00+03:00,15.539999961853027,16.0,15.460000038146973,15.880000114440918,65100,0.0,0.0
2021-10-22 00:00:00+03:00,16.200000762939453,16.450000762939453,16.0,16.399999618530273,84732,0.0,0.0
2021-10-25 00:00:00+03:00,16.399999618530273,16.729999542236328,15.329999923706055,16.510000228881836,83027,0.0,0.0
2021-10-26 00:00:00+03:00,16.600000381469727,16.729999542236328,15.920000076293945,16.350000381469727,34313,0.0,0.0
2021-10-27 00:00:00+03:00,16.360000610351562,16.5,15.550000190734863,16.350000381469727,49638,0.0,0.0
2021-10-28 00:00:00+03:00,16.360000610351562,16.399999618530273,15.510000228881836,16.0,96003,0.0,0.0
2021-10-29 00:00:00+03:00,16.010000228881836,16.190000534057617,14.819999694824219,15.270000457763672,92139,0.0,0.0
2021-11-01 00:00:00+02:00,15.449999809265137,15.899999618530273,14.699999809265137,15.510000228881836,36020,0.0,0.0
2021-11-02 00:00:00+02:00,15.520000457763672,15.520000457763672,14.630000114440918,14.729999542236328,73998,0.0,0.0
2021-11-03 00:00:00+02:00,14.979999542236328,14.979999542236328,13.15999984741211,13.649999618530273,157702,0.0,0.0
2021-11-04 00:00:00+02:00,13.699999809265137,14.0,12.899999618530273,13.949999809265137,209566,0.0,0.0
2021-11-05 00:00:00+02:00,13.979999542236328,14.300000190734863,13.210000038146973,13.5,106798,0.0,0.0
2021-11-08 00:00:00+02:00,13.880000114440918,13.899999618530273,13.489999771118164,13.510000228881836,55625,0.0,0.0
2021-11-09 00:00:00+02:00,13.8100004196167,14.399999618530273,13.729999542236328,13.90999984741211,59993,0.0,0.0
2021-11-10 00:00:00+02:00,13.920000076293945,13.970000267028809,13.420000076293945,13.880000114440918,65622,0.0,0.0
2021-11-11 00:00:00+02:00,13.90999984741211,14.0,13.600000381469727,13.989999771118164,46503,0.0,0.0
2021-11-12 00:00:00+02:00,13.989999771118164,14.5,13.989999771118164,14.199999809265137,91211,0.0,0.0
2021-11-15 00:00:00+02:00,14.470000267028809,14.5,14.260000228881836,14.470000267028809,56632,0.0,0.0
2021-11-16 00:00:00+02:00,14.609999656677246,15.260000228881836,14.550000190734863,15.149999618530273,48873,0.0,0.0
2021-11-17 00:00:00+02:00,15.149999618530273,15.380000114440918,14.539999961853027,15.380000114440918,71016,0.0,0.0
2021-11-18 00:00:00+02:00,15.489999771118164,15.489999771118164,14.819999694824219,15.149999618530273,51268,0.0,0.0
2021-11-19 00:00:00+02:00,15.100000381469727,15.300000190734863,14.859999656677246,15.279999732971191,44761,0.0,0.0
2021-11-22 00:00:00+02:00,15.329999923706055,15.489999771118164,14.739999771118164,15.220000267028809,61843,0.0,0.0
2021-11-23 00:00:00+02:00,15.0,15.119999885559082,14.619999885559082,14.739999771118164,75888,0.0,0.0
2021-11-24 00:00:00+02:00,14.979999542236328,15.289999961853027,14.859999656677246,15.0,75222,0.0,0.0
2021-11-25 00:00:00+02:00,14.899999618530273,15.199999809265137,14.899999618530273,15.149999618530273,61217,0.0,0.0
2021-11-26 00:00:00+02:00,14.899999618530273,15.0,14.329999923706055,14.9399995803833,100691,0.0,0.0
2021-11-29 00:00:00+02:00,14.90999984741211,15.149999618530273,14.770000457763672,15.050000190734863,82226,0.0,0.0
2021-11-30 00:00:00+02:00,15.050000190734863,15.050000190734863,14.489999771118164,14.489999771118164,490150,0.0,0.0
2021-12-01 00:00:00+02:00,14.9399995803833,14.9399995803833,13.920000076293945,14.100000381469727,71592,0.0,0.0
2021-12-02 00:00:00+02:00,14.100000381469727,14.300000190734863,13.609999656677246,13.739999771118164,65119,0.0,0.0
2021-12-03 00:00:00+02:00,13.800000190734863,14.029999732971191,13.520000457763672,13.520000457763672,31860,0.0,0.0
2021-12-07 00:00:00+02:00,13.699999809265137,14.350000381469727,13.699999809265137,14.25,71878,0.0,0.0
2021-12-08 00:00:00+02:00,14.670000076293945,14.75,13.850000381469727,13.850000381469727,33767,0.0,0.0
2021-12-09 00:00:00+02:00,14.670000076293945,14.75,13.720000267028809,13.989999771118164,71101,0.0,0.0
2021-12-10 00:00:00+02:00,13.989999771118164,13.989999771118164,13.390000343322754,13.5,56574,0.0,0.0
2021-12-13 00:00:00+02:00,13.619999885559082,13.619999885559082,13.1899995803833,13.449999809265137,41909,0.0,0.0
2021-12-14 00:00:00+02:00,13.510000228881836,13.84000015258789,12.729999542236328,12.869999885559082,82124,0.0,0.0
2021-12-15 00:00:00+02:00,12.869999885559082,13.0,12.75,12.770000457763672,73309,0.0,0.0
2021-12-16 00:00:00+02:00,12.90999984741211,13.5,12.90999984741211,13.050000190734863,41931,0.0,0.0
2021-12-17 00:00:00+02:00,13.039999961853027,13.449999809265137,12.850000381469727,13.449999809265137,47718,0.0,0.0
2021-12-20 00:00:00+02:00,13.5,13.5,12.5600004196167,12.609999656677246,105621,0.0,0.0
2021-12-21 00:00:00+02:00,12.779999732971191,12.970000267028809,12.399999618530273,12.630000114440918,79514,0.0,0.0
2021-12-22 00:00:00+02:00,12.710000038146973,12.970000267028809,12.539999961853027,12.720000267028809,70562,0.0,0.0
2021-12-23 00:00:00+02:00,12.760000228881836,13.199999809265137,12.760000228881836,13.039999961853027,42175,0.0,0.0
2021-12-27 00:00:00+02:00,13.050000190734863,13.5,13.050000190734863,13.199999809265137,66233,0.0,0.0
2021-12-28 00:00:00+02:00,13.199999809265137,13.369999885559082,13.039999961853027,13.100000381469727,41965,0.0,0.0
2021-12-29 00:00:00+02:00,13.369999885559082,13.369999885559082,13.119999885559082,13.289999961853027,35354,0.0,0.0
2021-12-30 00:00:00+02:00,13.300000190734863,13.470000267028809,13.170000076293945,13.430000305175781,34971,0.0,0.0
2022-01-03 00:00:00+02:00,13.760000228881836,13.930000305175781,13.630000114440918,13.819999694824219,38109,0.0,0.0
2022-01-04 00:00:00+02:00,13.9399995803833,13.989999771118164,13.720000267028809,13.8100004196167,25268,0.0,0.0
2022-01-05 00:00:00+02:00,13.8100004196167,13.8100004196167,13.5,13.600000381469727,19053,0.0,0.0
2022-01-07 00:00:00+02:00,13.649999618530273,13.699999809265137,13.1899995803833,13.289999961853027,27139,0.0,0.0
2022-01-10 00:00:00+02:00,13.3100004196167,13.350000381469727,12.649999618530273,12.6899995803833,52539,0.0,0.0
2022-01-11 00:00:00+02:00,12.6899995803833,13.010000228881836,12.649999618530273,12.729999542236328,50452,0.0,0.0
2022-01-12 00:00:00+02:00,12.90999984741211,13.25,12.65999984741211,12.75,35421,0.0,0.0
2022-01-13 00:00:00+02:00,12.949999809265137,12.949999809265137,12.319999694824219,12.470000267028809,69416,0.0,0.0
2022-01-14 00:00:00+02:00,12.470000267028809,12.470000267028809,12.289999961853027,12.430000305175781,19421,0.0,0.0
2022-01-17 00:00:00+02:00,12.5,12.739999771118164,12.40999984741211,12.600000381469727,22327,0.0,0.0
2022-01-18 00:00:00+02:00,12.680000305175781,12.75,12.630000114440918,12.75,27791,0.0,0.0
2022-01-19 00:00:00+02:00,12.800000190734863,12.800000190734863,12.229999542236328,12.270000457763672,56040,0.0,0.0
2022-01-20 00:00:00+02:00,12.300000190734863,12.569999694824219,12.199999809265137,12.5600004196167,19043,0.0,0.0
2022-01-21 00:00:00+02:00,12.489999771118164,12.489999771118164,11.600000381469727,11.75,124620,0.0,0.0
2022-01-24 00:00:00+02:00,11.720000267028809,11.720000267028809,10.420000076293945,10.59000015258789,197022,0.0,0.0
2022-01-25 00:00:00+02:00,10.84000015258789,11.220000267028809,10.619999885559082,10.619999885559082,125259,0.0,0.0
2022-01-26 00:00:00+02:00,10.8100004196167,10.90999984741211,10.649999618530273,10.869999885559082,120577,0.0,0.0
2022-01-27 00:00:00+02:00,10.869999885559082,10.869999885559082,10.5,10.619999885559082,105081,0.0,0.0
2022-01-28 00:00:00+02:00,10.619999885559082,10.770000457763672,10.119999885559082,10.199999809265137,78120,0.0,0.0
2022-01-31 00:00:00+02:00,10.3100004196167,10.970000267028809,10.3100004196167,10.880000114440918,92060,0.0,0.0
2022-02-01 00:00:00+02:00,11.029999732971191,11.5,10.8100004196167,10.859999656677246,82335,0.0,0.0
2022-02-02 00:00:00+02:00,10.949999809265137,10.949999809265137,10.75,10.800000190734863,38709,0.0,0.0
2022-02-03 00:00:00+02:00,10.789999961853027,10.789999961853027,10.300000190734863,10.479999542236328,31453,0.0,0.0
2022-02-04 00:00:00+02:00,10.529999732971191,10.770000457763672,10.149999618530273,10.270000457763672,30642,0.0,0.0
2022-02-07 00:00:00+02:00,10.279999732971191,10.5,10.100000381469727,10.130000114440918,40724,0.0,0.0
2022-02-08 00:00:00+02:00,10.199999809265137,10.380000114440918,10.100000381469727,10.359999656677246,30289,0.0,0.0
2022-02-09 00:00:00+02:00,10.640000343322754,10.970000267028809,10.550000190734863,10.600000381469727,35857,0.0,0.0
2022-02-10 00:00:00+02:00,11.130000114440918,11.850000381469727,10.300000190734863,10.470000267028809,56240,0.0,0.0
2022-02-11 00:00:00+02:00,10.90999984741211,10.90999984741211,10.239999771118164,10.239999771118164,54251,0.0,0.0
2022-02-14 00:00:00+02:00,10.229999542236328,10.229999542236328,9.899999618530273,9.899999618530273,74674,0.0,0.0
2022-02-15 00:00:00+02:00,9.944999694824219,10.069999694824219,9.819999694824219,9.850000381469727,69174,0.0,0.0
2022-02-16 00:00:00+02:00,9.885000228881836,10.380000114440918,9.885000228881836,10.0,52846,0.0,0.0
2022-02-17 00:00:00+02:00,9.994999885559082,10.0,9.300000190734863,9.479999542236328,98757,0.0,0.0
2022-02-18 00:00:00+02:00,9.505000114440918,9.829999923706055,9.100000381469727,9.170000076293945,67929,0.0,0.0
2022-02-21 00:00:00+02:00,9.220000267028809,9.335000038146973,8.640000343322754,8.800000190734863,112192,0.0,0.0
2022-02-22 00:00:00+02:00,8.704999923706055,9.404999732971191,8.404999732971191,8.930000305175781,85588,0.0,0.0
2022-02-23 00:00:00+02:00,9.100000381469727,9.414999961853027,8.850000381469727,9.0,58983,0.0,0.0
2022-02-24 00:00:00+02:00,8.604999542236328,9.21500015258789,8.5,8.800000190734863,94267,0.0,0.0
2022-02-25 00:00:00+02:00,8.914999961853027,9.399999618530273,8.914999961853027,9.350000381469727,105220,0.0,0.0
2022-02-28 00:00:00+02:00,9.295000076293945,9.399999618530273,9.109999656677246,9.399999618530273,52346,0.0,0.0
2022-03-01 00:00:00+02:00,9.454999923706055,9.5,9.010000228881836,9.029999732971191,32430,0.0,0.0
2022-03-02 00:00:00+02:00,9.010000228881836,9.399999618530273,8.914999961853027,9.100000381469727,40436,0.0,0.0
2022-03-03 00:00:00+02:00,9.460000038146973,9.694999694824219,8.600000381469727,8.600000381469727,73708,0.0,0.0
2022-03-04 00:00:00+02:00,8.595000267028809,8.600000381469727,8.0,8.225000381469727,119510,0.0,0.0
2022-03-07 00:00:00+02:00,8.199999809265137,8.449999809265137,7.610000133514404,7.994999885559082,95826,0.0,0.0
2022-03-08 00:00:00+02:00,7.989999771118164,8.75,7.989999771118164,8.1899995803833,82229,0.0,0.0
2022-03-09 00:00:00+02:00,8.305000305175781,9.149999618530273,8.305000305175781,8.710000038146973,68995,0.0,0.0
2022-03-10 00:00:00+02:00,8.960000038146973,9.145000457763672,8.699999809265137,8.75,57312,0.0,0.0
2022-03-11 00:00:00+02:00,9.09000015258789,9.199999809265137,8.805000305175781,9.050000190734863,72937,0.0,0.0
2022-03-14 00:00:00+02:00,9.305000305175781,9.399999618530273,9.100000381469727,9.220000267028809,80913,0.0,0.0
2022-03-15 00:00:00+02:00,9.28499984741211,9.28499984741211,8.800000190734863,8.944999694824219,117750,0.0,0.0
2022-03-16 00:00:00+02:00,9.005000114440918,9.28499984741211,8.899999618530273,8.930000305175781,99162,0.0,0.0
2022-03-17 00:00:00+02:00,8.9350004196167,9.229999542236328,8.914999961853027,9.204999923706055,54165,0.0,0.0
2022-03-18 00:00:00+02:00,9.364999771118164,9.380000114440918,8.930000305175781,9.0,46756,0.0,0.0
2022-03-21 00:00:00+02:00,9.0,9.3149995803833,8.850000381469727,8.920000076293945,47654,0.0,0.0
2022-03-22 00:00:00+02:00,8.9350004196167,9.0600004196167,8.824999809265137,8.84000015258789,32781,0.0,0.0
2022-03-23 00:00:00+02:00,8.994999885559082,8.994999885559082,8.71500015258789,8.899999618530273,59963,0.0,0.0
2022-03-24 00:00:00+02:00,9.0,9.0,8.515000343322754,8.550000190734863,72715,0.0,0.0
2022-03-25 00:00:00+02:00,8.6899995803833,8.755000114440918,8.255000114440918,8.335000038146973,53816,0.0,0.0
2022-03-28 00:00:00+03:00,8.34000015258789,8.800000190734863,8.34000015258789,8.680000305175781,41714,0.0,0.0
2022-03-29 00:00:00+03:00,8.755000114440918,8.994999885559082,8.619999885559082,8.6850004196167,69465,0.0,0.0
2022-03-30 00:00:00+03:00,8.975000381469727,8.975000381469727,8.555000305175781,8.699999809265137,54738,0.0,0.0
2022-03-31 00:00:00+03:00,8.795000076293945,9.130000114440918,8.649999618530273,8.680000305175781,89439,0.0,0.0
2022-04-01 00:00:00+03:00,8.680000305175781,8.8100004196167,8.569999694824219,8.710000038146973,34461,0.0,0.0
2022-04-04 00:00:00+03:00,8.800000190734863,8.925000190734863,8.6899995803833,8.805000305175781,28128,0.0,0.0
2022-04-05 00:00:00+03:00,8.899999618530273,9.1850004196167,8.805000305175781,8.90999984741211,36013,0.0,0.0
2022-04-06 00:00:00+03:00,9.0,9.024999618530273,8.515000343322754,8.529999732971191,41242,0.0,0.0
2022-04-07 00:00:00+03:00,8.539999961853027,8.994999885559082,8.5,8.5,23729,0.0,0.0
2022-04-08 00:00:00+03:00,8.529999732971191,8.9350004196167,8.5,8.720000267028809,22349,0.0,0.0
2022-04-11 00:00:00+03:00,8.979999542236328,8.979999542236328,8.5600004196167,8.569999694824219,30173,0.0,0.0
2022-04-12 00:00:00+03:00,8.59000015258789,8.744999885559082,8.114999771118164,8.229999542236328,57021,0.0,0.0
2022-04-13 00:00:00+03:00,8.305000305175781,8.739999771118164,8.100000381469727,8.149999618530273,34236,0.0,0.0
2022-04-14 00:00:00+03:00,8.350000381469727,8.59000015258789,8.180000305175781,8.4399995803833,31501,0.0,0.0
2022-04-19 00:00:00+03:00,8.585000038146973,8.585000038146973,8.300000190734863,8.300000190734863,19369,0.0,0.0
2022-04-20 00:00:00+03:00,8.350000381469727,8.640000343322754,8.21500015258789,8.529999732971191,24820,0.0,0.0
2022-04-21 00:00:00+03:00,8.53499984741211,8.795000076293945,8.430000305175781,8.479999542236328,31238,0.0,0.0
2022-04-22 00:00:00+03:00,8.484999656677246,8.484999656677246,8.170000076293945,8.170000076293945,37729,0.0,0.0
2022-04-25 00:00:00+03:00,8.170000076293945,8.170000076293945,7.800000190734863,7.860000133514404,57601,0.0,0.0
2022-04-26 00:00:00+03:00,7.90500020980835,8.194999694824219,7.769999980926514,7.769999980926514,33270,0.0,0.0
2022-04-27 00:00:00+03:00,7.769999980926514,8.0,7.610000133514404,7.849999904632568,31535,0.0,0.0
2022-04-28 00:00:00+03:00,7.849999904632568,8.069999694824219,7.75,7.840000152587891,16383,0.0,0.0
2022-04-29 00:00:00+03:00,7.849999904632568,8.095000267028809,7.710000038146973,8.0,30267,0.0,0.0
2022-05-02 00:00:00+03:00,8.0,8.0,7.650000095367432,7.659999847412109,27565,0.0,0.0
2022-05-03 00:00:00+03:00,7.699999809265137,7.739999771118164,7.550000190734863,7.550000190734863,21031,0.0,0.0
2022-05-04 00:00:00+03:00,7.565000057220459,7.565000057220459,7.355000019073486,7.465000152587891,28177,0.0,0.0
2022-05-05 00:00:00+03:00,7.465000152587891,7.650000095367432,7.25,7.25,28155,0.0,0.0
2022-05-06 00:00:00+03:00,7.244999885559082,7.34499979019165,6.949999809265137,6.980000019073486,43752,0.0,0.0
2022-05-09 00:00:00+03:00,6.980000019073486,6.989999771118164,6.599999904632568,6.605000019073486,76298,0.0,0.0
2022-05-10 00:00:00+03:00,6.65500020980835,6.894999980926514,6.650000095367432,6.75,57445,0.0,0.0
2022-05-11 00:00:00+03:00,6.824999809265137,6.994999885559082,6.639999866485596,6.664999961853027,31179,0.0,0.0
2022-05-12 00:00:00+03:00,6.704999923706055,7.105000019073486,6.599999904632568,6.985000133514404,59432,0.0,0.0
2022-05-13 00:00:00+03:00,7.175000190734863,7.440000057220459,7.130000114440918,7.235000133514404,43082,0.0,0.0
2022-05-16 00:00:00+03:00,7.460000038146973,7.460000038146973,7.019999980926514,7.019999980926514,25143,0.0,0.0
2022-05-17 00:00:00+03:00,7.074999809265137,7.949999809265137,7.074999809265137,7.724999904632568,41948,0.0,0.0
2022-05-18 00:00:00+03:00,7.900000095367432,8.335000038146973,7.559999942779541,7.559999942779541,80115,0.0,0.0
2022-05-19 00:00:00+03:00,7.505000114440918,8.175000190734863,7.5,7.730000019073486,42498,0.0,0.0
2022-05-20 00:00:00+03:00,7.815000057220459,7.840000152587891,7.605000019073486,7.755000114440918,25933,0.0,0.0
2022-05-23 00:00:00+03:00,8.0649995803833,8.069999694824219,7.510000228881836,7.510000228881836,25928,0.0,0.0
2022-05-24 00:00:00+03:00,7.78000020980835,7.78000020980835,7.480000019073486,7.5,27238,0.0,0.0
2022-05-25 00:00:00+03:00,7.550000190734863,7.670000076293945,7.449999809265137,7.545000076293945,15207,0.0,0.0
2022-05-27 00:00:00+03:00,7.550000190734863,7.679999828338623,7.514999866485596,7.53000020980835,32821,0.0,0.0
2022-05-30 00:00:00+03:00,7.53000020980835,7.704999923706055,7.53000020980835,7.599999904632568,30502,0.0,0.0
2022-05-31 00:00:00+03:00,7.599999904632568,7.599999904632568,7.5,7.5,19872,0.0,0.0
2022-06-01 00:00:00+03:00,7.599999904632568,7.599999904632568,7.355000019073486,7.460000038146973,14832,0.0,0.0
2022-06-02 00:00:00+03:00,7.519999980926514,7.590000152587891,7.460000038146973,7.5,14737,0.0,0.0
2022-06-03 00:00:00+03:00,7.5,7.5,7.420000076293945,7.449999809265137,22546,0.0,0.0
2022-06-06 00:00:00+03:00,7.449999809265137,7.590000152587891,7.440000057220459,7.5,19038,0.0,0.0
2022-06-07 00:00:00+03:00,7.5,7.545000076293945,7.105000019073486,7.105000019073486,50942,0.0,0.0
2022-06-08 00:00:00+03:00,7.289999961853027,7.425000190734863,7.25,7.414999961853027,14736,0.0,0.0
2022-06-09 00:00:00+03:00,7.429999828338623,7.429999828338623,7.210000038146973,7.284999847412109,10528,0.0,0.0
2022-06-10 00:00:00+03:00,7.340000152587891,7.340000152587891,7.019999980926514,7.019999980926514,13558,0.0,0.0
2022-06-13 00:00:00+03:00,7.010000228881836,7.010000228881836,6.71999979019165,6.860000133514404,23244,0.0,0.0
2022-06-14 00:00:00+03:00,6.954999923706055,7.170000076293945,6.949999809265137,6.949999809265137,21633,0.0,0.0
2022-06-15 00:00:00+03:00,7.005000114440918,7.090000152587891,6.965000152587891,6.96999979019165,37732,0.0,0.0
2022-06-16 00:00:00+03:00,6.96999979019165,7.0,6.800000190734863,6.809999942779541,23728,0.0,0.0
2022-06-17 00:00:00+03:00,6.914999961853027,7.085000038146973,6.800000190734863,6.800000190734863,42815,0.0,0.0
2022-06-20 00:00:00+03:00,7.09499979019165,7.09499979019165,6.909999847412109,6.960000038146973,16166,0.0,0.0
2022-06-21 00:00:00+03:00,6.960000038146973,7.054999828338623,6.764999866485596,6.96999979019165,20119,0.0,0.0
2022-06-22 00:00:00+03:00,7.0,7.0,6.619999885559082,6.755000114440918,22133,0.0,0.0
2022-06-23 00:00:00+03:00,6.760000228881836,6.880000114440918,6.704999923706055,6.71999979019165,16155,0.0,0.0
2022-06-27 00:00:00+03:00,6.800000190734863,7.0,6.795000076293945,6.795000076293945,19173,0.0,0.0
2022-06-28 00:00:00+03:00,6.855000019073486,6.920000076293945,6.795000076293945,6.920000076293945,14486,0.0,0.0
2022-06-29 00:00:00+03:00,7.059999942779541,7.085000038146973,6.800000190734863,6.985000133514404,16209,0.0,0.0
2022-06-30 00:00:00+03:00,7.059999942779541,7.059999942779541,6.800000190734863,6.800000190734863,20671,0.0,0.0
2022-07-01 00:00:00+03:00,6.900000095367432,7.019999980926514,6.829999923706055,6.829999923706055,12686,0.0,0.0
2022-07-04 00:00:00+03:00,6.855000019073486,6.934999942779541,6.820000171661377,6.900000095367432,9829,0.0,0.0
2022-07-05 00:00:00+03:00,6.849999904632568,6.900000095367432,6.599999904632568,6.599999904632568,42454,0.0,0.0
2022-07-06 00:00:00+03:00,6.900000095367432,6.900000095367432,6.630000114440918,6.764999866485596,8192,0.0,0.0
2022-07-07 00:00:00+03:00,6.864999771118164,6.960000038146973,6.824999809265137,6.900000095367432,19859,0.0,0.0
2022-07-08 00:00:00+03:00,6.900000095367432,7.335000038146973,6.820000171661377,7.329999923706055,32781,0.0,0.0
2022-07-11 00:00:00+03:00,7.324999809265137,7.324999809265137,6.920000076293945,7.099999904632568,12180,0.0,0.0
2022-07-12 00:00:00+03:00,7.099999904632568,7.099999904632568,6.84499979019165,6.900000095367432,11459,0.0,0.0
2022-07-13 00:00:00+03:00,6.909999847412109,6.994999885559082,6.800000190734863,6.914999961853027,8706,0.0,0.0
2022-07-14 00:00:00+03:00,6.900000095367432,6.900000095367432,6.684999942779541,6.760000228881836,21921,0.0,0.0
2022-07-15 00:00:00+03:00,6.764999866485596,7.295000076293945,6.764999866485596,7.25,29916,0.0,0.0
2022-07-18 00:00:00+03:00,7.400000095367432,7.664999961853027,7.324999809265137,7.5,29999,0.0,0.0
2022-07-19 00:00:00+03:00,7.550000190734863,7.550000190734863,7.255000114440918,7.400000095367432,10834,0.0,0.0
2022-07-20 00:00:00+03:00,7.400000095367432,7.625,7.400000095367432,7.5,20748,0.0,0.0
2022-07-21 00:00:00+03:00,7.59499979019165,7.59499979019165,7.369999885559082,7.489999771118164,22906,0.0,0.0
2022-07-22 00:00:00+03:00,7.494999885559082,7.554999828338623,7.434999942779541,7.519999980926514,25939,0.0,0.0
2022-07-25 00:00:00+03:00,7.525000095367432,7.525000095367432,7.389999866485596,7.5,13544,0.0,0.0
2022-07-26 00:00:00+03:00,7.494999885559082,7.5,7.199999809265137,7.199999809265137,11376,0.0,0.0
2022-07-27 00:00:00+03:00,7.199999809265137,7.539999961853027,7.184999942779541,7.519999980926514,23597,0.0,0.0
2022-07-28 00:00:00+03:00,7.519999980926514,7.519999980926514,7.385000228881836,7.454999923706055,17377,0.0,0.0
2022-07-29 00:00:00+03:00,7.454999923706055,7.534999847412109,7.454999923706055,7.474999904632568,16323,0.0,0.0
2022-08-01 00:00:00+03:00,7.494999885559082,7.519999980926514,7.304999828338623,7.304999828338623,18079,0.0,0.0
2022-08-02 00:00:00+03:00,7.34499979019165,7.34499979019165,6.885000228881836,7.300000190734863,30094,0.0,0.0
2022-08-03 00:00:00+03:00,7.300000190734863,7.400000095367432,7.164999961853027,7.360000133514404,17966,0.0,0.0
2022-08-04 00:00:00+03:00,7.389999866485596,7.389999866485596,7.244999885559082,7.309999942779541,18870,0.0,0.0
2022-08-05 00:00:00+03:00,7.304999828338623,7.394999980926514,7.0,7.09499979019165,16562,0.0,0.0
2022-08-08 00:00:00+03:00,7.105000019073486,7.349999904632568,7.105000019073486,7.349999904632568,18023,0.0,0.0
2022-08-09 00:00:00+03:00,7.34499979019165,7.34499979019165,7.070000171661377,7.210000038146973,16869,0.0,0.0
2022-08-10 00:00:00+03:00,7.210000038146973,7.28000020980835,7.099999904632568,7.230000019073486,24195,0.0,0.0
2022-08-11 00:00:00+03:00,7.25,7.34499979019165,7.195000171661377,7.21999979019165,22977,0.0,0.0
2022-08-12 00:00:00+03:00,7.255000114440918,7.255000114440918,7.050000190734863,7.050000190734863,21226,0.0,0.0
2022-08-15 00:00:00+03:00,7.059999942779541,7.175000190734863,6.929999828338623,7.0,22015,0.0,0.0
2022-08-16 00:00:00+03:00,7.005000114440918,7.054999828338623,6.900000095367432,6.980000019073486,19212,0.0,0.0
2022-08-17 00:00:00+03:00,6.985000133514404,7.0,6.800000190734863,6.849999904632568,20118,0.0,0.0
2022-08-18 00:00:00+03:00,6.855000019073486,7.054999828338623,6.855000019073486,7.054999828338623,13154,0.0,0.0
2022-08-19 00:00:00+03:00,6.909999847412109,7.074999809265137,6.849999904632568,6.900000095367432,13052,0.0,0.0
2022-08-22 00:00:00+03:00,6.949999809265137,6.949999809265137,6.599999904632568,6.739999771118164,34085,0.0,0.0
2022-08-23 00:00:00+03:00,6.744999885559082,6.75,6.53000020980835,6.630000114440918,22015,0.0,0.0
2022-08-24 00:00:00+03:00,6.65500020980835,6.739999771118164,6.565000057220459,6.724999904632568,26723,0.0,0.0
2022-08-25 00:00:00+03:00,6.994999885559082,6.994999885559082,6.679999828338623,6.78000020980835,28786,0.0,0.0
2022-08-26 00:00:00+03:00,6.849999904632568,6.954999923706055,6.465000152587891,6.465000152587891,35002,0.0,0.0
2022-08-29 00:00:00+03:00,6.46999979019165,6.900000095367432,6.449999809265137,6.755000114440918,68127,0.0,0.0
2022-08-30 00:00:00+03:00,6.985000133514404,6.994999885559082,6.670000076293945,6.670000076293945,22453,0.0,0.0
2022-08-31 00:00:00+03:00,6.704999923706055,6.900000095367432,6.690000057220459,6.835000038146973,35344,0.0,0.0
2022-09-01 00:00:00+03:00,6.835000038146973,6.835000038146973,6.699999809265137,6.824999809265137,15866,0.0,0.0
2022-09-02 00:00:00+03:00,6.755000114440918,6.880000114440918,6.699999809265137,6.71999979019165,22116,0.0,0.0
2022-09-05 00:00:00+03:00,6.5,6.5,6.255000114440918,6.300000190734863,47157,0.0,0.0
2022-09-06 00:00:00+03:00,6.224999904632568,6.300000190734863,6.0,6.09499979019165,38985,0.0,0.0
2022-09-07 00:00:00+03:00,6.295000076293945,6.300000190734863,6.085000038146973,6.199999809265137,26293,0.0,0.0
2022-09-08 00:00:00+03:00,6.480000019073486,6.480000019073486,6.110000133514404,6.269999980926514,42969,0.0,0.0
2022-09-09 00:00:00+03:00,6.414999961853027,6.420000076293945,6.25,6.275000095367432,47374,0.0,0.0
2022-09-12 00:00:00+03:00,6.28000020980835,6.349999904632568,6.199999809265137,6.199999809265137,32104,0.0,0.0
2022-09-13 00:00:00+03:00,6.204999923706055,6.239999771118164,6.070000171661377,6.139999866485596,9790,0.0,0.0
2022-09-14 00:00:00+03:00,6.050000190734863,6.090000152587891,5.954999923706055,5.994999885559082,45861,0.0,0.0
2022-09-15 00:00:00+03:00,5.994999885559082,5.994999885559082,5.699999809265137,5.760000228881836,33844,0.0,0.0
2022-09-16 00:00:00+03:00,5.764999866485596,5.764999866485596,5.385000228881836,5.400000095367432,96365,0.0,0.0
2022-09-19 00:00:00+03:00,5.505000114440918,5.510000228881836,5.329999923706055,5.425000190734863,52639,0.0,0.0
2022-09-20 00:00:00+03:00,5.434999942779541,5.5,5.335000038146973,5.340000152587891,96890,0.0,0.0
2022-09-21 00:00:00+03:00,5.34499979019165,5.454999923706055,5.315000057220459,5.380000114440918,23076,0.0,0.0
2022-09-22 00:00:00+03:00,5.375,5.375,5.125,5.284999847412109,46943,0.0,0.0
2022-09-23 00:00:00+03:00,5.295000076293945,5.295000076293945,4.989999771118164,5.105000019073486,51329,0.0,0.0
2022-09-26 00:00:00+03:00,5.110000133514404,5.130000114440918,4.992000102996826,5.130000114440918,25663,0.0,0.0
2022-09-27 00:00:00+03:00,5.130000114440918,5.130000114440918,4.989999771118164,5.050000190734863,29244,0.0,0.0
2022-09-28 00:00:00+03:00,5.045000076293945,5.045000076293945,4.75,4.820000171661377,81552,0.0,0.0
2022-09-29 00:00:00+03:00,4.820000171661377,4.820000171661377,4.579999923706055,4.723999977111816,76823,0.0,0.0
2022-09-30 00:00:00+03:00,4.7220001220703125,4.734000205993652,4.668000221252441,4.668000221252441,29077,0.0,0.0
2022-10-03 00:00:00+03:00,4.7179999351501465,4.7179999351501465,4.559999942779541,4.699999809265137,38339,0.0,0.0
2022-10-04 00:00:00+03:00,4.734000205993652,4.796000003814697,4.650000095367432,4.664000034332275,67115,0.0,0.0
2022-10-05 00:00:00+03:00,4.757999897003174,4.757999897003174,4.622000217437744,4.676000118255615,30805,0.0,0.0
2022-10-06 00:00:00+03:00,4.699999809265137,4.783999919891357,4.627999782562256,4.783999919891357,28360,0.0,0.0
2022-10-07 00:00:00+03:00,4.7820000648498535,4.797999858856201,4.519999980926514,4.535999774932861,26622,0.0,0.0
2022-10-10 00:00:00+03:00,4.578000068664551,4.6479997634887695,4.449999809265137,4.46999979019165,32408,0.0,0.0
2022-10-11 00:00:00+03:00,4.48199987411499,4.504000186920166,4.366000175476074,4.473999977111816,29864,0.0,0.0
2022-10-12 00:00:00+03:00,4.498000144958496,4.5,4.375999927520752,4.389999866485596,19929,0.0,0.0
2022-10-13 00:00:00+03:00,4.389999866485596,4.389999866485596,4.2220001220703125,4.343999862670898,60691,0.0,0.0
2022-10-14 00:00:00+03:00,4.3460001945495605,4.427999973297119,4.26200008392334,4.326000213623047,43519,0.0,0.0
2022-10-17 00:00:00+03:00,4.3979997634887695,4.3979997634887695,4.144000053405762,4.165999889373779,77289,0.0,0.0
2022-10-18 00:00:00+03:00,4.164000034332275,4.216000080108643,4.072000026702881,4.138000011444092,94992,0.0,0.0
2022-10-19 00:00:00+03:00,4.23799991607666,4.23799991607666,4.0,4.0,47528,0.0,0.0
2022-10-20 00:00:00+03:00,4.050000190734863,4.059999942779541,3.946000099182129,4.013999938964844,45875,0.0,0.0
2022-10-21 00:00:00+03:00,4.01800012588501,4.01800012588501,3.9260001182556152,3.9800000190734863,36068,0.0,0.0
2022-10-24 00:00:00+03:00,3.9079999923706055,4.033999919891357,3.875999927520752,4.0,82052,0.0,0.0
2022-10-25 00:00:00+03:00,4.01200008392334,4.061999797821045,3.9019999504089355,3.9839999675750732,41310,0.0,0.0
2022-10-26 00:00:00+03:00,4.0,4.03000020980835,3.9800000190734863,4.021999835968018,75281,0.0,0.0
2022-10-27 00:00:00+03:00,4.021999835968018,4.046000003814697,3.950000047683716,4.0320000648498535,58623,0.0,0.0
2022-10-28 00:00:00+03:00,4.039999961853027,4.039999961853027,3.8420000076293945,3.950000047683716,41928,0.0,0.0
2022-10-31 00:00:00+02:00,4.00600004196167,4.019999980926514,3.946000099182129,3.946000099182129,32191,0.0,0.0
2022-11-01 00:00:00+02:00,4.001999855041504,4.139999866485596,3.9779999256134033,4.010000228881836,75530,0.0,0.0
2022-11-02 00:00:00+02:00,4.061999797821045,4.064000129699707,3.9800000190734863,3.990000009536743,21822,0.0,0.0
2022-11-03 00:00:00+02:00,3.992000102996826,4.0,3.9100000858306885,3.940000057220459,36838,0.0,0.0
2022-11-04 00:00:00+02:00,3.9519999027252197,4.619999885559082,3.930000066757202,4.619999885559082,70966,0.0,0.0
2022-11-07 00:00:00+02:00,4.619999885559082,4.619999885559082,4.099999904632568,4.104000091552734,171546,0.0,0.0
2022-11-08 00:00:00+02:00,4.145999908447266,4.51800012588501,4.122000217437744,4.449999809265137,107827,0.0,0.0
2022-11-09 00:00:00+02:00,4.501999855041504,5.485000133514404,4.5,5.199999809265137,232442,0.0,0.0
2022-11-10 00:00:00+02:00,5.255000114440918,5.5,4.895999908447266,5.300000190734863,136388,0.0,0.0
2022-11-11 00:00:00+02:00,5.414999961853027,6.514999866485596,5.414999961853027,6.190000057220459,267925,0.0,0.0
2022-11-14 00:00:00+02:00,6.519999980926514,7.135000228881836,6.519999980926514,7.09499979019165,254617,0.0,0.0
2022-11-15 00:00:00+02:00,7.21999979019165,8.0,7.21999979019165,8.0,316529,0.0,0.0
2022-11-16 00:00:00+02:00,8.140000343322754,8.680000305175781,6.5,7.210000038146973,360679,0.0,0.0
2022-11-17 00:00:00+02:00,7.244999885559082,7.449999809265137,6.5,6.675000190734863,142336,0.0,0.0
2022-11-18 00:00:00+02:00,6.670000076293945,6.670000076293945,6.0,6.15500020980835,165277,0.0,0.0
2022-11-21 00:00:00+02:00,6.15500020980835,6.25,5.800000190734863,5.989999771118164,70549,0.0,0.0
2022-11-22 00:00:00+02:00,6.105000019073486,7.199999809265137,5.78000020980835,7.179999828338623,167298,0.0,0.0
2022-11-23 00:00:00+02:00,7.159999847412109,7.159999847412109,6.715000152587891,7.065000057220459,69166,0.0,0.0
2022-11-24 00:00:00+02:00,7.065000057220459,7.590000152587891,7.065000057220459,7.394999980926514,59739,0.0,0.0
2022-11-25 00:00:00+02:00,7.5,7.639999866485596,7.400000095367432,7.639999866485596,91837,0.0,0.0
2022-11-28 00:00:00+02:00,7.644999980926514,7.644999980926514,7.269999980926514,7.360000133514404,39871,0.0,0.0
2022-11-29 00:00:00+02:00,7.34499979019165,8.020000457763672,7.25,7.809999942779541,154956,0.0,0.0
2022-11-30 00:00:00+02:00,7.795000076293945,7.809999942779541,7.355000019073486,7.355000019073486,436324,0.0,0.0
2022-12-01 00:00:00+02:00,7.385000228881836,7.639999866485596,7.25,7.264999866485596,57892,0.0,0.0
2022-12-02 00:00:00+02:00,7.40500020980835,7.40500020980835,6.894999980926514,7.0,84345,0.0,0.0
2022-12-05 00:00:00+02:00,7.025000095367432,7.114999771118164,6.534999847412109,6.635000228881836,83015,0.0,0.0
2022-12-07 00:00:00+02:00,6.635000228881836,6.639999866485596,6.199999809265137,6.300000190734863,82027,0.0,0.0
2022-12-08 00:00:00+02:00,6.199999809265137,6.300000190734863,6.150000095367432,6.25,70686,0.0,0.0
2022-12-09 00:00:00+02:00,6.230000019073486,6.300000190734863,6.03000020980835,6.090000152587891,76743,0.0,0.0
2022-12-12 00:00:00+02:00,6.184999942779541,6.195000171661377,6.059999942779541,6.099999904632568,48467,0.0,0.0
2022-12-13 00:00:00+02:00,6.099999904632568,6.15500020980835,6.03000020980835,6.090000152587891,58341,0.0,0.0
2022-12-14 00:00:00+02:00,6.130000114440918,6.150000095367432,6.03000020980835,6.03000020980835,32086,0.0,0.0
2022-12-15 00:00:00+02:00,6.03000020980835,6.065000057220459,5.849999904632568,5.920000076293945,42880,0.0,0.0
2022-12-16 00:00:00+02:00,5.900000095367432,5.940000057220459,5.710000038146973,5.900000095367432,50847,0.0,0.0
2022-12-19 00:00:00+02:00,5.900000095367432,5.949999809265137,5.659999847412109,5.775000095367432,47220,0.0,0.0
2022-12-20 00:00:00+02:00,5.775000095367432,5.775000095367432,5.579999923706055,5.639999866485596,32891,0.0,0.0
2022-12-21 00:00:00+02:00,5.639999866485596,6.054999828338623,5.554999828338623,5.994999885559082,60619,0.0,0.0
2022-12-22 00:00:00+02:00,6.110000133514404,6.184999942779541,5.824999809265137,5.889999866485596,29962,0.0,0.0
2022-12-23 00:00:00+02:00,5.929999828338623,6.0,5.875,5.985000133514404,22946,0.0,0.0
2022-12-27 00:00:00+02:00,5.985000133514404,5.985000133514404,5.829999923706055,5.829999923706055,34512,0.0,0.0
2022-12-28 00:00:00+02:00,5.829999923706055,5.909999847412109,5.559999942779541,5.570000171661377,60016,0.0,0.0
2022-12-29 00:00:00+02:00,5.599999904632568,5.599999904632568,5.465000152587891,5.485000133514404,97362,0.0,0.0
2022-12-30 00:00:00+02:00,5.485000133514404,5.579999923706055,5.355000019073486,5.440000057220459,122656,0.0,0.0
2023-01-02 00:00:00+02:00,5.460000038146973,6.119999885559082,5.460000038146973,6.099999904632568,71233,0.0,0.0
2023-01-03 00:00:00+02:00,6.125,6.389999866485596,6.005000114440918,6.28000020980835,56915,0.0,0.0
2023-01-04 00:00:00+02:00,6.445000171661377,6.445000171661377,6.054999828338623,6.054999828338623,42862,0.0,0.0
2023-01-05 00:00:00+02:00,6.114999771118164,6.114999771118164,5.815000057220459,6.005000114440918,16864,0.0,0.0
2023-01-09 00:00:00+02:00,6.0,6.28000020980835,5.980000019073486,6.204999923706055,36244,0.0,0.0
2023-01-10 00:00:00+02:00,6.385000228881836,6.385000228881836,6.179999828338623,6.230000019073486,9821,0.0,0.0
2023-01-11 00:00:00+02:00,6.230000019073486,6.364999771118164,6.230000019073486,6.304999828338623,15522,0.0,0.0
2023-01-12 00:00:00+02:00,6.309999942779541,6.570000171661377,6.28000020980835,6.465000152587891,36042,0.0,0.0
2023-01-13 00:00:00+02:00,6.539999961853027,6.679999828338623,6.449999809265137,6.590000152587891,27060,0.0,0.0
2023-01-16 00:00:00+02:00,6.59499979019165,6.920000076293945,6.5,6.510000228881836,26964,0.0,0.0
2023-01-17 00:00:00+02:00,6.59499979019165,6.599999904632568,6.349999904632568,6.53000020980835,21838,0.0,0.0
2023-01-18 00:00:00+02:00,6.550000190734863,6.670000076293945,6.485000133514404,6.5,14356,0.0,0.0
2023-01-19 00:00:00+02:00,6.505000114440918,6.59499979019165,6.414999961853027,6.454999923706055,12332,0.0,0.0
2023-01-20 00:00:00+02:00,6.465000152587891,6.65500020980835,6.429999828338623,6.429999828338623,14677,0.0,0.0
2023-01-23 00:00:00+02:00,6.474999904632568,6.735000133514404,6.445000171661377,6.619999885559082,29634,0.0,0.0
2023-01-24 00:00:00+02:00,6.619999885559082,7.059999942779541,6.619999885559082,6.940000057220459,50643,0.0,0.0
2023-01-25 00:00:00+02:00,7.03000020980835,7.03000020980835,6.664999961853027,6.699999809265137,45793,0.0,0.0
2023-01-26 00:00:00+02:00,6.940000057220459,7.139999866485596,6.849999904632568,7.034999847412109,58990,0.0,0.0
2023-01-27 00:00:00+02:00,7.090000152587891,7.380000114440918,7.054999828338623,7.079999923706055,61707,0.0,0.0
2023-01-30 00:00:00+02:00,7.110000133514404,7.324999809265137,6.849999904632568,6.880000114440918,41794,0.0,0.0
2023-01-31 00:00:00+02:00,6.885000228881836,7.039999961853027,6.605000019073486,6.800000190734863,47137,0.0,0.0
2023-02-01 00:00:00+02:00,6.835000038146973,6.860000133514404,6.619999885559082,6.664999961853027,26363,0.0,0.0
2023-02-02 00:00:00+02:00,6.710000038146973,6.949999809265137,6.675000190734863,6.715000152587891,37036,0.0,0.0
2023-02-03 00:00:00+02:00,6.800000190734863,6.934999942779541,6.724999904632568,6.909999847412109,26244,0.0,0.0
2023-02-06 00:00:00+02:00,6.945000171661377,6.980000019073486,6.650000095367432,6.650000095367432,31472,0.0,0.0
2023-02-07 00:00:00+02:00,6.65500020980835,6.744999885559082,6.570000171661377,6.59499979019165,20987,0.0,0.0
2023-02-08 00:00:00+02:00,6.599999904632568,6.730000019073486,6.570000171661377,6.570000171661377,18273,0.0,0.0
2023-02-09 00:00:00+02:00,6.574999809265137,6.639999866485596,6.5,6.5,18977,0.0,0.0
2023-02-10 00:00:00+02:00,6.574999809265137,6.574999809265137,6.360000133514404,6.414999961853027,25429,0.0,0.0
2023-02-13 00:00:00+02:00,6.414999961853027,6.699999809265137,6.320000171661377,6.385000228881836,23146,0.0,0.0
2023-02-14 00:00:00+02:00,6.389999866485596,6.650000095367432,6.349999904632568,6.400000095367432,16543,0.0,0.0
2023-02-15 00:00:00+02:00,6.5,6.610000133514404,6.425000190734863,6.460000038146973,16461,0.0,0.0
2023-02-16 00:00:00+02:00,6.525000095367432,6.605000019073486,6.349999904632568,6.519999980926514,40708,0.0,0.0
2023-02-17 00:00:00+02:00,6.53000020980835,6.53000020980835,6.210000038146973,6.324999809265137,30355,0.0,0.0
2023-02-20 00:00:00+02:00,6.324999809265137,6.519999980926514,6.324999809265137,6.429999828338623,29602,0.0,0.0
2023-02-21 00:00:00+02:00,6.505000114440918,6.659999847412109,6.460000038146973,6.46999979019165,39750,0.0,0.0
2023-02-22 00:00:00+02:00,6.480000019073486,6.550000190734863,6.324999809265137,6.460000038146973,26328,0.0,0.0
2023-02-23 00:00:00+02:00,6.454999923706055,6.454999923706055,6.320000171661377,6.349999904632568,14805,0.0,0.0
2023-02-24 00:00:00+02:00,6.355000019073486,6.570000171661377,6.28000020980835,6.360000133514404,27930,0.0,0.0
2023-02-27 00:00:00+02:00,6.369999885559082,6.559999942779541,6.369999885559082,6.460000038146973,48269,0.0,0.0
2023-02-28 00:00:00+02:00,6.5,6.5,5.989999771118164,6.125,95561,0.0,0.0
2023-03-01 00:00:00+02:00,6.130000114440918,6.150000095367432,5.599999904632568,5.699999809265137,106257,0.0,0.0
2023-03-02 00:00:00+02:00,5.704999923706055,5.84499979019165,5.5,5.599999904632568,51278,0.0,0.0
2023-03-03 00:00:00+02:00,5.800000190734863,5.840000152587891,5.599999904632568,5.704999923706055,32101,0.0,0.0
2023-03-06 00:00:00+02:00,5.75,5.769999980926514,5.5,5.639999866485596,26966,0.0,0.0
2023-03-07 00:00:00+02:00,5.684999942779541,5.684999942779541,5.505000114440918,5.505000114440918,18308,0.0,0.0
2023-03-08 00:00:00+02:00,5.505000114440918,5.59499979019165,5.46999979019165,5.59499979019165,11335,0.0,0.0
2023-03-09 00:00:00+02:00,5.599999904632568,5.744999885559082,5.5,5.744999885559082,23255,0.0,0.0
2023-03-10 00:00:00+02:00,5.690000057220459,5.704999923706055,5.539999961853027,5.605000019073486,29314,0.0,0.0
2023-03-13 00:00:00+02:00,5.650000095367432,5.699999809265137,5.400000095367432,5.400000095367432,41010,0.0,0.0
2023-03-14 00:00:00+02:00,5.400000095367432,5.699999809265137,5.400000095367432,5.699999809265137,13991,0.0,0.0
2023-03-15 00:00:00+02:00,5.739999771118164,6.090000152587891,5.480000019073486,5.965000152587891,40020,0.0,0.0
2023-03-16 00:00:00+02:00,5.965000152587891,6.03000020980835,5.820000171661377,5.96999979019165,19844,0.0,0.0
2023-03-17 00:00:00+02:00,5.974999904632568,6.0,5.78000020980835,5.929999828338623,13233,0.0,0.0
2023-03-20 00:00:00+02:00,5.920000076293945,5.920000076293945,5.449999809265137,5.679999828338623,11316,0.0,0.0
2023-03-21 00:00:00+02:00,5.760000228881836,5.954999923706055,5.704999923706055,5.880000114440918,38147,0.0,0.0
2023-03-22 00:00:00+02:00,5.900000095367432,5.954999923706055,5.710000038146973,5.755000114440918,5090,0.0,0.0
2023-03-23 00:00:00+02:00,5.699999809265137,5.699999809265137,5.550000190734863,5.635000228881836,10527,0.0,0.0
2023-03-24 00:00:00+02:00,5.644999980926514,5.684999942779541,5.5,5.53000020980835,10363,0.0,0.0
2023-03-27 00:00:00+03:00,5.525000095367432,5.610000133514404,5.460000038146973,5.599999904632568,12864,0.0,0.0
2023-03-28 00:00:00+03:00,5.59499979019165,5.59499979019165,5.40500020980835,5.40500020980835,15683,0.0,0.0
2023-03-29 00:00:00+03:00,5.409999847412109,5.605000019073486,5.409999847412109,5.585000038146973,13895,0.0,0.0
2023-03-30 00:00:00+03:00,5.644999980926514,5.869999885559082,5.644999980926514,5.824999809265137,15454,0.0,0.0
2023-03-31 00:00:00+03:00,5.78000020980835,5.880000114440918,5.699999809265137,5.820000171661377,6676,0.0,0.0
2023-04-03 00:00:00+03:00,5.849999904632568,5.989999771118164,5.730000019073486,5.829999923706055,11122,0.0,0.0
2023-04-04 00:00:00+03:00,5.840000152587891,6.059999942779541,5.829999923706055,5.840000152587891,16044,0.0,0.0
2023-04-05 00:00:00+03:00,5.960000038146973,6.0,5.679999828338623,5.699999809265137,17756,0.0,0.0
2023-04-06 00:00:00+03:00,5.710000038146973,5.739999771118164,5.599999904632568,5.630000114440918,35765,0.0,0.0
2023-04-11 00:00:00+03:00,5.800000190734863,5.800000190734863,5.570000171661377,5.599999904632568,17915,0.0,0.0
2023-04-12 00:00:00+03:00,5.599999904632568,5.599999904632568,5.429999828338623,5.460000038146973,17097,0.0,0.0
2023-04-13 00:00:00+03:00,5.46999979019165,5.78000020980835,5.460000038146973,5.670000076293945,47618,0.0,0.0
2023-04-14 00:00:00+03:00,5.679999828338623,5.789999961853027,5.5,5.519999980926514,40652,0.0,0.0
2023-04-17 00:00:00+03:00,5.53000020980835,5.53000020980835,5.400000095367432,5.429999828338623,29804,0.0,0.0
2023-04-18 00:00:00+03:00,5.429999828338623,5.519999980926514,5.349999904632568,5.519999980926514,34151,0.0,0.0
2023-04-19 00:00:00+03:00,5.610000133514404,5.610000133514404,5.389999866485596,5.400000095367432,7563,0.0,0.0
2023-04-20 00:00:00+03:00,5.420000076293945,5.420000076293945,5.309999942779541,5.320000171661377,14964,0.0,0.0
2023-04-21 00:00:00+03:00,5.309999942779541,5.309999942779541,4.900000095367432,5.070000171661377,60302,0.0,0.0
2023-04-24 00:00:00+03:00,5.119999885559082,5.159999847412109,4.920000076293945,4.985000133514404,25950,0.0,0.0
2023-04-25 00:00:00+03:00,4.985000133514404,5.0,4.800000190734863,4.804999828338623,174204,0.0,0.0
2023-04-26 00:00:00+03:00,4.84499979019165,4.849999904632568,4.599999904632568,4.644999980926514,38832,0.0,0.0
2023-04-27 00:00:00+03:00,4.610000133514404,4.610000133514404,4.400000095367432,4.489999771118164,50922,0.0,0.0
2023-04-28 00:00:00+03:00,4.545000076293945,4.635000228881836,4.400000095367432,4.579999923706055,42538,0.0,0.0
2023-05-02 00:00:00+03:00,4.579999923706055,4.670000076293945,4.315000057220459,4.5,53183,0.0,0.0
2023-05-03 00:00:00+03:00,4.5,4.614999771118164,4.485000133514404,4.599999904632568,26976,0.0,0.0
2023-05-04 00:00:00+03:00,4.65500020980835,4.659999847412109,4.510000228881836,4.565000057220459,20255,0.0,0.0
2023-05-05 00:00:00+03:00,4.75,5.170000076293945,4.699999809265137,5.099999904632568,55164,0.0,0.0
2023-05-08 00:00:00+03:00,5.119999885559082,5.539999961853027,5.119999885559082,5.400000095367432,53752,0.0,0.0
2023-05-09 00:00:00+03:00,5.5,5.5,4.940000057220459,5.070000171661377,36451,0.0,0.0
2023-05-10 00:00:00+03:00,5.079999923706055,5.269999980926514,4.860000133514404,4.994999885559082,22848,0.0,0.0
2023-05-11 00:00:00+03:00,4.989999771118164,4.989999771118164,4.679999828338623,4.71999979019165,28556,0.0,0.0
2023-05-12 00:00:00+03:00,4.724999904632568,4.75,4.570000171661377,4.599999904632568,25516,0.0,0.0
2023-05-15 00:00:00+03:00,4.699999809265137,4.699999809265137,4.519999980926514,4.690000057220459,14669,0.0,0.0
2023-05-16 00:00:00+03:00,4.675000190734863,4.855000019073486,4.550000190734863,4.639999866485596,20159,0.0,0.0
2023-05-17 00:00:00+03:00,4.639999866485596,4.639999866485596,4.414999961853027,4.46999979019165,78251,0.0,0.0
2023-05-19 00:00:00+03:00,4.46999979019165,4.545000076293945,4.400000095367432,4.400000095367432,56773,0.0,0.0
2023-05-22 00:00:00+03:00,4.400000095367432,4.485000133514404,4.400000095367432,4.46999979019165,21235,0.0,0.0
2023-05-23 00:00:00+03:00,4.46999979019165,4.619999885559082,4.304999828338623,4.329999923706055,44704,0.0,0.0
2023-05-24 00:00:00+03:00,4.349999904632568,4.349999904632568,4.239999771118164,4.25,37254,0.0,0.0
2023-05-25 00:00:00+03:00,4.349999904632568,4.605000019073486,4.34499979019165,4.449999809265137,93158,0.0,0.0
2023-05-26 00:00:00+03:00,4.684999942779541,5.090000152587891,4.650000095367432,4.949999809265137,210677,0.0,0.0
2023-05-29 00:00:00+03:00,5.039999961853027,5.5,5.039999961853027,5.440000057220459,149658,0.0,0.0
2023-05-30 00:00:00+03:00,5.480000019073486,6.130000114440918,5.480000019073486,5.570000171661377,222819,0.0,0.0
2023-05-31 00:00:00+03:00,5.699999809265137,5.769999980926514,5.099999904632568,5.130000114440918,76406,0.0,0.0
2023-06-01 00:00:00+03:00,5.130000114440918,5.130000114440918,4.760000228881836,4.84499979019165,85887,0.0,0.0
2023-06-02 00:00:00+03:00,4.900000095367432,4.960000038146973,4.820000171661377,4.84499979019165,41859,0.0,0.0
2023-06-05 00:00:00+03:00,4.960000038146973,4.960000038146973,4.849999904632568,4.860000133514404,14212,0.0,0.0
2023-06-06 00:00:00+03:00,4.860000133514404,4.860000133514404,4.65500020980835,4.78000020980835,22561,0.0,0.0
2023-06-07 00:00:00+03:00,4.78000020980835,4.78000020980835,4.639999866485596,4.715000152587891,20315,0.0,0.0
2023-06-08 00:00:00+03:00,4.684999942779541,4.800000190734863,4.579999923706055,4.800000190734863,37452,0.0,0.0
2023-06-09 00:00:00+03:00,4.795000076293945,4.860000133514404,4.644999980926514,4.795000076293945,9932,0.0,0.0
2023-06-12 00:00:00+03:00,4.800000190734863,5.090000152587891,4.800000190734863,5.0,47834,0.0,0.0
2023-06-13 00:00:00+03:00,5.0,5.099999904632568,4.864999771118164,4.900000095367432,35402,0.0,0.0
2023-06-14 00:00:00+03:00,4.90500020980835,5.260000228881836,4.90500020980835,5.260000228881836,29013,0.0,0.0
2023-06-15 00:00:00+03:00,5.260000228881836,5.260000228881836,4.929999828338623,5.019999980926514,38074,0.0,0.0
2023-06-16 00:00:00+03:00,5.190000057220459,5.190000057220459,4.909999847412109,5.010000228881836,47014,0.0,0.0
2023-06-19 00:00:00+03:00,5.050000190734863,5.199999809265137,5.039999961853027,5.130000114440918,45160,0.0,0.0
2023-06-20 00:00:00+03:00,5.190000057220459,5.289999961853027,5.059999942779541,5.099999904632568,42813,0.0,0.0
2023-06-21 00:00:00+03:00,5.099999904632568,5.25,5.099999904632568,5.170000076293945,40104,0.0,0.0
2023-06-22 00:00:00+03:00,5.230000019073486,5.230000019073486,5.019999980926514,5.139999866485596,19800,0.0,0.0
2023-06-26 00:00:00+03:00,5.139999866485596,5.139999866485596,4.949999809265137,4.949999809265137,32458,0.0,0.0
2023-06-27 00:00:00+03:00,5.010000228881836,5.179999828338623,4.954999923706055,5.03000020980835,18652,0.0,0.0
2023-06-28 00:00:00+03:00,5.039999961853027,5.150000095367432,4.96999979019165,5.059999942779541,15790,0.0,0.0
2023-06-29 00:00:00+03:00,5.070000171661377,5.070000171661377,4.965000152587891,5.0,14981,0.0,0.0
2023-06-30 00:00:00+03:00,5.010000228881836,5.039999961853027,4.889999866485596,4.90500020980835,29089,0.0,0.0
2023-07-03 00:00:00+03:00,4.949999809265137,5.079999923706055,4.925000190734863,4.949999809265137,25994,0.0,0.0
2023-07-04 00:00:00+03:00,4.949999809265137,4.974999904632568,4.840000152587891,4.920000076293945,11169,0.0,0.0
2023-07-05 00:00:00+03:00,4.925000190734863,4.940000057220459,4.789999961853027,4.795000076293945,10986,0.0,0.0
2023-07-06 00:00:00+03:00,4.795000076293945,4.795000076293945,4.699999809265137,4.699999809265137,20058,0.0,0.0
2023-07-07 00:00:00+03:00,4.699999809265137,4.71999979019165,4.630000114440918,4.630000114440918,20743,0.0,0.0
2023-07-10 00:00:00+03:00,4.679999828338623,4.744999885559082,4.605000019073486,4.630000114440918,14263,0.0,0.0
2023-07-11 00:00:00+03:00,4.630000114440918,4.894999980926514,4.630000114440918,4.769999980926514,20346,0.0,0.0
2023-07-12 00:00:00+03:00,4.769999980926514,4.795000076293945,4.675000190734863,4.695000171661377,23085,0.0,0.0
2023-07-13 00:00:00+03:00,4.889999866485596,4.889999866485596,4.75,4.820000171661377,15453,0.0,0.0
2023-07-14 00:00:00+03:00,4.824999809265137,4.869999885559082,4.525000095367432,4.585000038146973,41290,0.0,0.0
2023-07-17 00:00:00+03:00,4.59499979019165,4.639999866485596,4.519999980926514,4.53000020980835,17467,0.0,0.0
2023-07-18 00:00:00+03:00,4.53000020980835,4.610000133514404,4.434999942779541,4.605000019073486,48574,0.0,0.0
2023-07-19 00:00:00+03:00,4.539999961853027,4.835000038146973,4.539999961853027,4.71999979019165,9357,0.0,0.0
2023-07-20 00:00:00+03:00,4.724999904632568,4.769999980926514,4.605000019073486,4.739999771118164,6155,0.0,0.0
2023-07-21 00:00:00+03:00,4.739999771118164,4.739999771118164,4.550000190734863,4.599999904632568,12152,0.0,0.0
2023-07-24 00:00:00+03:00,4.635000228881836,4.644999980926514,4.53000020980835,4.53000020980835,11146,0.0,0.0
2023-07-25 00:00:00+03:00,4.534999847412109,4.639999866485596,4.534999847412109,4.599999904632568,12550,0.0,0.0
2023-07-26 00:00:00+03:00,4.639999866485596,4.639999866485596,4.474999904632568,4.5,28347,0.0,0.0
2023-07-27 00:00:00+03:00,4.5,4.59499979019165,4.474999904632568,4.59499979019165,10797,0.0,0.0
2023-07-28 00:00:00+03:00,4.59499979019165,4.644999980926514,4.480000019073486,4.510000228881836,14646,0.0,0.0
2023-07-31 00:00:00+03:00,4.510000228881836,4.539999961853027,4.440000057220459,4.465000152587891,15905,0.0,0.0
2023-08-01 00:00:00+03:00,4.465000152587891,4.53000020980835,4.400000095367432,4.420000076293945,23955,0.0,0.0
2023-08-02 00:00:00+03:00,4.46999979019165,4.474999904632568,4.349999904632568,4.400000095367432,27997,0.0,0.0
2023-08-03 00:00:00+03:00,4.40500020980835,4.465000152587891,4.324999809265137,4.360000133514404,20703,0.0,0.0
2023-08-04 00:00:00+03:00,4.360000133514404,4.494999885559082,4.360000133514404,4.420000076293945,10788,0.0,0.0
2023-08-07 00:00:00+03:00,4.420000076293945,4.494999885559082,4.340000152587891,4.369999885559082,11492,0.0,0.0
2023-08-08 00:00:00+03:00,4.369999885559082,4.369999885559082,4.25,4.355000019073486,28639,0.0,0.0
2023-08-09 00:00:00+03:00,4.355000019073486,4.380000114440918,4.269999980926514,4.320000171661377,20225,0.0,0.0
2023-08-10 00:00:00+03:00,4.320000171661377,4.320000171661377,4.199999809265137,4.239999771118164,17093,0.0,0.0
2023-08-11 00:00:00+03:00,4.239999771118164,4.28000020980835,4.230000019073486,4.260000228881836,16710,0.0,0.0
2023-08-14 00:00:00+03:00,4.260000228881836,4.355000019073486,4.224999904632568,4.230000019073486,14654,0.0,0.0
2023-08-15 00:00:00+03:00,4.25,4.275000095367432,4.179999828338623,4.210000038146973,17898,0.0,0.0
2023-08-16 00:00:00+03:00,4.210000038146973,4.210000038146973,4.135000228881836,4.210000038146973,15716,0.0,0.0
2023-08-17 00:00:00+03:00,4.244999885559082,4.244999885559082,4.090000152587891,4.159999847412109,15068,0.0,0.0
2023-08-18 00:00:00+03:00,4.170000076293945,4.244999885559082,4.135000228881836,4.135000228881836,9146,0.0,0.0
2023-08-21 00:00:00+03:00,4.135000228881836,4.135000228881836,4.050000190734863,4.090000152587891,24261,0.0,0.0
2023-08-22 00:00:00+03:00,4.090000152587891,4.114999771118164,3.990000009536743,4.03000020980835,38802,0.0,0.0
2023-08-23 00:00:00+03:00,4.019999980926514,4.110000133514404,4.0,4.085000038146973,15906,0.0,0.0
2023-08-24 00:00:00+03:00,4.090000152587891,4.090000152587891,4.0,4.065000057220459,24892,0.0,0.0
2023-08-25 00:00:00+03:00,4.070000171661377,4.070000171661377,3.9600000381469727,3.9800000190734863,35884,0.0,0.0
2023-08-28 00:00:00+03:00,3.990000009536743,4.045000076293945,3.9649999141693115,3.990000009536743,29558,0.0,0.0
2023-08-29 00:00:00+03:00,3.9700000286102295,4.045000076293945,3.950000047683716,4.045000076293945,23715,0.0,0.0
2023-08-30 00:00:00+03:00,4.054999828338623,4.329999923706055,4.054999828338623,4.269999980926514,63051,0.0,0.0
2023-08-31 00:00:00+03:00,4.320000171661377,4.434999942779541,3.75,3.7699999809265137,233818,0.0,0.0
2023-09-01 00:00:00+03:00,3.8499999046325684,3.9549999237060547,3.7799999713897705,3.8499999046325684,54782,0.0,0.0
2023-09-04 00:00:00+03:00,3.859999895095825,3.859999895095825,3.700000047683716,3.7249999046325684,46723,0.0,0.0
2023-09-05 00:00:00+03:00,3.744999885559082,3.75,3.549999952316284,3.569999933242798,71025,0.0,0.0
2023-09-06 00:00:00+03:00,3.5799999237060547,3.6050000190734863,3.549999952316284,3.549999952316284,38868,0.0,0.0
2023-09-07 00:00:00+03:00,3.619999885559082,3.619999885559082,3.549999952316284,3.555000066757202,14963,0.0,0.0
2023-09-08 00:00:00+03:00,3.559999942779541,3.6050000190734863,3.559999942779541,3.5850000381469727,15620,0.0,0.0
2023-09-11 00:00:00+03:00,3.569999933242798,3.569999933242798,3.4000000953674316,3.430000066757202,60487,0.0,0.0
2023-09-12 00:00:00+03:00,3.4600000381469727,3.515000104904175,3.4000000953674316,3.430000066757202,18960,0.0,0.0
2023-09-13 00:00:00+03:00,3.450000047683716,3.950000047683716,3.430000066757202,3.759999990463257,57136,0.0,0.0
2023-09-14 00:00:00+03:00,3.799999952316284,3.9749999046325684,3.799999952316284,3.859999895095825,31828,0.0,0.0
2023-09-15 00:00:00+03:00,3.9100000858306885,4.050000190734863,3.815000057220459,3.815000057220459,50856,0.0,0.0
2023-09-18 00:00:00+03:00,3.9000000953674316,3.9000000953674316,3.6500000953674316,3.700000047683716,12639,0.0,0.0
2023-09-19 00:00:00+03:00,3.7049999237060547,3.825000047683716,3.6600000858306885,3.700000047683716,17702,0.0,0.0
2023-09-20 00:00:00+03:00,3.7049999237060547,3.744999885559082,3.6649999618530273,3.690000057220459,15403,0.0,0.0
2023-09-21 00:00:00+03:00,3.7200000286102295,3.7200000286102295,3.5999999046325684,3.619999885559082,14421,0.0,0.0
2023-09-22 00:00:00+03:00,3.7200000286102295,3.7200000286102295,3.5999999046325684,3.619999885559082,5426,0.0,0.0
2023-09-25 00:00:00+03:00,3.619999885559082,3.619999885559082,3.444999933242798,3.5,37828,0.0,0.0
2023-09-26 00:00:00+03:00,3.5,3.5,3.4000000953674316,3.4100000858306885,22842,0.0,0.0
2023-09-27 00:00:00+03:00,3.494999885559082,3.494999885559082,3.3499999046325684,3.4000000953674316,15322,0.0,0.0
2023-09-28 00:00:00+03:00,3.4000000953674316,3.4600000381469727,3.3299999237060547,3.3350000381469727,32211,0.0,0.0
2023-09-29 00:00:00+03:00,3.3350000381469727,3.4000000953674316,3.2699999809265137,3.2850000858306885,36329,0.0,0.0
2023-10-02 00:00:00+03:00,3.2750000953674316,3.3499999046325684,3.1700000762939453,3.1700000762939453,35266,0.0,0.0
2023-10-03 00:00:00+03:00,3.2149999141693115,3.234999895095825,3.109999895095825,3.234999895095825,27063,0.0,0.0
2023-10-04 00:00:00+03:00,3.2950000762939453,3.2950000762939453,3.130000114440918,3.1549999713897705,19930,0.0,0.0
2023-10-05 00:00:00+03:00,3.180000066757202,3.3550000190734863,3.180000066757202,3.234999895095825,14215,0.0,0.0
2023-10-06 00:00:00+03:00,3.2300000190734863,3.234999895095825,3.134999990463257,3.234999895095825,22821,0.0,0.0
2023-10-09 00:00:00+03:00,3.234999895095825,3.234999895095825,3.0350000858306885,3.0999999046325684,45478,0.0,0.0
2023-10-10 00:00:00+03:00,3.0999999046325684,3.2249999046325684,3.0,3.069999933242798,55077,0.0,0.0
2023-10-11 00:00:00+03:00,3.075000047683716,3.1050000190734863,2.9000000953674316,2.9200000762939453,85261,0.0,0.0
2023-10-12 00:00:00+03:00,2.9549999237060547,2.9600000381469727,2.890000104904175,2.9000000953674316,48271,0.0,0.0
2023-10-13 00:00:00+03:00,2.9000000953674316,2.9200000762939453,2.674999952316284,2.8450000286102295,108067,0.0,0.0
2023-10-16 00:00:00+03:00,2.8450000286102295,2.859999895095825,2.4549999237060547,2.5199999809265137,216674,0.0,0.0
2023-10-17 00:00:00+03:00,2.5199999809265137,2.5350000858306885,2.234999895095825,2.380000114440918,122291,0.0,0.0
2023-10-18 00:00:00+03:00,2.380000114440918,2.430000066757202,2.2899999618530273,2.315000057220459,71258,0.0,0.0
2023-10-19 00:00:00+03:00,2.3350000381469727,2.3399999141693115,2.240000009536743,2.2899999618530273,45685,0.0,0.0
2023-10-20 00:00:00+03:00,2.2899999618530273,2.2899999618530273,2.1050000190734863,2.140000104904175,87952,0.0,0.0
2023-10-23 00:00:00+03:00,2.180000066757202,2.2200000286102295,2.0,2.140000104904175,87712,0.0,0.0
2023-10-24 00:00:00+03:00,2.055000066757202,2.2699999809265137,2.0399999618530273,2.184999942779541,68586,0.0,0.0
2023-10-25 00:00:00+03:00,2.2750000953674316,2.3299999237060547,2.049999952316284,2.1050000190734863,37346,0.0,0.0
2023-10-26 00:00:00+03:00,2.109999895095825,2.119999885559082,1.934000015258789,1.9819999933242798,126974,0.0,0.0
2023-10-27 00:00:00+03:00,2.005000114440918,2.0199999809265137,1.9220000505447388,1.9900000095367432,69609,0.0,0.0
2023-10-30 00:00:00+02:00,1.9900000095367432,2.0,1.965999960899353,1.9980000257492065,29986,0.0,0.0
2023-10-31 00:00:00+02:00,2.0,2.0799999237060547,1.9700000286102295,2.0199999809265137,91832,0.0,0.0
2023-11-01 00:00:00+02:00,2.069999933242798,2.0950000286102295,1.9900000095367432,2.009999990463257,33985,0.0,0.0
2023-11-02 00:00:00+02:00,2.009999990463257,2.069999933242798,1.99399995803833,2.0250000953674316,55632,0.0,0.0
2023-11-03 00:00:00+02:00,2.069999933242798,2.069999933242798,1.9800000190734863,2.0,48781,0.0,0.0
2023-11-06 00:00:00+02:00,2.005000114440918,2.0399999618530273,1.9839999675750732,1.9859999418258667,31126,0.0,0.0
2023-11-07 00:00:00+02:00,2.0,2.009999990463257,1.9800000190734863,1.99399995803833,64805,0.0,0.0
2023-11-08 00:00:00+02:00,2.0,2.015000104904175,1.9839999675750732,1.9980000257492065,19172,0.0,0.0
2023-11-09 00:00:00+02:00,1.996000051498413,1.9980000257492065,1.9700000286102295,1.9819999933242798,23817,0.0,0.0
2023-11-10 00:00:00+02:00,1.9880000352859497,1.9980000257492065,1.9520000219345093,1.9539999961853027,24904,0.0,0.0
2023-11-13 00:00:00+02:00,1.9600000381469727,1.9800000190734863,1.899999976158142,1.899999976158142,61540,0.0,0.0
