Date,Open,High,Low,Close,Volume,Dividends,Stock Splits
2021-11-30 00:00:00+02:00,5.540850329749256,7.375378662414393,5.540850329749256,6.810967922210693,55714,0.0,0.0
2021-12-01 00:00:00+02:00,6.909564889443001,6.909564889443001,6.412697754440802,6.470147609710693,32427,0.0,0.0
2021-12-02 00:00:00+02:00,6.5384674370545754,6.804757753245504,6.287704589740415,6.349812984466553,27615,0.0,0.0
2021-12-03 00:00:00+02:00,6.28848139880842,6.738767640754748,6.28848139880842,6.366116523742676,13036,0.0,0.0
2021-12-07 00:00:00+02:00,6.428224919846274,6.443752389067415,6.350589794912018,6.366116523742676,18203,0.0,0.0
2021-12-08 00:00:00+02:00,6.350589794912018,6.490333315949872,6.350589794912018,6.366116523742676,6346,0.0,0.0
2021-12-09 00:00:00+02:00,6.366116895793556,6.474806965522197,6.366116895793556,6.443752765655518,4605,0.0,0.0
2021-12-10 00:00:00+02:00,6.987201238933362,7.421960752905473,6.987201238933362,7.3753790855407715,81970,0.0,0.0
2021-12-13 00:00:00+02:00,8.465335735577932,8.537999494716086,7.230050964008983,7.702365398406982,105204,1.38,0.0
2021-12-14 00:00:00+02:00,8.065684833195828,8.065684833195828,7.248216699690413,7.320880889892578,18538,0.0,0.0
2021-12-15 00:00:00+02:00,7.575203808098367,7.575203808098367,7.2845487886172755,7.357212543487549,7543,0.0,0.0
2021-12-16 00:00:00+02:00,7.557037975308727,7.611536228458895,7.448042335228738,7.502540588378906,789,0.0,0.0
2021-12-17 00:00:00+02:00,7.593369603646067,7.68419973381225,7.211884876010771,7.266382694244385,4410,0.0,0.0
2021-12-20 00:00:00+02:00,6.975726991572953,7.466208205092361,6.939395113995241,7.429876327514648,5323,0.0,0.0
2021-12-21 00:00:00+02:00,7.6297015631521505,7.6297015631521505,7.284549143799455,7.484374046325684,4317,0.0,0.0
2021-12-22 00:00:00+02:00,7.6297017942665155,7.6297017942665155,7.357213125072989,7.448042392730713,2416,0.0,0.0
2021-12-23 00:00:00+02:00,7.448041889967395,7.629701279240688,7.448041889967395,7.575203895568848,1818,0.0,0.0
2021-12-27 00:00:00+02:00,7.647868362511341,7.647868362511341,7.2663831764500815,7.538872718811035,5563,0.0,0.0
2021-12-28 00:00:00+02:00,7.6478674174051156,7.720531170892364,7.411709785461426,7.411709785461426,1604,0.0,0.0
2021-12-29 00:00:00+02:00,7.411710236177513,7.411710236177513,7.339046478271484,7.339046478271484,1454,0.0,0.0
2021-12-30 00:00:00+02:00,7.339046896114339,7.593370063265128,7.157387491006632,7.393545150756836,7826,0.0,0.0
2022-01-03 00:00:00+02:00,7.393544781419306,7.5388722982457725,7.157387133466132,7.484374046325684,5960,0.0,0.0
2022-01-04 00:00:00+02:00,7.429876754969422,7.538872393973284,7.139221284515623,7.284549236297607,11980,0.0,0.0
2022-01-05 00:00:00+02:00,7.429876327514648,7.429876327514648,7.266382445304798,7.429876327514648,3365,0.0,0.0
2022-01-07 00:00:00+02:00,7.429876838046379,7.429876838046379,7.266382944602316,7.302714824676514,4594,0.0,0.0
2022-01-10 00:00:00+02:00,7.429876453097517,7.429876453097517,7.157386933548798,7.24821662902832,4806,0.0,0.0
2022-01-11 00:00:00+02:00,7.284548708846192,7.557037353515625,7.175552644624227,7.557037353515625,9313,0.0,0.0
2022-01-12 00:00:00+02:00,7.3572127684385835,7.411710153147434,7.320880889892578,7.320880889892578,1083,0.0,0.0
2022-01-13 00:00:00+02:00,7.448042344973304,7.448042344973304,7.302714824676514,7.302714824676514,3210,0.0,0.0
2022-01-14 00:00:00+02:00,7.393544703232976,7.393544703232976,7.211884876010771,7.266382694244385,2489,0.0,0.0
2022-01-17 00:00:00+02:00,7.266382694244385,7.284549066765749,7.266382694244385,7.266382694244385,3848,0.0,0.0
2022-01-18 00:00:00+02:00,7.266382568124225,7.302714446316034,7.24821662902832,7.24821662902832,1831,0.0,0.0
2022-01-19 00:00:00+02:00,7.248216601104906,7.248216601104906,7.139220966949379,7.175552845001221,7870,0.0,0.0
2022-01-20 00:00:00+02:00,7.1573869059753,7.175552845001221,7.1573869059753,7.175552845001221,3012,0.0,0.0
2022-01-21 00:00:00+02:00,7.084723472595215,7.175553171862298,7.066557532741798,7.084723472595215,6871,0.0,0.0
2022-01-24 00:00:00+02:00,7.1028893432229685,7.3935448111550395,6.993893272054588,7.012059211730957,6503,0.0,0.0
2022-01-25 00:00:00+02:00,7.012059336946261,7.066557590058716,7.012059336946261,7.0302252769470215,3459,0.0,0.0
2022-01-26 00:00:00+02:00,7.030225048788566,7.266382694244385,7.030225048788566,7.266382694244385,1041,0.0,0.0
2022-01-27 00:00:00+02:00,7.266382694244385,7.266382694244385,7.04839142130993,7.266382694244385,309,0.0,0.0
2022-01-28 00:00:00+02:00,7.2663825115646725,7.2663825115646725,7.048391244110603,7.102889060974121,445,0.0,0.0
2022-01-31 00:00:00+02:00,7.248216502591276,7.248216502591276,7.175552747475196,7.230050563812256,690,0.0,0.0
2022-02-01 00:00:00+02:00,7.24821662902832,7.266382568124225,7.084723177165181,7.24821662902832,1583,0.0,0.0
2022-02-02 00:00:00+02:00,7.24821662902832,7.24821662902832,7.175552872644703,7.24821662902832,300,0.0,0.0
2022-02-03 00:00:00+02:00,7.248216699690413,7.320880889892578,7.175552942598404,7.320880889892578,450,0.0,0.0
2022-02-04 00:00:00+02:00,7.24821662902832,7.24821662902832,7.24821662902832,7.24821662902832,11,0.0,0.0
2022-02-07 00:00:00+02:00,7.375378202699652,7.393544574905708,7.24821662902832,7.24821662902832,460,0.0,0.0
2022-02-08 00:00:00+02:00,7.266382694244385,7.266382694244385,7.266382694244385,7.266382694244385,100,0.0,0.0
2022-02-09 00:00:00+02:00,7.357212824410567,7.357212824410567,7.266382694244385,7.266382694244385,272,0.0,0.0
2022-02-10 00:00:00+02:00,7.266382568124225,7.266382568124225,7.1028891162610845,7.24821662902832,975,0.0,0.0
2022-02-11 00:00:00+02:00,7.2482172087005905,7.2482172087005905,7.12105562485958,7.193719387054443,101,0.0,0.0
2022-02-14 00:00:00+02:00,7.193719010197423,7.266382768585653,7.13922119140625,7.13922119140625,2283,0.0,0.0
2022-02-15 00:00:00+02:00,7.048391841055258,7.157387484013386,6.866732003014859,7.121055603027344,6831,0.0,0.0
2022-02-16 00:00:00+02:00,7.121055055356989,7.3572126967138995,7.121055055356989,7.24821662902832,2380,0.0,0.0
2022-02-17 00:00:00+02:00,7.2663831492493065,7.2663831492493065,7.193719387054443,7.193719387054443,1120,0.0,0.0
2022-02-18 00:00:00+02:00,7.320881115965561,7.339046622689368,7.21188504385153,7.284549236297607,3212,0.0,0.0
2022-02-21 00:00:00+02:00,7.17555357054503,7.266383274858725,7.17555357054503,7.211885452270508,2884,0.0,0.0
2022-02-22 00:00:00+02:00,7.175552718490798,7.175552718490798,6.975726959618596,7.157386779785156,1442,0.0,0.0
2022-02-23 00:00:00+02:00,7.266382930067085,7.266382930067085,7.0302252769470215,7.0302252769470215,9690,0.0,0.0
2022-02-24 00:00:00+02:00,7.048391498474515,7.266382773795501,6.939395427703857,6.939395427703857,6937,0.0,0.0
2022-02-25 00:00:00+02:00,6.993892926574852,7.28454881325946,6.993892926574852,7.230050563812256,1717,0.0,0.0
2022-02-28 00:00:00+02:00,7.066557210845695,7.175552845001221,6.939395204554097,7.175552845001221,773,0.0,0.0
2022-03-01 00:00:00+02:00,7.175552997188362,7.266382694244385,7.175552997188362,7.266382694244385,4000,0.0,0.0
2022-03-02 00:00:00+02:00,7.2663822784869305,7.44804166220505,7.2663822784869305,7.411709785461426,2387,0.0,0.0
2022-03-03 00:00:00+02:00,7.266382540130826,7.266382540130826,6.921229265528176,7.175552845001221,6906,0.0,0.0
2022-03-04 00:00:00+02:00,7.230050633655661,7.230050633655661,6.8122336045918805,7.102889060974121,2744,0.0,0.0
2022-03-07 00:00:00+02:00,7.10288915978474,7.10288915978474,6.812233699359096,7.048391342163086,3486,0.0,0.0
2022-03-08 00:00:00+02:00,7.230051050065563,7.266382930067085,7.0302252769470215,7.0302252769470215,1735,0.0,0.0
2022-03-09 00:00:00+02:00,7.230051393133247,7.320881530557137,7.211885452270508,7.211885452270508,1500,0.0,0.0
2022-03-10 00:00:00+02:00,7.211885452270508,7.211885452270508,7.211885452270508,7.211885452270508,100,0.0,0.0
2022-03-11 00:00:00+02:00,7.248216502591276,7.248216502591276,7.230050563812256,7.230050563812256,217,0.0,0.0
2022-03-14 00:00:00+02:00,7.248216931275964,7.357213003506635,7.084723472595215,7.084723472595215,2309,0.0,0.0
2022-03-15 00:00:00+02:00,7.139220869917156,7.230050563812256,7.139220869917156,7.230050563812256,974,0.0,0.0
2022-03-16 00:00:00+02:00,7.230050889391538,7.230050889391538,7.13922119140625,7.13922119140625,955,0.0,0.0
2022-03-17 00:00:00+02:00,7.193718686254216,7.230050563812256,7.139220869917156,7.230050563812256,200,0.0,0.0
2022-03-18 00:00:00+02:00,7.230050563812256,7.230050563812256,7.230050563812256,7.230050563812256,214,0.0,0.0
2022-03-21 00:00:00+02:00,7.230051393133247,7.230051393133247,7.012059669670185,7.211885452270508,1806,0.0,0.0
2022-03-22 00:00:00+02:00,7.230050662078984,7.230050662078984,7.175552845001221,7.175552845001221,29,0.0,0.0
2022-03-23 00:00:00+02:00,7.175552816792144,7.211884694701156,7.102889060974121,7.102889060974121,725,0.0,0.0
2022-03-24 00:00:00+02:00,7.211884625033236,7.230050563812256,7.211884625033236,7.230050563812256,2580,0.0,0.0
2022-03-25 00:00:00+02:00,7.230050563812256,7.230050563812256,7.230050563812256,7.230050563812256,0,0.0,0.0
2022-03-28 00:00:00+03:00,7.266382944602316,7.302714824676514,7.266382944602316,7.302714824676514,4798,0.0,0.0
2022-03-29 00:00:00+03:00,7.266382416789565,7.357212543487549,7.175552723201724,7.357212543487549,2628,0.0,0.0
2022-03-30 00:00:00+03:00,7.357212824410567,7.357212824410567,7.266382694244385,7.266382694244385,2332,0.0,0.0
2022-03-31 00:00:00+03:00,7.379625344707966,7.379625344707966,7.115393042985874,7.3418779373168945,3015,0.3,0.0
2022-04-01 00:00:00+03:00,7.077645644879964,7.285256385803223,7.021024533719075,7.285256385803223,4716,0.0,0.0
2022-04-04 00:00:00+03:00,7.19088791572023,7.209761619567871,6.88890865415797,7.209761619567871,6935,0.0,0.0
2022-04-05 00:00:00+03:00,7.096519339290338,7.3418779373168945,7.096519339290338,7.3418779373168945,544,0.0,0.0
2022-04-06 00:00:00+03:00,7.247508709217346,7.247508709217346,6.926655757887585,6.945529460906982,5276,0.0,0.0
2022-04-07 00:00:00+03:00,6.94552947239877,7.266382424259402,6.775665694958566,6.9266557693481445,8428,0.0,0.0
2022-04-08 00:00:00+03:00,6.983277532826339,7.4739943081068585,6.983277532826339,7.398499488830566,3325,0.0,0.0
2022-04-11 00:00:00+03:00,7.417372703552246,7.417372703552246,7.417372703552246,7.417372703552246,15,0.0,0.0
2022-04-12 00:00:00+03:00,7.1908879652655635,7.1908879652655635,6.945529813555706,7.1342668533325195,861,0.0,0.0
2022-04-13 00:00:00+03:00,7.153140594964134,7.190888003118197,7.077645778656006,7.077645778656006,1614,0.0,0.0
2022-04-14 00:00:00+03:00,6.983277258270846,7.379625493873118,6.888908737885686,7.077645778656006,1934,0.0,0.0
2022-04-19 00:00:00+03:00,7.1720143117601864,7.1720143117601864,6.983277270655155,7.058772087097168,141,0.0,0.0
2022-04-20 00:00:00+03:00,7.03989839553833,7.03989839553833,7.03989839553833,7.03989839553833,220,0.0,0.0
2022-04-21 00:00:00+03:00,7.002151037864138,7.002151037864138,6.813413545073736,6.9644036293029785,2648,0.0,0.0
2022-04-22 00:00:00+03:00,6.813413545073736,6.9644036293029785,6.794539840793156,6.9644036293029785,1500,0.0,0.0
2022-04-25 00:00:00+03:00,6.775665771745963,6.870034738053132,6.662423552158857,6.756792068481445,2987,0.0,0.0
2022-04-26 00:00:00+03:00,6.775666186563043,6.888908863067627,6.775666186563043,6.888908863067627,1666,0.0,0.0
2022-04-27 00:00:00+03:00,6.888908863067627,6.888908863067627,6.888908863067627,6.888908863067627,0,0.0,0.0
2022-04-28 00:00:00+03:00,6.87003470629005,6.87003470629005,6.568055005469367,6.851161003112793,2203,0.0,0.0
2022-04-29 00:00:00+03:00,6.9266563771063945,6.9266563771063945,6.605802947108886,6.70017147064209,2127,0.0,0.0
2022-05-02 00:00:00+03:00,6.756792201325727,6.794539608596907,6.417065535885094,6.5491814613342285,7247,0.0,0.0
2022-05-03 00:00:00+03:00,6.549181510204586,6.6058026215338685,6.398191879993168,6.473686695098877,902,0.0,0.0
2022-05-04 00:00:00+03:00,6.398191879993168,6.473686695098877,6.398191879993168,6.473686695098877,300,0.0,0.0
2022-05-05 00:00:00+03:00,6.4925603988753045,6.4925603988753045,6.303822911126438,6.473686695098877,877,0.0,0.0
2022-05-06 00:00:00+03:00,6.303823019315193,6.303823019315193,6.247201907014157,6.266075611114502,1060,0.0,0.0
2022-05-09 00:00:00+03:00,6.247201894547973,6.28494930267334,6.247201894547973,6.28494930267334,520,0.0,0.0
2022-05-10 00:00:00+03:00,6.0395914038714515,6.624676704406738,6.001843994158505,6.624676704406738,3897,0.0,0.0
2022-05-11 00:00:00+03:00,6.605802536010742,6.605802536010742,6.605802536010742,6.605802536010742,30,0.0,0.0
2022-05-12 00:00:00+03:00,6.549181510204586,6.549181510204586,6.473686695098877,6.473686695098877,315,0.0,0.0
2022-05-13 00:00:00+03:00,6.473686695098877,6.473686695098877,6.473686695098877,6.473686695098877,0,0.0,0.0
2022-05-16 00:00:00+03:00,6.473686695098877,6.473686695098877,6.473686695098877,6.473686695098877,0,0.0,0.0
2022-05-17 00:00:00+03:00,6.586928844451904,6.586928844451904,6.586928844451904,6.586928844451904,15,0.0,0.0
2022-05-18 00:00:00+03:00,6.417065632784113,6.417065632784113,6.303822959275991,6.398191928863525,395,0.0,0.0
2022-05-19 00:00:00+03:00,6.3226964877225935,6.964403303182454,6.266075377532238,6.681297302246094,1611,0.0,0.0
2022-05-20 00:00:00+03:00,6.473686682916804,6.605802609103182,6.473686682916804,6.492560386657715,283,0.0,0.0
2022-05-23 00:00:00+03:00,6.5114341273735405,6.964403469712167,6.3226966389080985,6.435939311981201,3341,0.0,0.0
2022-05-24 00:00:00+03:00,6.322696723415539,6.435939398002212,6.171707090612775,6.266075611114502,3073,0.0,0.0
2022-05-25 00:00:00+03:00,6.266075586181684,6.473686780443997,6.133959658004958,6.303822994232178,2747,0.0,0.0
2022-05-27 00:00:00+03:00,6.115085978311738,6.266075611114502,6.115085978311738,6.266075611114502,2546,0.0,0.0
2022-05-30 00:00:00+03:00,6.190580832223283,6.266075649082105,6.133959719579166,6.209454536437988,958,0.0,0.0
2022-05-31 00:00:00+03:00,6.341570013609129,6.341570013609129,6.152832984924316,6.152832984924316,2511,0.0,0.0
2022-06-01 00:00:00+03:00,6.228327740020865,6.247201442718506,6.171706631927942,6.247201442718506,428,0.0,0.0
2022-06-02 00:00:00+03:00,6.247201847514229,6.398191928863525,6.228328143593641,6.398191928863525,2066,0.0,0.0
2022-06-03 00:00:00+03:00,6.24720193217318,6.24720193217318,6.096212298762344,6.228328227996826,1169,0.0,0.0
2022-06-06 00:00:00+03:00,6.20945409352976,6.228327796398242,6.152832984924316,6.152832984924316,1252,0.0,0.0
2022-06-07 00:00:00+03:00,6.209454549132441,6.209454549132441,6.133959732119279,6.19058084487915,345,0.0,0.0
2022-06-08 00:00:00+03:00,6.096212298762344,6.228328227996826,6.096212298762344,6.228328227996826,1336,0.0,0.0
2022-06-09 00:00:00+03:00,6.228328141508802,6.360444068908691,6.209454437594533,6.360444068908691,512,0.0,0.0
2022-06-10 00:00:00+03:00,6.360444068908691,6.360444068908691,6.360444068908691,6.360444068908691,0,0.0,0.0
2022-06-13 00:00:00+03:00,6.341570544932346,6.341570544932346,6.096212387084961,6.096212387084961,1200,0.0,0.0
2022-06-14 00:00:00+03:00,6.2283283051038705,6.2283283051038705,6.039591261003751,6.115086078643799,1264,0.0,0.0
2022-06-15 00:00:00+03:00,6.19058084487915,6.209454549132441,6.19058084487915,6.19058084487915,640,0.0,0.0
2022-06-16 00:00:00+03:00,6.133959339308702,6.133959339308702,5.92634860581762,6.058464527130127,2909,0.0,0.0
2022-06-17 00:00:00+03:00,6.152832984924316,6.152832984924316,6.152832984924316,6.152832984924316,1307,0.0,0.0
2022-06-20 00:00:00+03:00,6.096211876318873,6.152832984924316,6.0207170648449475,6.152832984924316,1375,0.0,0.0
2022-06-21 00:00:00+03:00,6.020717121040839,6.096211933219414,5.945222308862264,6.058464527130127,1303,0.0,0.0
2022-06-22 00:00:00+03:00,6.058464515679992,6.077338218688965,6.058464515679992,6.077338218688965,78,0.0,0.0
2022-06-23 00:00:00+03:00,6.058464561912614,6.077338265065614,5.9452223429946125,6.001843452453613,409,0.0,0.0
2022-06-27 00:00:00+03:00,5.945222354515626,6.0018434640843505,5.907474948136476,5.982969760894775,1560,0.0,0.0
2022-06-28 00:00:00+03:00,5.982969760894775,6.0018434640843505,5.850853388583173,5.982969760894775,1321,0.0,0.0
2022-06-29 00:00:00+03:00,5.982969760894775,5.982969760894775,5.982969760894775,5.982969760894775,0,0.0,0.0
2022-06-30 00:00:00+03:00,5.888600794962322,5.982969760894775,5.850853388583173,5.982969760894775,668,0.0,0.0
2022-07-01 00:00:00+03:00,5.982969760894775,5.982969760894775,5.982969760894775,5.982969760894775,0,0.0,0.0
2022-07-04 00:00:00+03:00,5.813106420139147,6.020717620849609,5.379010764091394,6.020717620849609,2836,0.0,0.0
2022-07-05 00:00:00+03:00,5.907474994659424,5.907474994659424,5.869727137998421,5.907474994659424,392,0.0,0.0
2022-07-06 00:00:00+03:00,5.869727122973529,5.888600826263428,5.869727122973529,5.888600826263428,160,0.0,0.0
2022-07-07 00:00:00+03:00,5.888600838032209,5.888600838032209,5.86972713470459,5.86972713470459,109,0.0,0.0
2022-07-08 00:00:00+03:00,5.907474994659424,5.907474994659424,5.907474994659424,5.907474994659424,150,0.0,0.0
2022-07-11 00:00:00+03:00,5.869727598612949,6.020717687151843,5.869727598612949,5.92634916305542,2060,0.0,0.0
2022-07-12 00:00:00+03:00,5.869727103219453,5.9640960693359375,5.869727103219453,5.9640960693359375,100,0.0,0.0
2022-07-13 00:00:00+03:00,5.92634914983707,5.945222854614258,5.92634914983707,5.945222854614258,771,0.0,0.0
2022-07-14 00:00:00+03:00,5.869727091772747,5.982969760894775,5.869727091772747,5.982969760894775,350,0.0,0.0
2022-07-15 00:00:00+03:00,5.850853829362029,6.058465030072491,5.756485306304824,6.020717620849609,3880,0.0,0.0
2022-07-18 00:00:00+03:00,5.945222854614258,5.982970264168634,5.907475445059882,5.945222854614258,304,0.0,0.0
2022-07-19 00:00:00+03:00,5.92634916305542,5.92634916305542,5.92634916305542,5.92634916305542,59,0.0,0.0
2022-07-20 00:00:00+03:00,5.92634916305542,5.92634916305542,5.92634916305542,5.92634916305542,30,0.0,0.0
2022-07-21 00:00:00+03:00,5.85085391998291,5.85085391998291,5.7753591003678455,5.85085391998291,213,0.0,0.0
2022-07-22 00:00:00+03:00,5.85085391998291,5.85085391998291,5.85085391998291,5.85085391998291,45,0.0,0.0
2022-07-25 00:00:00+03:00,5.775358621307369,5.907474994659424,5.775358621307369,5.907474994659424,393,0.0,0.0
2022-07-26 00:00:00+03:00,5.794232805271612,5.85085391998291,5.75648539546408,5.85085391998291,1802,0.0,0.0
2022-07-27 00:00:00+03:00,5.831980228424072,5.831980228424072,5.680990588848444,5.831980228424072,1719,0.0,0.0
2022-07-28 00:00:00+03:00,5.831980228424072,5.831980228424072,5.831980228424072,5.831980228424072,0,0.0,0.0
2022-07-29 00:00:00+03:00,5.756485462188721,5.756485462188721,5.756485462188721,5.756485462188721,279,0.0,0.0
2022-08-01 00:00:00+03:00,5.756485408636258,5.831980228424072,5.756485408636258,5.831980228424072,200,0.0,0.0
2022-08-02 00:00:00+03:00,5.7942328185301655,5.850853933371026,5.737611703689304,5.831980228424072,950,0.0,0.0
2022-08-03 00:00:00+03:00,5.737611246259076,5.813106060028076,5.718737542816825,5.813106060028076,1090,0.0,0.0
2022-08-04 00:00:00+03:00,5.81310608395024,5.81310608395024,5.699863862830723,5.7753586769104,74,0.0,0.0
2022-08-05 00:00:00+03:00,5.7753586769104,5.7753586769104,5.7753586769104,5.7753586769104,42,0.0,0.0
2022-08-08 00:00:00+03:00,5.7753586769104,5.7753586769104,5.7753586769104,5.7753586769104,0,0.0,0.0
2022-08-09 00:00:00+03:00,5.7753586769104,5.7753586769104,5.7753586769104,5.7753586769104,440,0.0,0.0
2022-08-10 00:00:00+03:00,5.7564849147388735,5.86972713470459,5.7564849147388735,5.86972713470459,2350,0.0,0.0
2022-08-11 00:00:00+03:00,5.850853933371026,5.850853933371026,5.831980228424072,5.831980228424072,595,0.0,0.0
2022-08-12 00:00:00+03:00,5.813106510175378,5.869727624886676,5.813106510175378,5.85085391998291,1326,0.0,0.0
2022-08-15 00:00:00+03:00,5.831980282678861,5.850853987801396,5.756485462188721,5.756485462188721,2629,0.0,0.0
2022-08-16 00:00:00+03:00,5.737611214630948,5.907474994659424,5.737611214630948,5.907474994659424,2208,0.0,0.0
2022-08-17 00:00:00+03:00,5.737611690560313,5.869727624886676,5.680990575849015,5.85085391998291,3318,0.0,0.0
2022-08-18 00:00:00+03:00,5.85085391998291,5.85085391998291,5.85085391998291,5.85085391998291,0,0.0,0.0
2022-08-19 00:00:00+03:00,5.85085391998291,5.85085391998291,5.85085391998291,5.85085391998291,0,0.0,0.0
2022-08-22 00:00:00+03:00,5.831980228424072,5.831980228424072,5.737611703689304,5.831980228424072,1143,0.0,0.0
2022-08-23 00:00:00+03:00,5.756485408636258,5.831980228424072,5.756485408636258,5.831980228424072,1655,0.0,0.0
2022-08-24 00:00:00+03:00,5.831980188974379,5.92634916305542,5.7564853696972405,5.92634916305542,1743,0.0,0.0
2022-08-25 00:00:00+03:00,5.775359167311255,5.775359167311255,5.756485462188721,5.756485462188721,809,0.0,0.0
2022-08-26 00:00:00+03:00,5.756484997391335,5.756484997391335,5.737611293792725,5.737611293792725,32,0.0,0.0
2022-08-29 00:00:00+03:00,5.756485009510579,5.7942324167872705,5.718737602233887,5.718737602233887,5055,0.0,0.0
2022-08-30 00:00:00+03:00,5.737611305872233,5.850853527702308,5.718737602233887,5.718737602233887,1655,0.0,0.0
2022-08-31 00:00:00+03:00,5.718737602233887,5.718737602233887,5.718737602233887,5.718737602233887,0,0.0,0.0
2022-09-01 00:00:00+03:00,5.737611690560313,5.85085391998291,5.737611690560313,5.85085391998291,190,0.0,0.0
2022-09-02 00:00:00+03:00,5.794232429066771,5.831979836423459,5.699863910675049,5.699863910675049,773,0.0,0.0
2022-09-05 00:00:00+03:00,5.831979775431155,5.831979775431155,5.794232368469238,5.794232368469238,126,0.0,0.0
2022-09-06 00:00:00+03:00,5.680990709743128,5.680990709743128,5.548874772302952,5.662117004394531,2264,0.0,0.0
2022-09-07 00:00:00+03:00,5.737611703689304,5.850853933371026,5.699864293795398,5.831980228424072,3753,0.0,0.0
2022-09-08 00:00:00+03:00,5.8124750853776606,5.9880194664001465,5.8124750853776606,5.9880194664001465,720,0.2,0.0
2022-09-09 00:00:00+03:00,5.831980320140474,5.851485252380371,5.831980320140474,5.851485252380371,600,0.0,0.0
2022-09-12 00:00:00+03:00,5.831980320140474,5.851485252380371,5.831980320140474,5.851485252380371,570,0.0,0.0
2022-09-13 00:00:00+03:00,5.909999847412109,5.909999847412109,5.909999847412109,5.909999847412109,100,0.0,0.0
2022-09-14 00:00:00+03:00,5.909999847412109,5.909999847412109,5.909999847412109,5.909999847412109,0,0.0,0.0
2022-09-15 00:00:00+03:00,5.890494730459939,5.890494730459939,5.870989799499512,5.870989799499512,62,0.0,0.0
2022-09-16 00:00:00+03:00,5.8709899993408285,5.8709899993408285,5.812475204467773,5.812475204467773,1007,0.0,0.0
2022-09-19 00:00:00+03:00,5.656435841025688,5.831980228424072,5.656435841025688,5.831980228424072,700,0.0,0.0
2022-09-20 00:00:00+03:00,5.7344553072119115,5.8319799624296165,5.578415393829346,5.578415393829346,2297,0.0,0.0
2022-09-21 00:00:00+03:00,5.6174258882242585,5.812475204467773,5.6174258882242585,5.812475204467773,663,0.0,0.0
2022-09-22 00:00:00+03:00,5.812475204467773,5.812475204467773,5.812475204467773,5.812475204467773,0,0.0,0.0
2022-09-23 00:00:00+03:00,5.597920363866873,5.597920363866873,5.149306946740479,5.285841464996338,5363,0.0,0.0
2022-09-26 00:00:00+03:00,5.363861451287239,5.5979206368542345,5.305346654895489,5.44188117980957,2686,0.0,0.0
2022-09-27 00:00:00+03:00,5.402871161762291,5.402871161762291,5.032276996795458,5.207821846008301,5274,0.0,0.0
2022-09-28 00:00:00+03:00,5.207821703570418,5.81247503090431,5.207821703570418,5.67594051361084,1215,0.0,0.0
2022-09-29 00:00:00+03:00,5.539405584157852,5.5979203778421605,5.149306959595797,5.188316822052002,1208,0.0,0.0
2022-09-30 00:00:00+03:00,5.285841360804625,5.363861083984375,5.266336430009687,5.363861083984375,379,0.0,0.0
2022-10-03 00:00:00+03:00,5.363861083984375,5.363861083984375,5.363861083984375,5.363861083984375,0,0.0,0.0
2022-10-04 00:00:00+03:00,5.266336441040039,5.363861095218993,5.149306856025295,5.266336441040039,3387,0.0,0.0
2022-10-05 00:00:00+03:00,5.24683161573631,5.305346409420618,4.973762113508629,5.188316822052002,3458,0.0,0.0
2022-10-06 00:00:00+03:00,5.266336625911638,5.305346488952637,5.266336625911638,5.305346488952637,735,0.0,0.0
2022-10-07 00:00:00+03:00,5.305346488952637,5.305346488952637,5.305346488952637,5.305346488952637,0,0.0,0.0
2022-10-10 00:00:00+03:00,5.305346474559062,5.402871131896973,5.305346474559062,5.402871131896973,271,0.0,0.0
2022-10-11 00:00:00+03:00,5.402871131896973,5.402871131896973,5.402871131896973,5.402871131896973,0,0.0,0.0
2022-10-12 00:00:00+03:00,5.285841557432137,5.344356351993636,5.207821831350139,5.305346488952637,1378,0.0,0.0
2022-10-13 00:00:00+03:00,5.324851438721849,5.324851438721849,5.0712868630521175,5.110296726226807,1296,0.0,0.0
2022-10-14 00:00:00+03:00,5.071286594745967,5.12980185144639,4.954257011413574,4.954257011413574,1076,0.0,0.0
2022-10-17 00:00:00+03:00,5.012772210620529,5.207821997066384,4.837227821350098,4.837227821350098,2673,0.0,0.0
2022-10-18 00:00:00+03:00,4.83722754253188,4.83722754253188,4.778712749481201,4.778712749481201,1007,0.0,0.0
2022-10-19 00:00:00+03:00,4.866484878555179,5.188316949261033,4.76896022002352,4.915247440338135,8622,0.0,0.0
2022-10-20 00:00:00+03:00,4.9542572393809605,4.9542572393809605,4.612920706437957,4.700693130493164,1707,0.0,0.0
2022-10-21 00:00:00+03:00,4.934752185330535,4.934752185330535,4.729950177645923,4.876237392425537,612,0.0,0.0
2022-10-24 00:00:00+03:00,4.7494551086142565,4.895742323393869,4.739702875647208,4.876237392425537,650,0.0,0.0
2022-10-25 00:00:00+03:00,4.798217576684576,4.876237299064126,4.690940225895582,4.856732368469238,1535,0.0,0.0
2022-10-26 00:00:00+03:00,4.7592078066155405,4.876237392425537,4.710445246677591,4.876237392425537,335,0.0,0.0
2022-10-27 00:00:00+03:00,4.778713042834265,4.778713042834265,4.700693313977259,4.739703178405762,935,0.0,0.0
2022-10-28 00:00:00+03:00,4.846980094909668,4.846980094909668,4.846980094909668,4.846980094909668,30,0.0,0.0
2022-10-31 00:00:00+02:00,4.846980094909668,4.846980094909668,4.583663276313517,4.846980094909668,1765,0.0,0.0
2022-11-01 00:00:00+02:00,4.749455212433639,4.83722763622689,4.300841325321401,4.7982177734375,2490,0.0,0.0
2022-11-02 00:00:00+02:00,4.632425785064697,4.632425785064697,4.544653358220929,4.632425785064697,578,0.0,0.0
2022-11-03 00:00:00+02:00,4.583662852470233,4.583662852470233,4.271583964493232,4.554405689239502,8960,0.0,0.0
2022-11-04 00:00:00+02:00,4.554405696859878,4.60316779067076,4.193564249515602,4.359355926513672,12546,0.0,0.0
2022-11-07 00:00:00+02:00,4.564158231358038,4.564158231358038,4.291089185867883,4.417871475219727,9013,0.0,0.0
2022-11-08 00:00:00+02:00,4.291089185867883,4.417871475219727,4.291089185867883,4.417871475219727,252,0.0,0.0
2022-11-09 00:00:00+02:00,4.291089165853327,4.291089165853327,4.213069438934326,4.213069438934326,1830,0.0,0.0
2022-11-10 00:00:00+02:00,4.281336601127519,4.281336601127519,4.242326736450195,4.242326736450195,69,0.0,0.0
2022-11-11 00:00:00+02:00,4.261831535741575,4.271584234123576,4.213069438934326,4.213069438934326,999,0.0,0.0
2022-11-14 00:00:00+02:00,4.193564227927002,4.193564227927002,4.144801669332925,4.15455436706543,6270,0.0,0.0
2022-11-15 00:00:00+02:00,4.261831376524565,4.281336307525635,4.1448017905181525,4.281336307525635,4204,0.0,0.0
2022-11-16 00:00:00+02:00,4.2813362957332455,4.408118579408106,4.2813362957332455,4.378860950469971,3494,0.0,0.0
2022-11-17 00:00:00+02:00,4.466633279048228,4.466633279048228,4.456881046295166,4.456881046295166,150,0.0,0.0
2022-11-18 00:00:00+02:00,4.291088904185076,4.456881046295166,4.291088904185076,4.456881046295166,358,0.0,0.0
2022-11-21 00:00:00+02:00,4.281336582631341,4.339851379394531,4.19356462000369,4.339851379394531,1616,0.0,0.0
2022-11-22 00:00:00+02:00,4.203316543593684,4.291088964781854,4.174059379887115,4.2715840339660645,2415,0.0,0.0
2022-11-23 00:00:00+02:00,4.174059672509764,4.281336567000143,4.135049343109131,4.135049343109131,1251,0.0,0.0
2022-11-24 00:00:00+02:00,4.135049032605251,4.466633319854736,4.0960391711681625,4.466633319854736,5127,0.0,0.0
2022-11-25 00:00:00+02:00,4.4763864097972945,4.4763864097972945,4.144802093505859,4.144802093505859,1805,0.0,0.0
2022-11-28 00:00:00+02:00,4.2423263944137535,4.3691086769104,4.125296809817263,4.3691086769104,2980,0.0,0.0
2022-11-29 00:00:00+02:00,4.2715840745422184,4.281336307525635,4.203316583521359,4.281336307525635,540,0.0,0.0
2022-11-30 00:00:00+02:00,4.125297013633324,4.359356194390325,4.115544315251321,4.213069438934326,2045,0.0,0.0
2022-12-01 00:00:00+02:00,4.261831668788857,4.271584367475323,4.174059705782014,4.242326736450195,3625,0.0,0.0
2022-12-02 00:00:00+02:00,4.2618313469830955,4.2618313469830955,4.04727710745855,4.076534271240234,5741,0.0,0.0
2022-12-05 00:00:00+02:00,4.15455436706543,4.232574088788573,4.086286878040567,4.15455436706543,1270,0.0,0.0
2022-12-07 00:00:00+02:00,4.193564657090225,4.193564657090225,4.144802093505859,4.144802093505859,58,0.0,0.0
2022-12-08 00:00:00+02:00,4.047277290551117,4.115544319152832,4.047277290551117,4.115544319152832,351,0.0,0.0
2022-12-09 00:00:00+02:00,4.037524409508499,4.183811623519624,4.0277721765926815,4.076534271240234,260,0.0,0.0
2022-12-12 00:00:00+02:00,4.047277358681806,4.057029592202965,4.008267494528644,4.027772426605225,2883,0.0,0.0
2022-12-13 00:00:00+02:00,4.096039456356127,4.096039456356127,3.979009863896641,4.027772426605225,2085,0.0,0.0
2022-12-14 00:00:00+02:00,3.9790098125586475,4.018019676208496,3.9790098125586475,4.018019676208496,91,0.0,0.0
2022-12-15 00:00:00+02:00,4.008267442813162,4.018019676208496,4.008267442813162,4.018019676208496,243,0.0,0.0
2022-12-16 00:00:00+02:00,3.9790096169108957,4.144801761787889,3.9790096169108957,4.076534271240234,3674,0.0,0.0
2022-12-19 00:00:00+02:00,3.979009720876694,4.057029446378708,3.9497525563305613,3.9985146522521973,980,0.0,0.0
2022-12-20 00:00:00+02:00,3.998514633717956,3.998514633717956,3.7059404319244433,3.744950294494629,14437,0.0,0.0
2022-12-21 00:00:00+02:00,3.8229702823276637,4.057029459596256,3.7449503240543422,3.9497525691986084,11972,0.0,0.0
2022-12-22 00:00:00+02:00,3.7547027979119436,3.891237550798343,3.7547027979119436,3.8522276878356934,2098,0.0,0.0
2022-12-23 00:00:00+02:00,3.8132178321227297,4.1252969689343795,3.8034653663635254,3.8034653663635254,3450,0.0,0.0
2022-12-27 00:00:00+02:00,3.7059405135779353,3.8619801998138428,3.7059405135779353,3.8619801998138428,2260,0.0,0.0
2022-12-28 00:00:00+02:00,3.8814851162067665,3.9595048427581787,3.852227718749987,3.9595048427581787,4322,0.0,0.0
2022-12-29 00:00:00+02:00,3.9009900093078613,3.9595048036433695,3.7059404623390435,3.9009900093078613,1203,0.0,0.0
2022-12-30 00:00:00+02:00,3.8814850451488794,3.8814850451488794,3.793712854385376,3.793712854385376,168,0.0,0.0
2023-01-02 00:00:00+02:00,4.3788610465916395,4.3788610465916395,3.9985146522521973,3.9985146522521973,459,0.0,0.0
2023-01-03 00:00:00+02:00,3.998514636935884,4.193564414978027,3.998514636935884,4.193564414978027,1731,0.0,0.0
2023-01-04 00:00:00+02:00,4.242326736450195,4.242326736450195,4.193564638120676,4.242326736450195,2641,0.0,0.0
2023-01-05 00:00:00+02:00,4.144802041717855,4.144802041717855,3.9009901569109227,4.135049343109131,1091,0.0,0.0
2023-01-09 00:00:00+02:00,4.1935643626270664,4.1935643626270664,4.183811664581299,4.183811664581299,525,0.0,0.0
2023-01-10 00:00:00+02:00,4.388613700866699,4.388613700866699,4.203316622137107,4.388613700866699,780,0.0,0.0
2023-01-11 00:00:00+02:00,4.193564350537943,4.281336307525635,4.00826727351067,4.281336307525635,305,0.0,0.0
2023-01-12 00:00:00+02:00,4.008267448754936,4.622673034667969,4.008267448754936,4.622673034667969,6298,0.0,0.0
2023-01-13 00:00:00+02:00,4.622672994433308,4.622672994433308,4.203316730708636,4.612920761108398,362,0.0,0.0
2023-01-16 00:00:00+02:00,4.330099056860395,4.8664849153580745,4.271584261298881,4.622673034667969,523,0.0,0.0
2023-01-17 00:00:00+02:00,4.6129205868832015,4.6129205868832015,4.2910889937341326,4.476386070251465,3100,0.0,0.0
2023-01-18 00:00:00+02:00,4.476386360996234,4.866485005281263,4.476386360996234,4.739703178405762,844,0.0,0.0
2023-01-19 00:00:00+02:00,4.671435596819693,4.671435596819693,4.583663170960292,4.622673034667969,698,0.0,0.0
2023-01-20 00:00:00+02:00,4.622673051344652,4.622673051344652,4.388613868254206,4.525148391723633,1461,0.0,0.0
2023-01-23 00:00:00+02:00,4.427623601962491,4.525148258716991,4.300841315664519,4.495891094207764,1989,0.0,0.0
2023-01-24 00:00:00+02:00,4.486138303208042,4.486138303208042,4.2910889937341326,4.476386070251465,4855,0.0,0.0
2023-01-25 00:00:00+02:00,4.388613700866699,4.44712849440748,4.388613700866699,4.388613700866699,200,0.0,0.0
2023-01-26 00:00:00+02:00,4.476386058710288,4.573910713195801,4.476386058710288,4.573910713195801,390,0.0,0.0
2023-01-27 00:00:00+02:00,4.554405822081145,4.866484719160777,4.554405822081145,4.681188106536865,1557,0.0,0.0
2023-01-30 00:00:00+02:00,4.866484733244703,4.866484733244703,4.486138343811035,4.486138343811035,892,0.0,0.0
2023-01-31 00:00:00+02:00,4.486138343811035,4.486138343811035,4.291089032571779,4.486138343811035,1400,0.0,0.0
2023-02-01 00:00:00+02:00,4.300841547210988,4.476386403854225,4.203316885206006,4.447128772735596,1683,0.0,0.0
2023-02-02 00:00:00+02:00,4.466633319854736,4.466633319854736,4.466633319854736,4.466633319854736,150,0.0,0.0
2023-02-03 00:00:00+02:00,4.291089170511322,4.5153961181640625,4.291089170511322,4.5153961181640625,1634,0.0,0.0
2023-02-06 00:00:00+02:00,4.291089225474872,4.729950428009033,4.291089225474872,4.729950428009033,845,0.0,0.0
2023-02-07 00:00:00+02:00,4.632425801350795,4.837227821350098,4.632425801350795,4.837227821350098,1100,0.0,0.0
2023-02-08 00:00:00+02:00,4.876237715903972,5.246831893920898,4.876237715903972,5.246831893920898,851,0.0,0.0
2023-02-09 00:00:00+02:00,5.2273268699646,5.246831801884703,5.2273268699646,5.2273268699646,1089,0.0,0.0
2023-02-10 00:00:00+02:00,5.188317115640196,5.188317115640196,4.768960372954734,5.1493072509765625,268,0.0,0.0
2023-02-13 00:00:00+02:00,5.168811798095703,5.168811798095703,5.168811798095703,5.168811798095703,106,0.0,0.0
2023-02-14 00:00:00+02:00,5.168811798095703,5.168811798095703,5.168811798095703,5.168811798095703,500,0.0,0.0
2023-02-15 00:00:00+02:00,5.051781747437395,5.071286678314209,5.051781747437395,5.071286678314209,501,0.0,0.0
2023-02-16 00:00:00+02:00,5.110296726226807,5.110296726226807,4.398366490771601,5.110296726226807,791,0.0,0.0
2023-02-17 00:00:00+02:00,4.300841459557122,5.09079190324919,4.300841459557122,5.0322771072387695,4790,0.0,0.0
2023-02-20 00:00:00+02:00,5.168811863216909,5.168811863216909,4.300841265616622,4.486138343811035,6084,0.0,0.0
2023-02-21 00:00:00+02:00,4.661683053082591,5.051781664190568,4.6324254247323795,4.954257011413574,578,0.0,0.0
2023-02-22 00:00:00+02:00,4.681188347372008,4.934752464294434,4.681188347372008,4.934752464294434,404,0.0,0.0
2023-02-23 00:00:00+02:00,4.954257011413574,4.993266872524372,4.954257011413574,4.954257011413574,300,0.0,0.0
2023-02-24 00:00:00+02:00,5.1493072509765625,5.1493072509765625,5.1493072509765625,5.1493072509765625,370,0.0,0.0
2023-02-27 00:00:00+02:00,4.778712726153107,4.973762035369873,4.5153959261933565,4.973762035369873,1747,0.0,0.0
2023-02-28 00:00:00+02:00,4.68118829526374,4.68118829526374,4.4178714827197965,4.622673034667969,2198,0.0,0.0
2023-03-01 00:00:00+02:00,4.681188347763294,4.710445513355042,4.632425785064697,4.632425785064697,562,0.0,0.0
2023-03-02 00:00:00+02:00,4.5836629348029065,4.671435356140137,4.300841204976536,4.671435356140137,2386,0.0,0.0
2023-03-03 00:00:00+02:00,4.671435272230878,4.671435272230878,4.369108616986044,4.554405689239502,434,0.0,0.0
2023-03-06 00:00:00+02:00,4.700693133063787,4.700693133063787,4.330098970221635,4.60316801071167,306,0.0,0.0
2023-03-07 00:00:00+02:00,4.37886085704487,4.37886085704487,4.242326343326484,4.359355926513672,1137,0.0,0.0
2023-03-08 00:00:00+02:00,4.232574534872439,4.3593563635173584,4.232574534872439,4.34960412979126,2484,0.0,0.0
2023-03-09 00:00:00+02:00,4.4666333722606515,4.476386070251465,4.23257420089196,4.476386070251465,1639,0.0,0.0
2023-03-10 00:00:00+02:00,4.339851100528842,4.339851100528842,4.193564350537943,4.281336307525635,4713,0.0,0.0
2023-03-13 00:00:00+02:00,4.291089206715227,4.671435611584331,4.213069479053283,4.2228217124938965,10747,0.0,0.0
2023-03-14 00:00:00+02:00,4.5836629579449975,4.681188077716188,4.193564338997178,4.476386070251465,5992,0.0,0.0
2023-03-15 00:00:00+02:00,4.573911008116003,4.573911008116003,4.105792171367574,4.232574462890625,2523,0.0,0.0
2023-03-16 00:00:00+02:00,4.456881046295166,4.456881046295166,4.456881046295166,4.456881046295166,100,0.0,0.0
2023-03-17 00:00:00+02:00,4.330098920400674,4.330098920400674,4.115544211735722,4.291089057922363,2160,0.0,0.0
2023-03-20 00:00:00+02:00,4.115544354441595,4.271584274799741,4.115544354441595,4.2228217124938965,1861,0.0,0.0
2023-03-21 00:00:00+02:00,4.25207901921936,4.25207901921936,4.086286878040567,4.15455436706543,1080,0.0,0.0
2023-03-22 00:00:00+02:00,4.096039219216349,4.564158026986867,4.06678205531245,4.378860950469971,2552,0.0,0.0
2023-03-23 00:00:00+02:00,4.378860909776326,4.378860909776326,4.086286948285099,4.3691086769104,860,0.0,0.0
2023-03-24 00:00:00+02:00,4.105792154461722,4.339851339355052,4.105792154461722,4.330099105834961,2964,0.0,0.0
2023-03-27 00:00:00+03:00,4.388613626313766,4.671435356140137,4.339851066674364,4.671435356140137,1177,0.0,0.0
2023-03-28 00:00:00+03:00,4.378860950469971,4.378860950469971,4.378860950469971,4.378860950469971,753,0.0,0.0
2023-03-29 00:00:00+03:00,4.486138181521156,4.486138181521156,3.9009898039373914,4.0570292472839355,6339,0.0,0.0
2023-03-30 00:00:00+03:00,4.476386275195633,4.476386275195633,4.096039406756585,4.320346355438232,1644,0.0,0.0
2023-03-31 00:00:00+03:00,4.261831628605628,4.261831628605628,4.232574462890625,4.232574462890625,987,0.0,0.0
2023-04-03 00:00:00+03:00,4.320346196740548,4.486138343811035,4.281336334492697,4.486138343811035,2180,0.0,0.0
2023-04-04 00:00:00+03:00,4.486138657196549,4.778713109527872,4.242326768598539,4.34960412979126,3488,0.0,0.0
2023-04-05 00:00:00+03:00,4.495891260556594,4.67143564920987,4.242326678578713,4.632425785064697,1561,0.0,0.0
2023-04-06 00:00:00+03:00,4.388613793232225,4.651930602224788,4.2423265737843,4.408118724822998,2755,0.0,0.0
2023-04-11 00:00:00+03:00,4.388613770194358,4.486138427636273,3.959504812415689,4.203316688537598,3014,0.0,0.0
2023-04-12 00:00:00+03:00,4.1740594854673985,4.583663042959656,4.096039295196533,4.096039295196533,1247,0.0,0.0
2023-04-13 00:00:00+03:00,4.388613575297111,4.388613575297111,4.164306640625,4.164306640625,95,0.0,0.0
2023-04-14 00:00:00+03:00,4.105791838964177,4.6226727317358804,4.096039141159241,4.261831283569336,2138,0.0,0.0
2023-04-17 00:00:00+03:00,4.768959978509289,4.768959978509289,4.2910889433878365,4.466633319854736,1065,0.0,0.0
2023-04-18 00:00:00+03:00,4.427623748779297,4.427623748779297,4.427623748779297,4.427623748779297,1,0.0,0.0
2023-04-19 00:00:00+03:00,4.359355990120002,4.359355990120002,4.115544122405513,4.2715840339660645,374,0.0,0.0
2023-04-20 00:00:00+03:00,4.320346355438232,4.320346355438232,4.320346355438232,4.320346355438232,200,0.0,0.0
2023-04-21 00:00:00+03:00,4.320346358416348,4.622673034667969,4.320346358416348,4.622673034667969,121,0.0,0.0
2023-04-24 00:00:00+03:00,4.622672754319395,4.622672754319395,4.066781997680664,4.066781997680664,1165,0.0,0.0
2023-04-25 00:00:00+03:00,4.183811812788802,4.232574374676531,4.05702952390811,4.115544319152832,1319,0.0,0.0
2023-04-26 00:00:00+03:00,4.564157996202912,4.564157996202912,4.242326405225263,4.2715840339660645,767,0.0,0.0
2023-04-27 00:00:00+03:00,4.086287154047598,4.3788611302712095,4.086287154047598,4.115544319152832,650,0.0,0.0
2023-04-28 00:00:00+03:00,4.378861126120076,4.378861126120076,4.096039383521571,4.213069438934326,1429,0.0,0.0
2023-05-02 00:00:00+03:00,4.076534507047107,4.135049303029495,4.066782273567172,4.1252970695495605,1212,0.0,0.0
2023-05-03 00:00:00+03:00,4.12529701754408,4.12529701754408,4.037524592159869,4.115544319152832,870,0.0,0.0
2023-05-04 00:00:00+03:00,4.125296977150517,4.125296977150517,4.105792045593262,4.105792045593262,14,0.0,0.0
2023-05-05 00:00:00+03:00,4.291088993724036,4.378860950469971,4.291088993724036,4.378860950469971,1271,0.0,0.0
2023-05-08 00:00:00+03:00,4.105791991607351,4.213069346278817,4.057029430838254,4.193564414978027,1957,0.0,0.0
2023-05-09 00:00:00+03:00,4.037524359063758,4.164306640625,4.037524359063758,4.164306640625,530,0.0,0.0
2023-05-10 00:00:00+03:00,4.174059538560779,4.174059538560779,4.105792045593262,4.105792045593262,303,0.0,0.0
2023-05-11 00:00:00+03:00,4.096039496974805,4.096039496974805,4.037524700164795,4.037524700164795,1067,0.0,0.0
2023-05-12 00:00:00+03:00,4.037524700164795,4.037524700164795,4.037524700164795,4.037524700164795,0,0.0,0.0
2023-05-15 00:00:00+03:00,4.125297127896943,4.125297127896943,4.037524700164795,4.037524700164795,544,0.0,0.0
2023-05-16 00:00:00+03:00,4.037524700164795,4.037524700164795,4.037524700164795,4.037524700164795,0,0.0,0.0
2023-05-17 00:00:00+03:00,4.115544429244808,4.115544429244808,4.037524700164795,4.037524700164795,1205,0.0,0.0
2023-05-19 00:00:00+03:00,4.086287021636963,4.086287021636963,4.086287021636963,4.086287021636963,300,0.0,0.0
2023-05-22 00:00:00+03:00,4.047277213208079,4.047277213208079,3.9985146522521973,3.9985146522521973,1405,0.0,0.0
2023-05-23 00:00:00+03:00,3.9985146522521973,4.018019583627701,3.9985146522521973,3.9985146522521973,43,0.0,0.0
2023-05-24 00:00:00+03:00,4.018019542942511,4.018019542942511,3.988762378692627,3.988762378692627,107,0.0,0.0
2023-05-25 00:00:00+03:00,3.979009680586505,3.988762378692627,3.900989955874494,3.988762378692627,771,0.0,0.0
2023-05-26 00:00:00+03:00,3.9692575931549072,3.9692575931549072,3.9692575931549072,3.9692575931549072,37,0.0,0.0
2023-05-29 00:00:00+03:00,3.9595048024010095,4.008267363515757,3.9497525691986084,3.9497525691986084,2724,0.0,0.0
2023-05-30 00:00:00+03:00,3.9399998721982,3.9399998721982,3.9009900093078613,3.9009900093078613,35,0.0,0.0
2023-05-31 00:00:00+03:00,3.97900982898043,3.97900982898043,3.9107427998285775,3.92049503326416,2415,0.0,0.0
2023-06-01 00:00:00+03:00,3.900989955874494,3.988762378692627,3.900989955874494,3.988762378692627,585,0.0,0.0
2023-06-02 00:00:00+03:00,3.9595048427581787,3.9595048427581787,3.9595048427581787,3.9595048427581787,600,0.0,0.0
2023-06-05 00:00:00+03:00,3.900989962936368,3.900989962936368,3.8522276349030875,3.891237497329712,1923,0.0,0.0
2023-06-06 00:00:00+03:00,3.8912375435852766,3.9985146665337084,3.8912375435852766,3.9009900093078613,493,0.0,0.0
2023-06-07 00:00:00+03:00,3.91074270754757,3.91074270754757,3.9009900093078613,3.9009900093078613,1400,0.0,0.0
2023-06-08 00:00:00+03:00,3.920494926750183,3.9985146522521973,3.832722735560417,3.9985146522521973,672,0.0,0.0
2023-06-09 00:00:00+03:00,3.90099002543338,3.90099002543338,3.7351978749469814,3.7547028064727783,2141,0.0,0.0
2023-06-12 00:00:00+03:00,3.881485177765589,3.9009901097127826,3.7547028875917015,3.871732711791992,3775,0.0,0.0
2023-06-13 00:00:00+03:00,3.871732711791992,3.881485177765589,3.774207819538895,3.871732711791992,4608,0.0,0.0
2023-06-14 00:00:00+03:00,3.8717326656712663,3.8814851315286902,3.8619801998138428,3.8619801998138428,1783,0.0,0.0
2023-06-15 00:00:00+03:00,3.813217855474281,3.9595048427581787,3.813217855474281,3.9595048427581787,2005,0.0,0.0
2023-06-16 00:00:00+03:00,4.047277450561523,4.096039549342823,4.047277450561523,4.047277450561523,5913,0.0,0.0
2023-06-19 00:00:00+03:00,4.037524700164795,4.037524700164795,3.9009901742747726,4.037524700164795,4028,0.0,0.0
2023-06-20 00:00:00+03:00,3.9009900632435377,4.03752458524747,3.852227733956419,3.8619801998138428,1634,0.0,0.0
2023-06-21 00:00:00+03:00,3.852227741851318,3.852227741851318,3.813217878341675,3.813217878341675,560,0.0,0.0
2023-06-22 00:00:00+03:00,3.803465449976815,3.871732711791992,3.803465449976815,3.871732711791992,825,0.0,0.0
2023-06-26 00:00:00+03:00,4.086287263356937,4.086287263356937,3.9985148356247886,4.037524700164795,2443,0.0,0.0
2023-06-27 00:00:00+03:00,3.9497525691986084,3.9497525691986084,3.9497525691986084,3.9497525691986084,674,0.0,0.0
2023-06-28 00:00:00+03:00,4.057029340374367,4.096039202106102,4.057029340374367,4.076534271240234,2794,0.0,0.0
2023-06-29 00:00:00+03:00,4.076534230499017,4.076534230499017,3.9009898544606116,4.066781997680664,798,0.0,0.0
2023-06-30 00:00:00+03:00,4.066781997680664,4.066781997680664,4.066781997680664,4.066781997680664,0,0.0,0.0
2023-07-03 00:00:00+03:00,4.086287145052325,4.09603937838785,3.91074275970459,3.91074275970459,1530,0.0,0.0
2023-07-04 00:00:00+03:00,3.9009901355903165,4.027772426605225,3.9009901355903165,4.027772426605225,713,0.0,0.0
2023-07-05 00:00:00+03:00,4.027772426605225,4.027772426605225,4.027772426605225,4.027772426605225,14,0.0,0.0
2023-07-06 00:00:00+03:00,3.9985146522521973,3.9985146522521973,3.9985146522521973,3.9985146522521973,250,0.0,0.0
2023-07-07 00:00:00+03:00,3.9009900852589494,4.018019676208496,3.8522277556966382,4.018019676208496,836,0.0,0.0
2023-07-10 00:00:00+03:00,3.803465426134327,4.018019676208496,3.803465426134327,4.018019676208496,631,0.0,0.0
2023-07-11 00:00:00+03:00,3.900989962936368,3.900989962936368,3.891237497329712,3.891237497329712,550,0.0,0.0
2023-07-12 00:00:00+03:00,3.9692574475146243,3.988762378692627,3.9692574475146243,3.988762378692627,244,0.0,0.0
2023-07-13 00:00:00+03:00,3.8034653663635254,3.891237558196361,3.8034653663635254,3.8034653663635254,2323,0.0,0.0
2023-07-14 00:00:00+03:00,3.8034653663635254,3.881485092437157,3.744950339291177,3.8034653663635254,1244,0.0,0.0
2023-07-17 00:00:00+03:00,3.8229703579592513,4.018019676208496,3.8229703579592513,4.018019676208496,507,0.0,0.0
2023-07-18 00:00:00+03:00,4.018019543525205,4.018019543525205,3.93999981880188,3.93999981880188,115,0.0,0.0
2023-07-19 00:00:00+03:00,3.9692575931549072,3.9692575931549072,3.9692575931549072,3.9692575931549072,8,0.0,0.0
2023-07-20 00:00:00+03:00,3.803465414498563,3.803465414498563,3.7644553184509277,3.7644553184509277,300,0.0,0.0
2023-07-21 00:00:00+03:00,3.93999981880188,3.93999981880188,3.764455205657276,3.93999981880188,802,0.0,0.0
2023-07-24 00:00:00+03:00,3.93999981880188,3.93999981880188,3.93999981880188,3.93999981880188,0,0.0,0.0
2023-07-25 00:00:00+03:00,3.949752609456378,3.9595048427581787,3.949752609456378,3.9595048427581787,15,0.0,0.0
2023-07-26 00:00:00+03:00,3.9595048946909386,3.9692575931549072,3.8522277692757028,3.9692575931549072,283,0.0,0.0
2023-07-27 00:00:00+03:00,3.979009680586505,3.988762378692627,3.979009680586505,3.988762378692627,370,0.0,0.0
2023-07-28 00:00:00+03:00,3.988762378692627,3.988762378692627,3.988762378692627,3.988762378692627,26,0.0,0.0
2023-07-31 00:00:00+03:00,3.988762326273854,3.988762326273854,3.9790096282958984,3.9790096282958984,627,0.0,0.0
2023-08-01 00:00:00+03:00,3.793712975878908,3.92049503326416,3.793712975878908,3.92049503326416,748,0.0,0.0
2023-08-02 00:00:00+03:00,3.793712948615936,3.793712948615936,3.7644553184509277,3.7644553184509277,2317,0.0,0.0
2023-08-03 00:00:00+03:00,3.774207621101177,3.9790096282958984,3.774207621101177,3.9790096282958984,67,0.0,0.0
2023-08-04 00:00:00+03:00,3.9692575931549072,3.9692575931549072,3.9692575931549072,3.9692575931549072,28,0.0,0.0
2023-08-07 00:00:00+03:00,3.9790098265846177,3.9790098265846177,3.900990099009901,3.9692575931549072,1020,0.0,0.0
2023-08-08 00:00:00+03:00,3.9692575931549072,3.9692575931549072,3.9692575931549072,3.9692575931549072,19,0.0,0.0
2023-08-09 00:00:00+03:00,3.9790096282958984,3.9790096282958984,3.9790096282958984,3.9790096282958984,81,0.0,0.0
2023-08-10 00:00:00+03:00,3.9790096282958984,3.9790096282958984,3.9790096282958984,3.9790096282958984,0,0.0,0.0
2023-08-11 00:00:00+03:00,3.9790096282958984,3.9790096282958984,3.9790096282958984,3.9790096282958984,386,0.0,0.0
2023-08-14 00:00:00+03:00,3.979009750029196,3.979009750029196,3.8034653663635254,3.8034653663635254,3439,0.0,0.0
2023-08-15 00:00:00+03:00,3.9790097015527723,3.9790097015527723,3.783960388744987,3.793712854385376,1326,0.0,0.0
2023-08-16 00:00:00+03:00,3.793712834945644,3.93999981880188,3.764455205657276,3.93999981880188,922,0.0,0.0
2023-08-17 00:00:00+03:00,3.783960369355228,3.93999981880188,3.783960369355228,3.93999981880188,1800,0.0,0.0
2023-08-18 00:00:00+03:00,3.783960420636845,3.9009900093078613,3.783960420636845,3.9009900093078613,566,0.0,0.0
2023-08-21 00:00:00+03:00,3.93999981880188,3.93999981880188,3.8424751628977227,3.93999981880188,2373,0.0,0.0
2023-08-22 00:00:00+03:00,4.039999961853027,4.039999961853027,4.039999961853027,4.039999961853027,93,0.1,0.0
2023-08-23 00:00:00+03:00,3.9000000953674316,4.039999961853027,3.9000000953674316,4.039999961853027,1598,0.0,0.0
2023-08-24 00:00:00+03:00,3.9000000953674316,4.039999961853027,3.890000104904175,4.039999961853027,2585,0.0,0.0
2023-08-25 00:00:00+03:00,3.890000104904175,4.039999961853027,3.890000104904175,4.039999961853027,575,0.0,0.0
2023-08-28 00:00:00+03:00,3.9600000381469727,3.9600000381469727,3.8399999141693115,3.940000057220459,421,0.0,0.0
2023-08-29 00:00:00+03:00,3.940000057220459,3.950000047683716,3.940000057220459,3.950000047683716,232,0.0,0.0
2023-08-30 00:00:00+03:00,4.050000190734863,4.050000190734863,3.990000009536743,4.03000020980835,1425,0.0,0.0
2023-08-31 00:00:00+03:00,4.03000020980835,4.03000020980835,3.7699999809265137,3.7799999713897705,6127,0.0,0.0
2023-09-01 00:00:00+03:00,4.019999980926514,4.019999980926514,3.869999885559082,3.869999885559082,2334,0.0,0.0
2023-09-04 00:00:00+03:00,3.8499999046325684,4.019999980926514,3.8499999046325684,4.019999980926514,585,0.0,0.0
2023-09-05 00:00:00+03:00,4.019999980926514,4.03000020980835,3.9100000858306885,3.9100000858306885,7655,0.0,0.0
2023-09-06 00:00:00+03:00,4.019999980926514,4.019999980926514,4.019999980926514,4.019999980926514,190,0.0,0.0
2023-09-07 00:00:00+03:00,4.03000020980835,4.03000020980835,4.019999980926514,4.019999980926514,351,0.0,0.0
2023-09-08 00:00:00+03:00,4.03000020980835,4.090000152587891,4.019999980926514,4.050000190734863,8137,0.0,0.0
2023-09-11 00:00:00+03:00,3.9700000286102295,4.079999923706055,3.9700000286102295,4.079999923706055,471,0.0,0.0
2023-09-12 00:00:00+03:00,4.079999923706055,4.079999923706055,4.079999923706055,4.079999923706055,0,0.0,0.0
2023-09-13 00:00:00+03:00,4.079999923706055,4.079999923706055,3.9600000381469727,4.0,801,0.0,0.0
2023-09-14 00:00:00+03:00,3.9700000286102295,4.079999923706055,3.9700000286102295,4.019999980926514,2806,0.0,0.0
2023-09-15 00:00:00+03:00,4.079999923706055,4.079999923706055,4.0,4.0,715,0.0,0.0
2023-09-18 00:00:00+03:00,4.0,4.0,4.0,4.0,0,0.0,0.0
2023-09-19 00:00:00+03:00,4.0,4.0,4.0,4.0,480,0.0,0.0
2023-09-20 00:00:00+03:00,4.0,4.050000190734863,4.0,4.019999980926514,208,0.0,0.0
2023-09-21 00:00:00+03:00,4.019999980926514,4.019999980926514,4.019999980926514,4.019999980926514,151,0.0,0.0
2023-09-22 00:00:00+03:00,4.019999980926514,4.039999961853027,4.010000228881836,4.039999961853027,251,0.0,0.0
2023-09-25 00:00:00+03:00,4.019999980926514,4.019999980926514,4.0,4.0,1361,0.0,0.0
2023-09-26 00:00:00+03:00,4.079999923706055,4.090000152587891,4.0,4.079999923706055,3687,0.0,0.0
2023-09-27 00:00:00+03:00,4.010000228881836,4.010000228881836,4.010000228881836,4.010000228881836,300,0.0,0.0
2023-09-28 00:00:00+03:00,4.010000228881836,4.010000228881836,4.010000228881836,4.010000228881836,1,0.0,0.0
2023-09-29 00:00:00+03:00,4.019999980926514,4.019999980926514,4.0,4.010000228881836,2016,0.0,0.0
2023-10-02 00:00:00+03:00,4.039999961853027,4.039999961853027,4.010000228881836,4.010000228881836,64,0.0,0.0
2023-10-03 00:00:00+03:00,3.9600000381469727,3.990000009536743,3.9600000381469727,3.990000009536743,418,0.0,0.0
2023-10-04 00:00:00+03:00,3.990000009536743,3.990000009536743,3.990000009536743,3.990000009536743,1,0.0,0.0
2023-10-05 00:00:00+03:00,4.059999942779541,4.059999942779541,3.9600000381469727,3.9600000381469727,312,0.0,0.0
2023-10-06 00:00:00+03:00,4.0,4.059999942779541,3.9600000381469727,4.059999942779541,1070,0.0,0.0
2023-10-09 00:00:00+03:00,4.050000190734863,4.050000190734863,4.050000190734863,4.050000190734863,1,0.0,0.0
2023-10-10 00:00:00+03:00,4.050000190734863,4.050000190734863,4.050000190734863,4.050000190734863,0,0.0,0.0
2023-10-11 00:00:00+03:00,4.0,4.0,4.0,4.0,2,0.0,0.0
2023-10-12 00:00:00+03:00,4.119999885559082,4.119999885559082,4.0,4.019999980926514,310,0.0,0.0
2023-10-13 00:00:00+03:00,4.019999980926514,4.050000190734863,4.019999980926514,4.050000190734863,471,0.0,0.0
2023-10-16 00:00:00+03:00,4.050000190734863,4.050000190734863,3.9600000381469727,3.9600000381469727,1540,0.0,0.0
2023-10-17 00:00:00+03:00,4.079999923706055,4.079999923706055,3.9800000190734863,3.9800000190734863,262,0.0,0.0
2023-10-18 00:00:00+03:00,3.9700000286102295,4.079999923706055,3.9600000381469727,4.079999923706055,700,0.0,0.0
2023-10-19 00:00:00+03:00,4.070000171661377,4.070000171661377,3.9600000381469727,3.9600000381469727,1365,0.0,0.0
2023-10-20 00:00:00+03:00,3.9600000381469727,3.9600000381469727,3.9600000381469727,3.9600000381469727,217,0.0,0.0
2023-10-23 00:00:00+03:00,4.050000190734863,4.070000171661377,4.0,4.0,42865,0.0,0.0
2023-10-24 00:00:00+03:00,3.990000009536743,4.059999942779541,3.990000009536743,4.059999942779541,3003,0.0,0.0
2023-10-25 00:00:00+03:00,4.090000152587891,4.090000152587891,4.059999942779541,4.059999942779541,2083,0.0,0.0
2023-10-26 00:00:00+03:00,4.019999980926514,4.019999980926514,4.0,4.0,3125,0.0,0.0
2023-10-27 00:00:00+03:00,4.0,4.010000228881836,3.940000057220459,3.940000057220459,3072,0.0,0.0
2023-10-30 00:00:00+02:00,3.930000066757202,4.099999904632568,3.930000066757202,4.0,2230,0.0,0.0
2023-10-31 00:00:00+02:00,4.110000133514404,4.110000133514404,4.110000133514404,4.110000133514404,75,0.0,0.0
2023-11-01 00:00:00+02:00,4.099999904632568,4.099999904632568,3.950000047683716,4.0,1401,0.0,0.0
2023-11-02 00:00:00+02:00,4.03000020980835,4.03000020980835,3.880000114440918,3.990000009536743,3056,0.0,0.0
2023-11-03 00:00:00+02:00,3.9200000762939453,4.090000152587891,3.799999952316284,4.050000190734863,20891,0.0,0.0
2023-11-06 00:00:00+02:00,4.050000190734863,4.050000190734863,4.03000020980835,4.03000020980835,1253,0.0,0.0
2023-11-07 00:00:00+02:00,4.039999961853027,4.389999866485596,4.039999961853027,4.389999866485596,24930,0.0,0.0
2023-11-08 00:00:00+02:00,4.070000171661377,4.269999980926514,4.070000171661377,4.269999980926514,911,0.0,0.0
2023-11-09 00:00:00+02:00,4.269999980926514,4.269999980926514,4.269999980926514,4.269999980926514,0,0.0,0.0
2023-11-10 00:00:00+02:00,4.190000057220459,4.199999809265137,4.099999904632568,4.139999866485596,594,0.0,0.0
2023-11-13 00:00:00+02:00,4.199999809265137,4.289999961853027,4.199999809265137,4.269999980926514,1074,0.0,0.0
