Date,Open,High,Low,Close,Volume,Dividends,Stock Splits
2021-06-11 00:00:00+03:00,2.310499906539917,2.799499988555908,2.309999942779541,2.546999931335449,401309,0.0,0.0
2021-06-14 00:00:00+03:00,2.549999952316284,2.5999999046325684,2.5464999675750732,2.5464999675750732,114530,0.0,0.0
2021-06-15 00:00:00+03:00,2.546999931335449,2.609999895095825,2.5464999675750732,2.5799999237060547,38539,0.0,0.0
2021-06-16 00:00:00+03:00,2.5999999046325684,2.609999895095825,2.549999952316284,2.549999952316284,25134,0.0,0.0
2021-06-17 00:00:00+03:00,2.5899999141693115,2.5899999141693115,2.549999952316284,2.549999952316284,18575,0.0,0.0
2021-06-18 00:00:00+03:00,2.5799999237060547,2.5899999141693115,2.5399999618530273,2.5399999618530273,19834,0.0,0.0
2021-06-21 00:00:00+03:00,2.559999942779541,2.5799999237060547,2.5199999809265137,2.569999933242798,14785,0.0,0.0
2021-06-22 00:00:00+03:00,2.5299999713897705,2.5999999046325684,2.450000047683716,2.569999933242798,13653,0.0,0.0
2021-06-23 00:00:00+03:00,2.569999933242798,2.569999933242798,2.2899999618530273,2.4700000286102295,14909,0.0,0.0
2021-06-24 00:00:00+03:00,2.4700000286102295,2.549999952316284,2.4700000286102295,2.5399999618530273,5455,0.0,0.0
2021-06-28 00:00:00+03:00,2.549999952316284,2.549999952316284,2.4800000190734863,2.5399999618530273,9478,0.0,0.0
2021-06-29 00:00:00+03:00,2.509999990463257,2.5199999809265137,2.4600000381469727,2.4700000286102295,13278,0.0,0.0
2021-06-30 00:00:00+03:00,2.4700000286102295,2.5299999713897705,2.4700000286102295,2.4800000190734863,17254,0.0,0.0
2021-07-01 00:00:00+03:00,2.490000009536743,2.5199999809265137,2.4000000953674316,2.5,18849,0.0,0.0
2021-07-02 00:00:00+03:00,2.5,2.5,2.450000047683716,2.5,17520,0.0,0.0
2021-07-05 00:00:00+03:00,2.5399999618530273,2.5399999618530273,2.4800000190734863,2.5,24160,0.0,0.0
2021-07-06 00:00:00+03:00,2.5,2.5,2.4200000762939453,2.490000009536743,6443,0.0,0.0
2021-07-07 00:00:00+03:00,2.5,2.5,2.450000047683716,2.4800000190734863,10528,0.0,0.0
2021-07-08 00:00:00+03:00,2.5,2.5,2.4200000762939453,2.5,19078,0.0,0.0
2021-07-09 00:00:00+03:00,2.5,2.5,2.3399999141693115,2.5,2370,0.0,0.0
2021-07-12 00:00:00+03:00,2.5,2.5999999046325684,2.450000047683716,2.509999990463257,20268,0.0,0.0
2021-07-13 00:00:00+03:00,2.5199999809265137,2.5199999809265137,2.4700000286102295,2.5,2904,0.0,0.0
2021-07-14 00:00:00+03:00,2.5,2.5299999713897705,2.5,2.5199999809265137,5698,0.0,0.0
2021-07-15 00:00:00+03:00,2.5199999809265137,2.5999999046325684,2.5199999809265137,2.5999999046325684,18989,0.0,0.0
2021-07-16 00:00:00+03:00,2.5999999046325684,2.5999999046325684,2.5299999713897705,2.5999999046325684,5341,0.0,0.0
2021-07-19 00:00:00+03:00,2.5999999046325684,2.6500000953674316,2.5799999237060547,2.640000104904175,12626,0.0,0.0
2021-07-20 00:00:00+03:00,2.609999895095825,2.6500000953674316,2.549999952316284,2.640000104904175,7747,0.0,0.0
2021-07-21 00:00:00+03:00,2.6500000953674316,2.6500000953674316,2.5799999237060547,2.5799999237060547,5663,0.0,0.0
2021-07-22 00:00:00+03:00,2.6500000953674316,2.6500000953674316,2.5850000381469727,2.6500000953674316,12582,0.0,0.0
2021-07-23 00:00:00+03:00,2.6500000953674316,2.6500000953674316,2.6050000190734863,2.6449999809265137,5424,0.0,0.0
2021-07-26 00:00:00+03:00,2.6449999809265137,2.6500000953674316,2.5999999046325684,2.6449999809265137,32899,0.0,0.0
2021-07-27 00:00:00+03:00,2.6449999809265137,2.6500000953674316,2.630000114440918,2.640000104904175,24993,0.0,0.0
2021-07-28 00:00:00+03:00,2.6500000953674316,2.799999952316284,2.6500000953674316,2.799999952316284,25145,0.0,0.0
2021-07-29 00:00:00+03:00,2.799999952316284,3.184999942779541,2.799999952316284,3.0899999141693115,48411,0.0,0.0
2021-07-30 00:00:00+03:00,3.0899999141693115,3.1500000953674316,3.049999952316284,3.1050000190734863,29673,0.0,0.0
2021-08-02 00:00:00+03:00,3.1050000190734863,3.3450000286102295,3.1050000190734863,3.25,44026,0.0,0.0
2021-08-03 00:00:00+03:00,3.380000114440918,3.4000000953674316,3.305000066757202,3.380000114440918,66739,0.0,0.0
2021-08-04 00:00:00+03:00,3.4600000381469727,3.5,3.4000000953674316,3.4000000953674316,30570,0.0,0.0
2021-08-05 00:00:00+03:00,3.549999952316284,3.549999952316284,2.990000009536743,3.25,27606,0.0,0.0
2021-08-06 00:00:00+03:00,3.4000000953674316,3.4000000953674316,3.005000114440918,3.244999885559082,18069,0.0,0.0
2021-08-09 00:00:00+03:00,3.244999885559082,3.2750000953674316,2.805000066757202,2.9800000190734863,61117,0.0,0.0
2021-08-10 00:00:00+03:00,2.9800000190734863,3.0899999141693115,2.9800000190734863,3.059999942779541,26988,0.0,0.0
2021-08-11 00:00:00+03:00,3.059999942779541,3.2950000762939453,2.990000009536743,3.049999952316284,39933,0.0,0.0
2021-08-12 00:00:00+03:00,3.059999942779541,3.059999942779541,2.9000000953674316,2.990000009536743,24892,0.0,0.0
2021-08-13 00:00:00+03:00,2.990000009536743,3.0999999046325684,2.8949999809265137,3.049999952316284,78613,0.0,0.0
2021-08-16 00:00:00+03:00,3.0999999046325684,3.234999895095825,3.059999942779541,3.1500000953674316,26725,0.0,0.0
2021-08-17 00:00:00+03:00,3.1500000953674316,3.2300000190734863,3.1449999809265137,3.1500000953674316,27238,0.0,0.0
2021-08-18 00:00:00+03:00,3.1500000953674316,3.1500000953674316,3.009999990463257,3.0999999046325684,48968,0.0,0.0
2021-08-19 00:00:00+03:00,3.200000047683716,3.200000047683716,3.049999952316284,3.055000066757202,56246,0.0,0.0
2021-08-20 00:00:00+03:00,3.0399999618530273,3.1449999809265137,3.0399999618530273,3.0950000286102295,51901,0.0,0.0
2021-08-23 00:00:00+03:00,3.0950000286102295,3.0999999046325684,3.0399999618530273,3.059999942779541,20007,0.0,0.0
2021-08-24 00:00:00+03:00,3.0350000858306885,3.0999999046325684,2.9549999237060547,2.994999885559082,30231,0.0,0.0
2021-08-25 00:00:00+03:00,2.994999885559082,3.1500000953674316,2.994999885559082,3.0999999046325684,8162,0.0,0.0
2021-08-26 00:00:00+03:00,3.0899999141693115,3.0999999046325684,3.049999952316284,3.0950000286102295,8550,0.0,0.0
2021-08-27 00:00:00+03:00,3.1500000953674316,3.1500000953674316,3.055000066757202,3.0899999141693115,20622,0.0,0.0
2021-08-30 00:00:00+03:00,3.0950000286102295,3.2100000381469727,3.009999990463257,3.0999999046325684,11524,0.0,0.0
2021-08-31 00:00:00+03:00,3.180000066757202,3.200000047683716,3.005000114440918,3.1449999809265137,10297,0.0,0.0
2021-09-01 00:00:00+03:00,3.1700000762939453,3.1700000762939453,3.055000066757202,3.0850000381469727,4664,0.0,0.0
2021-09-02 00:00:00+03:00,3.119999885559082,3.140000104904175,3.0850000381469727,3.0850000381469727,3375,0.0,0.0
2021-09-03 00:00:00+03:00,3.049999952316284,3.140000104904175,3.049999952316284,3.140000104904175,6519,0.0,0.0
2021-09-06 00:00:00+03:00,3.1600000858306885,3.200000047683716,3.1600000858306885,3.1649999618530273,61204,0.0,0.0
2021-09-07 00:00:00+03:00,3.234999895095825,3.2899999618530273,3.119999885559082,3.140000104904175,18893,0.0,0.0
2021-09-08 00:00:00+03:00,3.0999999046325684,3.1050000190734863,3.0399999618530273,3.0399999618530273,8622,0.0,0.0
2021-09-09 00:00:00+03:00,3.0,3.005000114440918,2.994999885559082,3.0,18629,0.0,0.0
2021-09-10 00:00:00+03:00,2.9200000762939453,3.0,2.9200000762939453,2.950000047683716,9266,0.0,0.0
2021-09-13 00:00:00+03:00,3.0,3.0,2.934999942779541,3.0,14273,0.0,0.0
2021-09-14 00:00:00+03:00,3.0199999809265137,3.0999999046325684,2.880000114440918,2.930000066757202,17963,0.0,0.0
2021-09-15 00:00:00+03:00,2.9549999237060547,2.9549999237060547,2.690000057220459,2.8299999237060547,42613,0.0,0.0
2021-09-16 00:00:00+03:00,2.8299999237060547,2.869999885559082,2.8299999237060547,2.859999895095825,21618,0.0,0.0
2021-09-17 00:00:00+03:00,2.859999895095825,2.859999895095825,2.799999952316284,2.799999952316284,16577,0.0,0.0
2021-09-20 00:00:00+03:00,2.8350000381469727,2.8350000381469727,2.5350000858306885,2.6600000858306885,28377,0.0,0.0
2021-09-21 00:00:00+03:00,2.6600000858306885,2.700000047683716,2.490000009536743,2.619999885559082,64425,0.0,0.0
2021-09-22 00:00:00+03:00,2.5999999046325684,2.694999933242798,2.5999999046325684,2.680000066757202,41237,0.0,0.0
2021-09-23 00:00:00+03:00,2.75,2.75,2.7100000381469727,2.75,18334,0.0,0.0
2021-09-24 00:00:00+03:00,2.75,2.759999990463257,2.5999999046325684,2.759999990463257,11603,0.0,0.0
2021-09-27 00:00:00+03:00,2.799999952316284,2.950000047683716,2.799999952316284,2.799999952316284,8397,0.0,0.0
2021-09-28 00:00:00+03:00,2.8499999046325684,2.8550000190734863,2.4549999237060547,2.5899999141693115,49383,0.0,0.0
2021-09-29 00:00:00+03:00,2.6549999713897705,2.690000057220459,2.559999942779541,2.609999895095825,55501,0.0,0.0
2021-09-30 00:00:00+03:00,2.684999942779541,2.684999942779541,2.5999999046325684,2.6600000858306885,6917,0.0,0.0
2021-10-01 00:00:00+03:00,2.680000066757202,2.8499999046325684,2.680000066757202,2.765000104904175,20887,0.0,0.0
2021-10-04 00:00:00+03:00,2.759999990463257,2.759999990463257,2.6549999713897705,2.740000009536743,9357,0.0,0.0
2021-10-05 00:00:00+03:00,2.75,2.75,2.609999895095825,2.6500000953674316,12997,0.0,0.0
2021-10-06 00:00:00+03:00,2.6500000953674316,2.694999933242798,2.5999999046325684,2.694999933242798,33502,0.0,0.0
2021-10-07 00:00:00+03:00,2.700000047683716,2.734999895095825,2.630000114440918,2.694999933242798,2119,0.0,0.0
2021-10-08 00:00:00+03:00,2.700000047683716,2.744999885559082,2.694999933242798,2.7300000190734863,2306,0.0,0.0
2021-10-11 00:00:00+03:00,2.75,2.75,2.7300000190734863,2.7300000190734863,5089,0.0,0.0
2021-10-12 00:00:00+03:00,2.744999885559082,2.944999933242798,2.744999885559082,2.8450000286102295,15497,0.0,0.0
2021-10-13 00:00:00+03:00,2.8399999141693115,2.8399999141693115,2.6600000858306885,2.6600000858306885,8413,0.0,0.0
2021-10-14 00:00:00+03:00,2.7899999618530273,2.9149999618530273,2.680000066757202,2.7799999713897705,7342,0.0,0.0
2021-10-15 00:00:00+03:00,2.799999952316284,2.934999942779541,2.7950000762939453,2.9049999713897705,42956,0.0,0.0
2021-10-18 00:00:00+03:00,2.940000057220459,3.3949999809265137,2.9100000858306885,3.005000114440918,12494,0.0,0.0
2021-10-19 00:00:00+03:00,3.0,3.140000104904175,2.805000066757202,3.0950000286102295,5477,0.0,0.0
2021-10-20 00:00:00+03:00,3.075000047683716,3.0950000286102295,2.990000009536743,3.049999952316284,6835,0.0,0.0
2021-10-21 00:00:00+03:00,3.049999952316284,3.25,3.0399999618530273,3.0850000381469727,22652,0.0,0.0
2021-10-22 00:00:00+03:00,3.0899999141693115,3.119999885559082,3.049999952316284,3.059999942779541,10035,0.0,0.0
2021-10-25 00:00:00+03:00,3.0999999046325684,3.0999999046325684,3.0799999237060547,3.0799999237060547,7411,0.0,0.0
2021-10-26 00:00:00+03:00,3.0799999237060547,3.0799999237060547,2.994999885559082,2.994999885559082,4168,0.0,0.0
2021-10-27 00:00:00+03:00,2.9049999713897705,3.0850000381469727,2.9049999713897705,3.0,3649,0.0,0.0
2021-10-28 00:00:00+03:00,3.0,3.0950000286102295,3.0,3.0850000381469727,2079,0.0,0.0
2021-10-29 00:00:00+03:00,3.059999942779541,3.0799999237060547,3.0,3.065000057220459,2103,0.0,0.0
2021-11-01 00:00:00+02:00,3.055000066757202,3.059999942779541,2.950000047683716,2.950000047683716,6092,0.0,0.0
2021-11-02 00:00:00+02:00,3.005000114440918,3.0950000286102295,2.7699999809265137,3.0899999141693115,16971,0.0,0.0
2021-11-03 00:00:00+02:00,3.0799999237060547,3.0799999237060547,2.9800000190734863,2.9800000190734863,1927,0.0,0.0
2021-11-04 00:00:00+02:00,2.9800000190734863,3.059999942779541,2.9000000953674316,3.059999942779541,7055,0.0,0.0
2021-11-05 00:00:00+02:00,3.0399999618530273,3.0399999618530273,2.884999990463257,3.0250000953674316,9204,0.0,0.0
2021-11-08 00:00:00+02:00,3.049999952316284,3.049999952316284,2.9049999713897705,3.0350000858306885,19902,0.0,0.0
2021-11-09 00:00:00+02:00,3.0299999713897705,3.2899999618530273,2.950000047683716,3.0899999141693115,32624,0.0,0.0
2021-11-10 00:00:00+02:00,3.0999999046325684,3.2850000858306885,3.0899999141693115,3.140000104904175,42976,0.0,0.0
2021-11-11 00:00:00+02:00,3.140000104904175,3.140000104904175,3.0,3.0399999618530273,5768,0.0,0.0
2021-11-12 00:00:00+02:00,3.0999999046325684,3.140000104904175,3.015000104904175,3.015000104904175,2951,0.0,0.0
2021-11-15 00:00:00+02:00,2.9149999618530273,3.049999952316284,2.9149999618530273,2.9600000381469727,9691,0.0,0.0
2021-11-16 00:00:00+02:00,3.0,3.0450000762939453,2.9200000762939453,2.940000057220459,11287,0.0,0.0
2021-11-17 00:00:00+02:00,2.8949999809265137,2.9600000381469727,2.819999933242798,2.890000104904175,7862,0.0,0.0
2021-11-18 00:00:00+02:00,2.8949999809265137,2.8949999809265137,2.799999952316284,2.859999895095825,6197,0.0,0.0
2021-11-19 00:00:00+02:00,2.869999885559082,2.994999885559082,2.869999885559082,2.9700000286102295,1760,0.0,0.0
2021-11-22 00:00:00+02:00,2.9800000190734863,2.9800000190734863,2.8550000190734863,2.930000066757202,4844,0.0,0.0
2021-11-23 00:00:00+02:00,2.9149999618530273,2.944999933242798,2.9000000953674316,2.9200000762939453,1951,0.0,0.0
2021-11-24 00:00:00+02:00,2.8399999141693115,2.9149999618530273,2.8299999237060547,2.9149999618530273,3574,0.0,0.0
2021-11-25 00:00:00+02:00,2.9200000762939453,2.9200000762939453,2.7950000762939453,2.8499999046325684,8697,0.0,0.0
2021-11-26 00:00:00+02:00,2.8499999046325684,2.9800000190734863,2.6600000858306885,2.9749999046325684,24126,0.0,0.0
2021-11-29 00:00:00+02:00,2.9549999237060547,2.9549999237060547,2.7149999141693115,2.865000009536743,16273,0.0,0.0
2021-11-30 00:00:00+02:00,2.859999895095825,2.859999895095825,2.755000114440918,2.805000066757202,14890,0.0,0.0
2021-12-01 00:00:00+02:00,2.9000000953674316,2.9000000953674316,2.690000057220459,2.9000000953674316,18112,0.0,0.0
2021-12-02 00:00:00+02:00,2.884999990463257,2.884999990463257,2.690000057220459,2.7249999046325684,12623,0.0,0.0
2021-12-03 00:00:00+02:00,2.7799999713897705,2.7799999713897705,2.7249999046325684,2.7249999046325684,6496,0.0,0.0
2021-12-07 00:00:00+02:00,2.7300000190734863,2.8949999809265137,2.7300000190734863,2.7950000762939453,1943,0.0,0.0
2021-12-08 00:00:00+02:00,2.75,2.7899999618530273,2.700000047683716,2.700000047683716,30954,0.0,0.0
2021-12-09 00:00:00+02:00,2.75,2.7899999618530273,2.609999895095825,2.694999933242798,38180,0.0,0.0
2021-12-10 00:00:00+02:00,2.7200000286102295,2.8399999141693115,2.700000047683716,2.799999952316284,5999,0.0,0.0
2021-12-13 00:00:00+02:00,2.825000047683716,2.8499999046325684,2.6500000953674316,2.694999933242798,6817,0.0,0.0
2021-12-14 00:00:00+02:00,2.700000047683716,2.884999990463257,2.6600000858306885,2.700000047683716,19104,0.0,0.0
2021-12-15 00:00:00+02:00,2.700000047683716,2.700000047683716,2.690000057220459,2.690000057220459,9543,0.0,0.0
2021-12-16 00:00:00+02:00,2.690000057220459,2.7950000762939453,2.690000057220459,2.7899999618530273,2149,0.0,0.0
2021-12-17 00:00:00+02:00,2.7799999713897705,2.9049999713897705,2.7799999713897705,2.7799999713897705,14196,0.0,0.0
2021-12-20 00:00:00+02:00,2.799999952316284,3.0,2.7100000381469727,2.7899999618530273,10157,0.0,0.0
2021-12-21 00:00:00+02:00,2.799999952316284,2.9749999046325684,2.7899999618530273,2.8550000190734863,1837,0.0,0.0
2021-12-22 00:00:00+02:00,2.884999990463257,2.8949999809265137,2.7249999046325684,2.7950000762939453,8537,0.0,0.0
2021-12-23 00:00:00+02:00,2.7950000762939453,2.930000066757202,2.7200000286102295,2.819999933242798,12901,0.0,0.0
2021-12-27 00:00:00+02:00,2.930000066757202,2.9800000190734863,2.805000066757202,2.9049999713897705,11988,0.0,0.0
2021-12-28 00:00:00+02:00,2.9000000953674316,2.950000047683716,2.7899999618530273,2.950000047683716,6389,0.0,0.0
2021-12-29 00:00:00+02:00,2.9549999237060547,2.9549999237060547,2.950000047683716,2.950000047683716,1028,0.0,0.0
2021-12-30 00:00:00+02:00,2.990000009536743,2.990000009536743,2.8450000286102295,2.9149999618530273,9635,0.0,0.0
2022-01-03 00:00:00+02:00,2.9200000762939453,2.9200000762939453,2.765000104904175,2.815000057220459,13689,0.0,0.0
2022-01-04 00:00:00+02:00,2.8949999809265137,2.8949999809265137,2.759999990463257,2.8550000190734863,4692,0.0,0.0
2022-01-05 00:00:00+02:00,2.7799999713897705,2.880000114440918,2.7300000190734863,2.7950000762939453,4080,0.0,0.0
2022-01-07 00:00:00+02:00,2.799999952316284,2.825000047683716,2.765000104904175,2.805000066757202,6845,0.0,0.0
2022-01-10 00:00:00+02:00,2.869999885559082,2.869999885559082,2.7100000381469727,2.7750000953674316,5036,0.0,0.0
2022-01-11 00:00:00+02:00,2.809999942779541,2.809999942779541,2.734999895095825,2.7950000762939453,3477,0.0,0.0
2022-01-12 00:00:00+02:00,2.7950000762939453,2.805000066757202,2.75,2.7950000762939453,5206,0.0,0.0
2022-01-13 00:00:00+02:00,2.7950000762939453,2.7950000762939453,2.740000009536743,2.740000009536743,1421,0.0,0.0
2022-01-14 00:00:00+02:00,2.7899999618530273,2.859999895095825,2.744999885559082,2.8450000286102295,18955,0.0,0.0
2022-01-17 00:00:00+02:00,2.859999895095825,2.890000104904175,2.8450000286102295,2.8499999046325684,5110,0.0,0.0
2022-01-18 00:00:00+02:00,2.869999885559082,2.869999885559082,2.799999952316284,2.799999952316284,2234,0.0,0.0
2022-01-19 00:00:00+02:00,2.8499999046325684,2.8499999046325684,2.7850000858306885,2.7850000858306885,11227,0.0,0.0
2022-01-20 00:00:00+02:00,2.8499999046325684,2.8499999046325684,2.805000066757202,2.805000066757202,13977,0.0,0.0
2022-01-21 00:00:00+02:00,2.799999952316284,2.799999952316284,2.680000066757202,2.7049999237060547,27181,0.0,0.0
2022-01-24 00:00:00+02:00,2.7850000858306885,2.7850000858306885,2.515000104904175,2.5199999809265137,48750,0.0,0.0
2022-01-25 00:00:00+02:00,2.6050000190734863,2.799999952316284,2.6050000190734863,2.700000047683716,18455,0.0,0.0
2022-01-26 00:00:00+02:00,2.700000047683716,2.799999952316284,2.6500000953674316,2.799999952316284,21391,0.0,0.0
2022-01-27 00:00:00+02:00,2.799999952316284,2.799999952316284,2.744999885559082,2.744999885559082,15478,0.0,0.0
2022-01-28 00:00:00+02:00,2.759999990463257,2.759999990463257,2.700000047683716,2.755000114440918,4822,0.0,0.0
2022-01-31 00:00:00+02:00,2.759999990463257,2.865000009536743,2.75,2.75,1556,0.0,0.0
2022-02-01 00:00:00+02:00,2.75,2.75,2.5950000286102295,2.75,29129,0.0,0.0
2022-02-02 00:00:00+02:00,2.75,2.75,2.700000047683716,2.75,2545,0.0,0.0
2022-02-03 00:00:00+02:00,2.75,2.8299999237060547,2.75,2.755000114440918,2478,0.0,0.0
2022-02-04 00:00:00+02:00,2.799999952316284,2.799999952316284,2.694999933242798,2.694999933242798,3279,0.0,0.0
2022-02-07 00:00:00+02:00,2.75,2.75,2.6050000190734863,2.684999942779541,16922,0.0,0.0
2022-02-08 00:00:00+02:00,2.7049999237060547,2.7049999237060547,2.5999999046325684,2.6500000953674316,24218,0.0,0.0
2022-02-09 00:00:00+02:00,2.6500000953674316,2.700000047683716,2.6500000953674316,2.700000047683716,1350,0.0,0.0
2022-02-10 00:00:00+02:00,2.700000047683716,2.75,2.634999990463257,2.634999990463257,11713,0.0,0.0
2022-02-11 00:00:00+02:00,2.680000066757202,2.75,2.6050000190734863,2.7300000190734863,6836,0.0,0.0
2022-02-14 00:00:00+02:00,2.690000057220459,2.75,2.630000114440918,2.75,7128,0.0,0.0
2022-02-15 00:00:00+02:00,2.75,2.8499999046325684,2.75,2.8499999046325684,31230,0.0,0.0
2022-02-16 00:00:00+02:00,2.7750000953674316,2.819999933242798,2.680000066757202,2.759999990463257,6433,0.0,0.0
2022-02-17 00:00:00+02:00,2.75,2.759999990463257,2.700000047683716,2.700000047683716,9983,0.0,0.0
2022-02-18 00:00:00+02:00,2.819999933242798,2.8499999046325684,2.765000104904175,2.805000066757202,37363,0.0,0.0
2022-02-21 00:00:00+02:00,2.7950000762939453,2.799999952316284,2.700000047683716,2.7100000381469727,17233,0.0,0.0
2022-02-22 00:00:00+02:00,2.680000066757202,2.765000104904175,2.609999895095825,2.694999933242798,10709,0.0,0.0
2022-02-23 00:00:00+02:00,2.734999895095825,2.755000114440918,2.6449999809265137,2.700000047683716,3983,0.0,0.0
2022-02-24 00:00:00+02:00,2.674999952316284,2.674999952316284,2.5350000858306885,2.5999999046325684,18094,0.0,0.0
2022-02-25 00:00:00+02:00,2.6500000953674316,2.744999885559082,2.619999885559082,2.640000104904175,3134,0.0,0.0
2022-02-28 00:00:00+02:00,2.700000047683716,2.700000047683716,2.509999990463257,2.5999999046325684,6306,0.0,0.0
2022-03-01 00:00:00+02:00,2.5999999046325684,2.619999885559082,2.5999999046325684,2.609999895095825,3651,0.0,0.0
2022-03-02 00:00:00+02:00,2.5899999141693115,2.6449999809265137,2.5,2.5950000286102295,5702,0.0,0.0
2022-03-03 00:00:00+02:00,2.5950000286102295,2.700000047683716,2.5250000953674316,2.609999895095825,1737,0.0,0.0
2022-03-04 00:00:00+02:00,2.6549999713897705,2.6549999713897705,2.390000104904175,2.430000066757202,59856,0.0,0.0
2022-03-07 00:00:00+02:00,2.4049999713897705,2.440000057220459,2.265000104904175,2.2950000762939453,27373,0.0,0.0
2022-03-08 00:00:00+02:00,2.200000047683716,2.4049999713897705,2.200000047683716,2.359999895095825,23504,0.0,0.0
2022-03-09 00:00:00+02:00,2.3499999046325684,2.509999990463257,2.3450000286102295,2.444999933242798,19116,0.0,0.0
2022-03-10 00:00:00+02:00,2.434999942779541,2.515000104904175,2.4100000858306885,2.484999895095825,11237,0.0,0.0
2022-03-11 00:00:00+02:00,2.450000047683716,2.490000009536743,2.4149999618530273,2.490000009536743,12168,0.0,0.0
2022-03-14 00:00:00+02:00,2.484999895095825,2.684999942779541,2.3949999809265137,2.6649999618530273,23395,0.0,0.0
2022-03-15 00:00:00+02:00,2.6549999713897705,2.799999952316284,2.5999999046325684,2.6500000953674316,3329,0.0,0.0
2022-03-16 00:00:00+02:00,2.700000047683716,2.7850000858306885,2.619999885559082,2.630000114440918,5192,0.0,0.0
2022-03-17 00:00:00+02:00,2.700000047683716,2.7049999237060547,2.5,2.609999895095825,12993,0.0,0.0
2022-03-18 00:00:00+02:00,2.609999895095825,2.700000047683716,2.5,2.6700000762939453,10842,0.0,0.0
2022-03-21 00:00:00+02:00,2.799999952316284,2.799999952316284,2.6500000953674316,2.700000047683716,6372,0.0,0.0
2022-03-22 00:00:00+02:00,2.5999999046325684,2.7300000190734863,2.5999999046325684,2.634999990463257,2921,0.0,0.0
2022-03-23 00:00:00+02:00,2.630000114440918,2.6600000858306885,2.5,2.5999999046325684,30571,0.0,0.0
2022-03-24 00:00:00+02:00,2.505000114440918,2.6449999809265137,2.505000114440918,2.5299999713897705,7134,0.0,0.0
2022-03-25 00:00:00+02:00,2.5350000858306885,2.630000114440918,2.5350000858306885,2.555000066757202,3082,0.0,0.0
2022-03-28 00:00:00+03:00,2.549999952316284,2.5950000286102295,2.549999952316284,2.5950000286102295,264,0.0,0.0
2022-03-29 00:00:00+03:00,2.5950000286102295,2.700000047683716,2.5899999141693115,2.6500000953674316,19972,0.0,0.0
2022-03-30 00:00:00+03:00,2.6500000953674316,2.75,2.5950000286102295,2.6700000762939453,34895,0.0,0.0
2022-03-31 00:00:00+03:00,2.6600000858306885,2.6600000858306885,2.569999933242798,2.5999999046325684,19218,0.0,0.0
2022-04-01 00:00:00+03:00,2.6500000953674316,2.6600000858306885,2.609999895095825,2.6500000953674316,3184,0.0,0.0
2022-04-04 00:00:00+03:00,2.559999942779541,2.6500000953674316,2.5399999618530273,2.6500000953674316,13097,0.0,0.0
2022-04-05 00:00:00+03:00,2.6500000953674316,2.6600000858306885,2.609999895095825,2.640000104904175,2756,0.0,0.0
2022-04-06 00:00:00+03:00,2.6500000953674316,2.6500000953674316,2.5999999046325684,2.5999999046325684,4554,0.0,0.0
2022-04-07 00:00:00+03:00,2.5899999141693115,2.6500000953674316,2.549999952316284,2.549999952316284,2246,0.0,0.0
2022-04-08 00:00:00+03:00,2.630000114440918,2.630000114440918,2.569999933242798,2.5899999141693115,2675,0.0,0.0
2022-04-11 00:00:00+03:00,2.6700000762939453,2.6700000762939453,2.5799999237060547,2.5999999046325684,3823,0.0,0.0
2022-04-12 00:00:00+03:00,2.609999895095825,2.619999885559082,2.549999952316284,2.5999999046325684,5966,0.0,0.0
2022-04-13 00:00:00+03:00,2.5999999046325684,2.5999999046325684,2.430000066757202,2.5899999141693115,2779,0.0,0.0
2022-04-14 00:00:00+03:00,2.5899999141693115,2.5899999141693115,2.569999933242798,2.5799999237060547,2136,0.0,0.0
2022-04-19 00:00:00+03:00,2.5799999237060547,2.5799999237060547,2.549999952316284,2.549999952316284,1848,0.0,0.0
2022-04-20 00:00:00+03:00,2.5,2.549999952316284,2.5,2.549999952316284,2468,0.0,0.0
2022-04-21 00:00:00+03:00,2.5799999237060547,2.5799999237060547,2.450000047683716,2.509999990463257,8008,0.0,0.0
2022-04-22 00:00:00+03:00,2.549999952316284,2.549999952316284,2.450000047683716,2.549999952316284,1251,0.0,0.0
2022-04-25 00:00:00+03:00,2.5199999809265137,2.5199999809265137,2.380000114440918,2.4600000381469727,22392,0.0,0.0
2022-04-26 00:00:00+03:00,2.5,2.5,2.3499999046325684,2.359999895095825,23732,0.0,0.0
2022-04-27 00:00:00+03:00,2.450000047683716,2.4700000286102295,2.359999895095825,2.359999895095825,3618,0.0,0.0
2022-04-28 00:00:00+03:00,2.4000000953674316,2.490000009536743,2.4000000953674316,2.4200000762939453,4145,0.0,0.0
2022-04-29 00:00:00+03:00,2.450000047683716,2.490000009536743,2.359999895095825,2.369999885559082,16712,0.0,0.0
2022-05-02 00:00:00+03:00,2.3499999046325684,2.4600000381469727,2.299999952316284,2.359999895095825,14591,0.0,0.0
2022-05-03 00:00:00+03:00,2.3499999046325684,2.430000066757202,2.2300000190734863,2.2699999809265137,28966,0.0,0.0
2022-05-04 00:00:00+03:00,2.3399999141693115,2.4000000953674316,2.2799999713897705,2.2899999618530273,2215,0.0,0.0
2022-05-05 00:00:00+03:00,2.3399999141693115,2.3499999046325684,2.2799999713897705,2.3499999046325684,6114,0.0,0.0
2022-05-06 00:00:00+03:00,2.3399999141693115,2.4800000190734863,2.2699999809265137,2.3499999046325684,16387,0.0,0.0
2022-05-09 00:00:00+03:00,2.4200000762939453,2.4200000762939453,2.25,2.390000104904175,1412,0.0,0.0
2022-05-10 00:00:00+03:00,2.3499999046325684,2.4800000190734863,2.3499999046325684,2.4800000190734863,7180,0.0,0.0
2022-05-11 00:00:00+03:00,2.5299999713897705,2.5999999046325684,2.440000057220459,2.490000009536743,47903,0.0,0.0
2022-05-12 00:00:00+03:00,2.319999933242798,2.440000057220459,2.319999933242798,2.359999895095825,12326,0.0,0.0
2022-05-13 00:00:00+03:00,2.4800000190734863,2.5,2.4200000762939453,2.490000009536743,9360,0.0,0.0
2022-05-16 00:00:00+03:00,2.490000009536743,2.490000009536743,2.3299999237060547,2.3399999141693115,4443,0.0,0.0
2022-05-17 00:00:00+03:00,2.3499999046325684,2.450000047683716,2.299999952316284,2.3499999046325684,19326,0.0,0.0
2022-05-18 00:00:00+03:00,2.3499999046325684,2.440000057220459,2.3399999141693115,2.440000057220459,2471,0.0,0.0
2022-05-19 00:00:00+03:00,2.3399999141693115,2.4000000953674316,2.3399999141693115,2.3499999046325684,5590,0.0,0.0
2022-05-20 00:00:00+03:00,2.4000000953674316,2.4200000762939453,2.3499999046325684,2.3499999046325684,9320,0.0,0.0
2022-05-23 00:00:00+03:00,2.390000104904175,2.390000104904175,2.299999952316284,2.299999952316284,546,0.0,0.0
2022-05-24 00:00:00+03:00,2.319999933242798,2.369999885559082,2.319999933242798,2.3399999141693115,12697,0.0,0.0
2022-05-25 00:00:00+03:00,2.369999885559082,2.369999885559082,2.259999990463257,2.2899999618530273,8912,0.0,0.0
2022-05-27 00:00:00+03:00,2.3499999046325684,2.4000000953674316,2.25,2.299999952316284,7614,0.0,0.0
2022-05-30 00:00:00+03:00,2.4000000953674316,2.4000000953674316,2.25,2.25,24409,0.0,0.0
2022-05-31 00:00:00+03:00,2.450000047683716,2.450000047683716,2.2899999618530273,2.2899999618530273,389,0.0,0.0
2022-06-01 00:00:00+03:00,2.359999895095825,2.390000104904175,2.299999952316284,2.299999952316284,4756,0.0,0.0
2022-06-02 00:00:00+03:00,2.369999885559082,2.369999885559082,2.2899999618530273,2.299999952316284,551,0.0,0.0
2022-06-03 00:00:00+03:00,2.309999942779541,2.3299999237060547,2.299999952316284,2.299999952316284,3800,0.0,0.0
2022-06-06 00:00:00+03:00,2.3399999141693115,2.3399999141693115,2.2799999713897705,2.299999952316284,5840,0.0,0.0
2022-06-07 00:00:00+03:00,2.3299999237060547,2.3299999237060547,2.299999952316284,2.299999952316284,1785,0.0,0.0
2022-06-08 00:00:00+03:00,2.3299999237060547,2.359999895095825,2.299999952316284,2.299999952316284,1655,0.0,0.0
2022-06-09 00:00:00+03:00,2.299999952316284,2.4000000953674316,2.2799999713897705,2.2799999713897705,10106,0.0,0.0
2022-06-10 00:00:00+03:00,2.299999952316284,2.299999952316284,2.240000009536743,2.299999952316284,3839,0.0,0.0
2022-06-13 00:00:00+03:00,2.450000047683716,2.450000047683716,2.109999895095825,2.2100000381469727,13007,0.0,0.0
2022-06-14 00:00:00+03:00,2.2100000381469727,2.319999933242798,2.1500000953674316,2.319999933242798,4093,0.0,0.0
2022-06-15 00:00:00+03:00,2.1500000953674316,2.3499999046325684,2.1500000953674316,2.3399999141693115,1665,0.0,0.0
2022-06-16 00:00:00+03:00,2.3399999141693115,2.3399999141693115,2.1600000858306885,2.1700000762939453,1985,0.0,0.0
2022-06-17 00:00:00+03:00,2.0899999141693115,2.3399999141693115,2.049999952316284,2.25,28632,0.0,0.0
2022-06-20 00:00:00+03:00,2.299999952316284,2.299999952316284,2.119999885559082,2.200000047683716,1191,0.0,0.0
2022-06-21 00:00:00+03:00,2.1700000762939453,2.200000047683716,2.109999895095825,2.140000104904175,1502,0.0,0.0
2022-06-22 00:00:00+03:00,2.1500000953674316,2.180000066757202,2.109999895095825,2.1500000953674316,2533,0.0,0.0
2022-06-23 00:00:00+03:00,2.1500000953674316,2.180000066757202,2.0899999141693115,2.1600000858306885,31412,0.0,0.0
2022-06-27 00:00:00+03:00,2.2899999618530273,2.2899999618530273,2.200000047683716,2.2200000286102295,561,0.0,0.0
2022-06-28 00:00:00+03:00,2.0999999046325684,2.190000057220459,2.0299999713897705,2.0899999141693115,14117,0.0,0.0
2022-06-29 00:00:00+03:00,2.119999885559082,2.140000104904175,2.059999942779541,2.130000114440918,10002,0.0,0.0
2022-06-30 00:00:00+03:00,2.119999885559082,2.119999885559082,2.0399999618530273,2.0799999237060547,6078,0.0,0.0
2022-07-01 00:00:00+03:00,2.0799999237060547,2.0799999237060547,2.0199999809265137,2.0199999809265137,33596,0.0,0.0
2022-07-04 00:00:00+03:00,2.0199999809265137,2.0799999237060547,1.899999976158142,2.0199999809265137,19791,0.0,0.0
2022-07-05 00:00:00+03:00,1.9950000047683716,2.059999942779541,1.9600000381469727,2.049999952316284,5605,0.0,0.0
2022-07-06 00:00:00+03:00,2.0799999237060547,2.0999999046325684,2.0399999618530273,2.0899999141693115,8104,0.0,0.0
2022-07-07 00:00:00+03:00,2.0999999046325684,2.140000104904175,2.049999952316284,2.140000104904175,3106,0.0,0.0
2022-07-08 00:00:00+03:00,2.140000104904175,2.2100000381469727,2.109999895095825,2.200000047683716,7720,0.0,0.0
2022-07-11 00:00:00+03:00,2.240000009536743,2.240000009536743,2.1500000953674316,2.1500000953674316,4375,0.0,0.0
2022-07-12 00:00:00+03:00,2.190000057220459,2.25,2.190000057220459,2.190000057220459,553,0.0,0.0
2022-07-13 00:00:00+03:00,2.109999895095825,2.180000066757202,2.109999895095825,2.1700000762939453,1248,0.0,0.0
2022-07-14 00:00:00+03:00,2.109999895095825,2.2300000190734863,2.109999895095825,2.109999895095825,69,0.0,0.0
2022-07-15 00:00:00+03:00,2.190000057220459,2.200000047683716,2.190000057220459,2.200000047683716,7558,0.0,0.0
2022-07-18 00:00:00+03:00,2.200000047683716,2.200000047683716,2.0799999237060547,2.180000066757202,14977,0.0,0.0
2022-07-19 00:00:00+03:00,2.140000104904175,2.1500000953674316,2.059999942779541,2.059999942779541,10016,0.0,0.0
2022-07-20 00:00:00+03:00,2.1600000858306885,2.1600000858306885,2.0999999046325684,2.109999895095825,3219,0.0,0.0
2022-07-21 00:00:00+03:00,2.0999999046325684,2.109999895095825,2.0999999046325684,2.109999895095825,1139,0.0,0.0
2022-07-22 00:00:00+03:00,2.109999895095825,2.1600000858306885,2.0999999046325684,2.130000114440918,2916,0.0,0.0
2022-07-25 00:00:00+03:00,2.130000114440918,2.1500000953674316,2.109999895095825,2.109999895095825,1079,0.0,0.0
2022-07-26 00:00:00+03:00,2.1500000953674316,2.2200000286102295,2.1500000953674316,2.190000057220459,2264,0.0,0.0
2022-07-27 00:00:00+03:00,2.190000057220459,2.190000057220459,2.0999999046325684,2.1500000953674316,105,0.0,0.0
2022-07-28 00:00:00+03:00,2.119999885559082,2.119999885559082,2.0999999046325684,2.119999885559082,2183,0.0,0.0
2022-07-29 00:00:00+03:00,2.119999885559082,2.200000047683716,2.0999999046325684,2.190000057220459,4062,0.0,0.0
2022-08-01 00:00:00+03:00,2.190000057220459,2.200000047683716,2.109999895095825,2.180000066757202,8823,0.0,0.0
2022-08-02 00:00:00+03:00,2.200000047683716,2.2899999618530273,2.109999895095825,2.2100000381469727,18644,0.0,0.0
2022-08-03 00:00:00+03:00,2.200000047683716,2.2300000190734863,2.140000104904175,2.2100000381469727,10131,0.0,0.0
2022-08-04 00:00:00+03:00,2.2300000190734863,2.2300000190734863,2.200000047683716,2.200000047683716,4025,0.0,0.0
2022-08-05 00:00:00+03:00,2.180000066757202,2.200000047683716,2.180000066757202,2.200000047683716,6000,0.0,0.0
2022-08-08 00:00:00+03:00,2.180000066757202,2.2300000190734863,2.180000066757202,2.200000047683716,7092,0.0,0.0
2022-08-09 00:00:00+03:00,2.2100000381469727,2.380000114440918,2.180000066757202,2.299999952316284,3299,0.0,0.0
2022-08-10 00:00:00+03:00,2.3499999046325684,2.4800000190734863,2.2100000381469727,2.25,24218,0.0,0.0
2022-08-11 00:00:00+03:00,2.200000047683716,2.2899999618530273,2.130000114440918,2.200000047683716,21745,0.0,0.0
2022-08-12 00:00:00+03:00,2.190000057220459,2.2799999713897705,2.1600000858306885,2.200000047683716,13964,0.0,0.0
2022-08-15 00:00:00+03:00,2.200000047683716,2.2100000381469727,2.0999999046325684,2.2100000381469727,12366,0.0,0.0
2022-08-16 00:00:00+03:00,2.2100000381469727,2.2200000286102295,2.2100000381469727,2.2200000286102295,7287,0.0,0.0
2022-08-17 00:00:00+03:00,2.2200000286102295,2.2899999618530273,2.1600000858306885,2.2899999618530273,14566,0.0,0.0
2022-08-18 00:00:00+03:00,2.2899999618530273,2.2899999618530273,2.25,2.25,1876,0.0,0.0
2022-08-19 00:00:00+03:00,2.25,2.25,2.2300000190734863,2.2300000190734863,533,0.0,0.0
2022-08-22 00:00:00+03:00,2.2300000190734863,2.2300000190734863,2.1500000953674316,2.2200000286102295,4976,0.0,0.0
2022-08-23 00:00:00+03:00,2.180000066757202,2.25,2.0999999046325684,2.0999999046325684,3753,0.0,0.0
2022-08-24 00:00:00+03:00,2.0899999141693115,2.190000057220459,2.0899999141693115,2.119999885559082,7237,0.0,0.0
2022-08-25 00:00:00+03:00,2.1500000953674316,2.2100000381469727,2.049999952316284,2.069999933242798,7277,0.0,0.0
2022-08-26 00:00:00+03:00,2.069999933242798,2.1500000953674316,2.069999933242798,2.0999999046325684,4742,0.0,0.0
2022-08-29 00:00:00+03:00,2.0999999046325684,2.0999999046325684,1.9600000381469727,2.0199999809265137,25000,0.0,0.0
2022-08-30 00:00:00+03:00,2.0199999809265137,2.109999895095825,1.9550000429153442,2.009999990463257,12749,0.0,0.0
2022-08-31 00:00:00+03:00,1.9850000143051147,2.069999933242798,1.9600000381469727,2.0199999809265137,3358,0.0,0.0
2022-09-01 00:00:00+03:00,2.0899999141693115,2.0899999141693115,1.9550000429153442,1.9550000429153442,14242,0.0,0.0
2022-09-02 00:00:00+03:00,2.069999933242798,2.069999933242798,1.9900000095367432,2.0,2280,0.0,0.0
2022-09-05 00:00:00+03:00,2.0,2.069999933242798,1.899999976158142,2.069999933242798,10656,0.0,0.0
2022-09-06 00:00:00+03:00,1.9800000190734863,2.0,1.899999976158142,1.899999976158142,12022,0.0,0.0
2022-09-07 00:00:00+03:00,1.9900000095367432,2.0199999809265137,1.850000023841858,1.850000023841858,12710,0.0,0.0
2022-09-08 00:00:00+03:00,1.9600000381469727,1.9600000381469727,1.8899999856948853,1.8899999856948853,3659,0.0,0.0
2022-09-09 00:00:00+03:00,1.8949999809265137,1.934999942779541,1.7999999523162842,1.8550000190734863,15404,0.0,0.0
2022-09-12 00:00:00+03:00,1.899999976158142,2.049999952316284,1.875,2.0399999618530273,711,0.0,0.0
2022-09-13 00:00:00+03:00,2.0399999618530273,2.0399999618530273,1.8600000143051147,1.899999976158142,9764,0.0,0.0
2022-09-14 00:00:00+03:00,1.899999976158142,1.9800000190734863,1.899999976158142,1.899999976158142,5856,0.0,0.0
2022-09-15 00:00:00+03:00,1.899999976158142,1.9199999570846558,1.899999976158142,1.9199999570846558,1234,0.0,0.0
2022-09-16 00:00:00+03:00,1.9199999570846558,1.9199999570846558,1.8849999904632568,1.899999976158142,1367,0.0,0.0
2022-09-19 00:00:00+03:00,1.899999976158142,1.899999976158142,1.7999999523162842,1.8949999809265137,19797,0.0,0.0
2022-09-20 00:00:00+03:00,1.8949999809265137,1.8949999809265137,1.7999999523162842,1.8300000429153442,6174,0.0,0.0
2022-09-21 00:00:00+03:00,1.8200000524520874,1.9199999570846558,1.8200000524520874,1.9199999570846558,3451,0.0,0.0
2022-09-22 00:00:00+03:00,1.899999976158142,1.9149999618530273,1.8600000143051147,1.8600000143051147,1905,0.0,0.0
2022-09-23 00:00:00+03:00,1.8650000095367432,1.9199999570846558,1.7599999904632568,1.8600000143051147,7208,0.0,0.0
2022-09-26 00:00:00+03:00,1.8600000143051147,1.899999976158142,1.8600000143051147,1.899999976158142,11806,0.0,0.0
2022-09-27 00:00:00+03:00,1.9199999570846558,1.9199999570846558,1.8550000190734863,1.8600000143051147,3959,0.0,0.0
2022-09-28 00:00:00+03:00,1.8450000286102295,1.9199999570846558,1.7699999809265137,1.9199999570846558,2492,0.0,0.0
2022-09-29 00:00:00+03:00,1.8799999952316284,1.9049999713897705,1.784999966621399,1.8200000524520874,14628,0.0,0.0
2022-09-30 00:00:00+03:00,1.8300000429153442,1.8300000429153442,1.7999999523162842,1.8200000524520874,5463,0.0,0.0
2022-10-03 00:00:00+03:00,1.8200000524520874,1.8300000429153442,1.7949999570846558,1.7999999523162842,6047,0.0,0.0
2022-10-04 00:00:00+03:00,1.8300000429153442,1.8300000429153442,1.7400000095367432,1.7999999523162842,18236,0.0,0.0
2022-10-05 00:00:00+03:00,1.809999942779541,1.8300000429153442,1.7699999809265137,1.7999999523162842,2511,0.0,0.0
2022-10-06 00:00:00+03:00,1.7699999809265137,1.8200000524520874,1.7699999809265137,1.815000057220459,1795,0.0,0.0
2022-10-07 00:00:00+03:00,1.815000057220459,1.815000057220459,1.75,1.75,8080,0.0,0.0
2022-10-10 00:00:00+03:00,1.7599999904632568,1.7599999904632568,1.7200000286102295,1.7599999904632568,2505,0.0,0.0
2022-10-11 00:00:00+03:00,1.7200000286102295,1.7599999904632568,1.7200000286102295,1.7549999952316284,3080,0.0,0.0
2022-10-12 00:00:00+03:00,1.7599999904632568,1.7599999904632568,1.7000000476837158,1.7599999904632568,1728,0.0,0.0
2022-10-13 00:00:00+03:00,1.7599999904632568,1.7599999904632568,1.7599999904632568,1.7599999904632568,3643,0.0,0.0
2022-10-14 00:00:00+03:00,1.75,1.7549999952316284,1.6649999618530273,1.7100000381469727,15042,0.0,0.0
2022-10-17 00:00:00+03:00,1.7100000381469727,1.7599999904632568,1.600000023841858,1.7599999904632568,27027,0.0,0.0
2022-10-18 00:00:00+03:00,1.7200000286102295,1.8300000429153442,1.7200000286102295,1.7799999713897705,6852,0.0,0.0
2022-10-19 00:00:00+03:00,1.7899999618530273,1.7899999618530273,1.75,1.7699999809265137,2700,0.0,0.0
2022-10-20 00:00:00+03:00,1.7699999809265137,1.8300000429153442,1.7599999904632568,1.8300000429153442,4173,0.0,0.0
2022-10-21 00:00:00+03:00,1.850000023841858,1.850000023841858,1.7100000381469727,1.7999999523162842,5522,0.0,0.0
2022-10-24 00:00:00+03:00,1.7999999523162842,1.7999999523162842,1.7400000095367432,1.75,1817,0.0,0.0
2022-10-25 00:00:00+03:00,1.7300000190734863,1.7699999809265137,1.649999976158142,1.7050000429153442,11582,0.0,0.0
2022-10-26 00:00:00+03:00,1.75,1.8300000429153442,1.649999976158142,1.7649999856948853,14028,0.0,0.0
2022-10-27 00:00:00+03:00,1.7999999523162842,1.8550000190734863,1.7000000476837158,1.7200000286102295,8745,0.0,0.0
2022-10-28 00:00:00+03:00,1.7200000286102295,1.815000057220459,1.7200000286102295,1.7799999713897705,756,0.0,0.0
2022-10-31 00:00:00+02:00,1.850000023841858,1.8550000190734863,1.7899999618530273,1.850000023841858,13285,0.0,0.0
2022-11-01 00:00:00+02:00,1.8350000381469727,1.899999976158142,1.715000033378601,1.815000057220459,5915,0.0,0.0
2022-11-02 00:00:00+02:00,1.815000057220459,1.8350000381469727,1.7949999570846558,1.8200000524520874,2737,0.0,0.0
2022-11-03 00:00:00+02:00,1.9450000524520874,1.9450000524520874,1.8200000524520874,1.8700000047683716,2783,0.0,0.0
2022-11-04 00:00:00+02:00,1.899999976158142,1.9500000476837158,1.8700000047683716,1.934999942779541,38840,0.0,0.0
2022-11-07 00:00:00+02:00,1.934999942779541,1.9450000524520874,1.7899999618530273,1.8799999952316284,6607,0.0,0.0
2022-11-08 00:00:00+02:00,1.8799999952316284,1.9199999570846558,1.809999942779541,1.899999976158142,10619,0.0,0.0
2022-11-09 00:00:00+02:00,2.0,2.0,1.809999942779541,1.8899999856948853,29520,0.0,0.0
2022-11-10 00:00:00+02:00,1.8450000286102295,1.8450000286102295,1.649999976158142,1.7799999713897705,45533,0.0,0.0
2022-11-11 00:00:00+02:00,1.7899999618530273,1.7899999618530273,1.7100000381469727,1.7100000381469727,6695,0.0,0.0
2022-11-14 00:00:00+02:00,1.7450000047683716,1.784999966621399,1.6799999475479126,1.7400000095367432,16042,0.0,0.0
2022-11-15 00:00:00+02:00,1.7000000476837158,1.7300000190734863,1.684999942779541,1.7300000190734863,5450,0.0,0.0
2022-11-16 00:00:00+02:00,1.6649999618530273,1.715000033378601,1.6649999618530273,1.7050000429153442,6644,0.0,0.0
2022-11-17 00:00:00+02:00,1.7050000429153442,1.7400000095367432,1.600000023841858,1.6549999713897705,19432,0.0,0.0
2022-11-18 00:00:00+02:00,1.6200000047683716,1.6299999952316284,1.6150000095367432,1.6200000047683716,26527,0.0,0.0
2022-11-21 00:00:00+02:00,1.625,1.684999942779541,1.6200000047683716,1.659999966621399,4351,0.0,0.0
2022-11-22 00:00:00+02:00,1.6100000143051147,1.625,1.5750000476837158,1.590000033378601,35885,0.0,0.0
2022-11-23 00:00:00+02:00,1.5750000476837158,1.600000023841858,1.4950000047683716,1.600000023841858,87576,0.0,0.0
2022-11-24 00:00:00+02:00,1.600000023841858,1.600000023841858,1.5149999856948853,1.5499999523162842,11369,0.0,0.0
2022-11-25 00:00:00+02:00,1.5499999523162842,1.5499999523162842,1.5,1.5099999904632568,21868,0.0,0.0
2022-11-28 00:00:00+02:00,1.475000023841858,1.5499999523162842,1.440000057220459,1.5499999523162842,26291,0.0,0.0
2022-11-29 00:00:00+02:00,1.5299999713897705,1.5299999713897705,1.4600000381469727,1.5,11727,0.0,0.0
2022-11-30 00:00:00+02:00,1.5,1.5,1.4550000429153442,1.4850000143051147,7393,0.0,0.0
2022-12-01 00:00:00+02:00,1.4800000190734863,1.4800000190734863,1.4299999475479126,1.465000033378601,29793,0.0,0.0
2022-12-02 00:00:00+02:00,1.4700000286102295,1.4850000143051147,1.4500000476837158,1.465000033378601,33439,0.0,0.0
2022-12-05 00:00:00+02:00,1.4900000095367432,1.5099999904632568,1.4450000524520874,1.4450000524520874,10104,0.0,0.0
2022-12-07 00:00:00+02:00,1.4900000095367432,1.4950000047683716,1.4500000476837158,1.4500000476837158,7648,0.0,0.0
2022-12-08 00:00:00+02:00,1.4500000476837158,1.4500000476837158,1.4249999523162842,1.4249999523162842,16156,0.0,0.0
2022-12-09 00:00:00+02:00,1.4249999523162842,1.4450000524520874,1.399999976158142,1.409999966621399,25279,0.0,0.0
2022-12-12 00:00:00+02:00,1.409999966621399,1.409999966621399,1.3300000429153442,1.3799999952316284,29478,0.0,0.0
2022-12-13 00:00:00+02:00,1.3849999904632568,1.3949999809265137,1.309999942779541,1.3949999809265137,75325,0.0,0.0
2022-12-14 00:00:00+02:00,1.340000033378601,1.3650000095367432,1.309999942779541,1.3650000095367432,4975,0.0,0.0
2022-12-15 00:00:00+02:00,1.3650000095367432,1.3650000095367432,1.2300000190734863,1.3049999475479126,35610,0.0,0.0
2022-12-16 00:00:00+02:00,1.2999999523162842,1.309999942779541,1.2599999904632568,1.284999966621399,27226,0.0,0.0
2022-12-19 00:00:00+02:00,1.2799999713897705,1.3350000381469727,1.25,1.25,30571,0.0,0.0
2022-12-20 00:00:00+02:00,1.2999999523162842,1.3200000524520874,1.2799999713897705,1.2949999570846558,21949,0.0,0.0
2022-12-21 00:00:00+02:00,1.2949999570846558,1.3049999475479126,1.274999976158142,1.3049999475479126,20942,0.0,0.0
2022-12-22 00:00:00+02:00,1.2949999570846558,1.2999999523162842,1.2699999809265137,1.2949999570846558,33127,0.0,0.0
2022-12-23 00:00:00+02:00,1.2949999570846558,1.3799999952316284,1.2699999809265137,1.2799999713897705,11903,0.0,0.0
2022-12-27 00:00:00+02:00,1.284999966621399,1.284999966621399,1.225000023841858,1.2549999952316284,62398,0.0,0.0
2022-12-28 00:00:00+02:00,1.2949999570846558,1.2999999523162842,1.2450000047683716,1.2599999904632568,22950,0.0,0.0
2022-12-29 00:00:00+02:00,1.2549999952316284,1.2699999809265137,1.2200000286102295,1.2300000190734863,52768,0.0,0.0
2022-12-30 00:00:00+02:00,1.2200000286102295,1.399999976158142,1.2200000286102295,1.2949999570846558,26731,0.0,0.0
2023-01-02 00:00:00+02:00,1.2949999570846558,1.3350000381469727,1.274999976158142,1.274999976158142,9417,0.0,0.0
2023-01-03 00:00:00+02:00,1.274999976158142,1.3250000476837158,1.25,1.274999976158142,14395,0.0,0.0
2023-01-04 00:00:00+02:00,1.274999976158142,1.274999976158142,1.2350000143051147,1.2599999904632568,2314,0.0,0.0
2023-01-05 00:00:00+02:00,1.2549999952316284,1.284999966621399,1.2450000047683716,1.274999976158142,5896,0.0,0.0
2023-01-09 00:00:00+02:00,1.25,1.309999942779541,1.25,1.2699999809265137,68658,0.0,0.0
2023-01-10 00:00:00+02:00,1.2899999618530273,1.2949999570846558,1.2799999713897705,1.2949999570846558,1768,0.0,0.0
2023-01-11 00:00:00+02:00,1.284999966621399,1.340000033378601,1.284999966621399,1.2999999523162842,14001,0.0,0.0
2023-01-12 00:00:00+02:00,1.3049999475479126,1.3250000476837158,1.2799999713897705,1.2949999570846558,29079,0.0,0.0
2023-01-13 00:00:00+02:00,1.2999999523162842,1.3849999904632568,1.284999966621399,1.3600000143051147,19435,0.0,0.0
2023-01-16 00:00:00+02:00,1.3600000143051147,1.3600000143051147,1.309999942779541,1.340000033378601,4004,0.0,0.0
2023-01-17 00:00:00+02:00,1.3450000286102295,1.3899999856948853,1.340000033378601,1.3600000143051147,7096,0.0,0.0
2023-01-18 00:00:00+02:00,1.3600000143051147,1.3650000095367432,1.3049999475479126,1.3600000143051147,13069,0.0,0.0
2023-01-19 00:00:00+02:00,1.3600000143051147,1.375,1.3200000524520874,1.3350000381469727,1742,0.0,0.0
2023-01-20 00:00:00+02:00,1.375,1.3799999952316284,1.3600000143051147,1.3700000047683716,6133,0.0,0.0
2023-01-23 00:00:00+02:00,1.375,1.475000023841858,1.375,1.440000057220459,58811,0.0,0.0
2023-01-24 00:00:00+02:00,1.4450000524520874,1.4450000524520874,1.399999976158142,1.4450000524520874,8988,0.0,0.0
2023-01-25 00:00:00+02:00,1.4450000524520874,1.465000033378601,1.4149999618530273,1.4149999618530273,4402,0.0,0.0
2023-01-26 00:00:00+02:00,1.399999976158142,1.399999976158142,1.3799999952316284,1.3899999856948853,8049,0.0,0.0
2023-01-27 00:00:00+02:00,1.350000023841858,1.3949999809265137,1.340000033378601,1.3600000143051147,9375,0.0,0.0
2023-01-30 00:00:00+02:00,1.3600000143051147,1.399999976158142,1.3450000286102295,1.399999976158142,9357,0.0,0.0
2023-01-31 00:00:00+02:00,1.399999976158142,1.399999976158142,1.3550000190734863,1.3550000190734863,824,0.0,0.0
2023-02-01 00:00:00+02:00,1.399999976158142,1.399999976158142,1.340000033378601,1.340000033378601,8889,0.0,0.0
2023-02-02 00:00:00+02:00,1.350000023841858,1.3949999809265137,1.3200000524520874,1.3650000095367432,12139,0.0,0.0
2023-02-03 00:00:00+02:00,1.3650000095367432,1.3650000095367432,1.3200000524520874,1.3200000524520874,2612,0.0,0.0
2023-02-06 00:00:00+02:00,1.350000023841858,1.3849999904632568,1.3049999475479126,1.3799999952316284,4432,0.0,0.0
2023-02-07 00:00:00+02:00,1.3799999952316284,1.3799999952316284,1.340000033378601,1.3799999952316284,2366,0.0,0.0
2023-02-08 00:00:00+02:00,1.3799999952316284,1.3799999952316284,1.3200000524520874,1.3600000143051147,3444,0.0,0.0
2023-02-09 00:00:00+02:00,1.3600000143051147,1.3600000143051147,1.2999999523162842,1.3450000286102295,16826,0.0,0.0
2023-02-10 00:00:00+02:00,1.3450000286102295,1.3450000286102295,1.2999999523162842,1.3049999475479126,17805,0.0,0.0
2023-02-13 00:00:00+02:00,1.309999942779541,1.350000023841858,1.309999942779541,1.350000023841858,6413,0.0,0.0
2023-02-14 00:00:00+02:00,1.375,1.375,1.3049999475479126,1.3049999475479126,2852,0.0,0.0
2023-02-15 00:00:00+02:00,1.3849999904632568,1.3949999809265137,1.3200000524520874,1.3300000429153442,13608,0.0,0.0
2023-02-16 00:00:00+02:00,1.3899999856948853,1.399999976158142,1.3250000476837158,1.340000033378601,5264,0.0,0.0
2023-02-17 00:00:00+02:00,1.340000033378601,1.3700000047683716,1.309999942779541,1.309999942779541,48,0.0,0.0
2023-02-20 00:00:00+02:00,1.3200000524520874,1.3550000190734863,1.3200000524520874,1.3300000429153442,14539,0.0,0.0
2023-02-21 00:00:00+02:00,1.3949999809265137,1.3949999809265137,1.315000057220459,1.3600000143051147,13987,0.0,0.0
2023-02-22 00:00:00+02:00,1.3600000143051147,1.3600000143051147,1.350000023841858,1.350000023841858,60,0.0,0.0
2023-02-23 00:00:00+02:00,1.3250000476837158,1.350000023841858,1.3250000476837158,1.350000023841858,2200,0.0,0.0
2023-02-24 00:00:00+02:00,1.350000023841858,1.350000023841858,1.309999942779541,1.340000033378601,1786,0.0,0.0
2023-02-27 00:00:00+02:00,1.340000033378601,1.434999942779541,1.3250000476837158,1.350000023841858,13621,0.0,0.0
2023-02-28 00:00:00+02:00,1.3799999952316284,1.4199999570846558,1.309999942779541,1.350000023841858,16557,0.0,0.0
2023-03-01 00:00:00+02:00,1.3550000190734863,1.3949999809265137,1.350000023841858,1.350000023841858,4839,0.0,0.0
2023-03-02 00:00:00+02:00,1.3849999904632568,1.3849999904632568,1.3300000429153442,1.3300000429153442,8363,0.0,0.0
2023-03-03 00:00:00+02:00,1.3200000524520874,1.3200000524520874,1.315000057220459,1.3200000524520874,7752,0.0,0.0
2023-03-06 00:00:00+02:00,1.3200000524520874,1.3899999856948853,1.2999999523162842,1.3899999856948853,8750,0.0,0.0
2023-03-07 00:00:00+02:00,1.350000023841858,1.350000023841858,1.2899999618530273,1.2999999523162842,14620,0.0,0.0
2023-03-08 00:00:00+02:00,1.2999999523162842,1.309999942779541,1.2799999713897705,1.309999942779541,16394,0.0,0.0
2023-03-09 00:00:00+02:00,1.315000057220459,1.3450000286102295,1.2200000286102295,1.2400000095367432,96289,0.0,0.0
2023-03-10 00:00:00+02:00,1.274999976158142,1.274999976158142,1.2000000476837158,1.2300000190734863,11722,0.0,0.0
2023-03-13 00:00:00+02:00,1.25,1.25,1.2000000476837158,1.2350000143051147,11988,0.0,0.0
2023-03-14 00:00:00+02:00,1.25,1.2599999904632568,1.2000000476837158,1.2300000190734863,4171,0.0,0.0
2023-03-15 00:00:00+02:00,1.2000000476837158,1.2400000095367432,1.149999976158142,1.2300000190734863,2034,0.0,0.0
2023-03-16 00:00:00+02:00,1.2649999856948853,1.2649999856948853,1.2200000286102295,1.2200000286102295,3114,0.0,0.0
2023-03-17 00:00:00+02:00,1.2200000286102295,1.2649999856948853,1.2000000476837158,1.2000000476837158,23517,0.0,0.0
2023-03-20 00:00:00+02:00,1.2000000476837158,1.2000000476837158,1.149999976158142,1.2000000476837158,2973,0.0,0.0
2023-03-21 00:00:00+02:00,1.149999976158142,1.2300000190734863,1.149999976158142,1.2000000476837158,34572,0.0,0.0
2023-03-22 00:00:00+02:00,1.2350000143051147,1.2350000143051147,1.1799999475479126,1.190000057220459,3152,0.0,0.0
2023-03-23 00:00:00+02:00,1.190000057220459,1.190000057220459,1.149999976158142,1.1799999475479126,13817,0.0,0.0
2023-03-24 00:00:00+02:00,1.1299999952316284,1.2300000190734863,1.1299999952316284,1.149999976158142,5453,0.0,0.0
2023-03-27 00:00:00+03:00,1.1699999570846558,1.190000057220459,1.1200000047683716,1.1649999618530273,4202,0.0,0.0
2023-03-28 00:00:00+03:00,1.1549999713897705,1.1950000524520874,1.149999976158142,1.190000057220459,2509,0.0,0.0
2023-03-29 00:00:00+03:00,1.1699999570846558,1.2400000095367432,1.1200000047683716,1.190000057220459,60482,0.0,0.0
2023-03-30 00:00:00+03:00,1.2000000476837158,1.225000023841858,1.1799999475479126,1.2200000286102295,6980,0.0,0.0
2023-03-31 00:00:00+03:00,1.2200000286102295,1.2350000143051147,1.2200000286102295,1.2350000143051147,962,0.0,0.0
2023-04-03 00:00:00+03:00,1.2400000095367432,1.2400000095367432,1.1299999952316284,1.190000057220459,66141,0.0,0.0
2023-04-04 00:00:00+03:00,1.184999942779541,1.184999942779541,1.1399999856948853,1.1699999570846558,19068,0.0,0.0
2023-04-05 00:00:00+03:00,1.2000000476837158,1.2000000476837158,1.1449999809265137,1.149999976158142,6821,0.0,0.0
2023-04-06 00:00:00+03:00,1.149999976158142,1.2000000476837158,1.149999976158142,1.1749999523162842,6559,0.0,0.0
2023-04-11 00:00:00+03:00,1.1699999570846558,1.2649999856948853,1.149999976158142,1.149999976158142,2071,0.0,0.0
2023-04-12 00:00:00+03:00,1.159999966621399,1.225000023841858,1.159999966621399,1.1950000524520874,2905,0.0,0.0
2023-04-13 00:00:00+03:00,1.1950000524520874,1.2100000381469727,1.1549999713897705,1.1950000524520874,2751,0.0,0.0
2023-04-14 00:00:00+03:00,1.190000057220459,1.2000000476837158,1.1549999713897705,1.1950000524520874,1250,0.0,0.0
2023-04-17 00:00:00+03:00,1.2000000476837158,1.2000000476837158,1.1699999570846558,1.1950000524520874,29911,0.0,0.0
2023-04-18 00:00:00+03:00,1.1699999570846558,1.2000000476837158,1.1699999570846558,1.1699999570846558,21402,0.0,0.0
2023-04-19 00:00:00+03:00,1.2000000476837158,1.2000000476837158,1.1649999618530273,1.1799999475479126,3989,0.0,0.0
2023-04-20 00:00:00+03:00,1.1799999475479126,1.2000000476837158,1.1699999570846558,1.2000000476837158,3666,0.0,0.0
2023-04-21 00:00:00+03:00,1.1649999618530273,1.2000000476837158,1.149999976158142,1.149999976158142,15053,0.0,0.0
2023-04-24 00:00:00+03:00,1.1950000524520874,1.1950000524520874,1.1449999809265137,1.1449999809265137,7527,0.0,0.0
2023-04-25 00:00:00+03:00,1.149999976158142,1.149999976158142,1.1050000190734863,1.1050000190734863,21953,0.0,0.0
2023-04-26 00:00:00+03:00,1.1050000190734863,1.1699999570846558,1.1050000190734863,1.159999966621399,29080,0.0,0.0
2023-04-27 00:00:00+03:00,1.149999976158142,1.1549999713897705,1.1100000143051147,1.1100000143051147,7985,0.0,0.0
2023-04-28 00:00:00+03:00,1.1299999952316284,1.1549999713897705,1.1200000047683716,1.1200000047683716,3050,0.0,0.0
2023-05-02 00:00:00+03:00,1.1299999952316284,1.1349999904632568,1.100000023841858,1.1299999952316284,5310,0.0,0.0
2023-05-03 00:00:00+03:00,1.1649999618530273,1.1799999475479126,1.100000023841858,1.1100000143051147,7337,0.0,0.0
2023-05-04 00:00:00+03:00,1.1449999809265137,1.1449999809265137,1.0950000286102295,1.0950000286102295,7320,0.0,0.0
2023-05-05 00:00:00+03:00,1.100000023841858,1.125,1.100000023841858,1.1200000047683716,4904,0.0,0.0
2023-05-08 00:00:00+03:00,1.125,1.1549999713897705,1.1200000047683716,1.125,5659,0.0,0.0
2023-05-09 00:00:00+03:00,1.1399999856948853,1.149999976158142,1.1200000047683716,1.1200000047683716,16566,0.0,0.0
2023-05-10 00:00:00+03:00,1.1399999856948853,1.1399999856948853,1.1200000047683716,1.125,5586,0.0,0.0
2023-05-11 00:00:00+03:00,1.1299999952316284,1.1349999904632568,1.100000023841858,1.1349999904632568,11555,0.0,0.0
2023-05-12 00:00:00+03:00,1.100000023841858,1.149999976158142,1.0499999523162842,1.100000023841858,92955,0.0,0.0
2023-05-15 00:00:00+03:00,1.1399999856948853,1.1399999856948853,1.0800000429153442,1.090000033378601,20998,0.0,0.0
2023-05-16 00:00:00+03:00,1.100000023841858,1.1100000143051147,1.0750000476837158,1.0950000286102295,26450,0.0,0.0
2023-05-17 00:00:00+03:00,1.059999942779541,1.125,1.059999942779541,1.0850000381469727,15559,0.0,0.0
2023-05-19 00:00:00+03:00,1.0850000381469727,1.1399999856948853,1.0700000524520874,1.090000033378601,17844,0.0,0.0
2023-05-22 00:00:00+03:00,1.090000033378601,1.1299999952316284,1.059999942779541,1.0800000429153442,113686,0.0,0.0
2023-05-23 00:00:00+03:00,1.0800000429153442,1.1299999952316284,1.0700000524520874,1.090000033378601,19419,0.0,0.0
2023-05-24 00:00:00+03:00,1.090000033378601,1.125,1.0800000429153442,1.1150000095367432,4236,0.0,0.0
2023-05-25 00:00:00+03:00,1.1100000143051147,1.1100000143051147,1.0800000429153442,1.090000033378601,21080,0.0,0.0
2023-05-26 00:00:00+03:00,1.0700000524520874,1.100000023841858,1.065000057220459,1.0800000429153442,19628,0.0,0.0
2023-05-29 00:00:00+03:00,1.0700000524520874,1.0950000286102295,1.0549999475479126,1.0950000286102295,39999,0.0,0.0
2023-05-30 00:00:00+03:00,1.059999942779541,1.0950000286102295,1.059999942779541,1.0950000286102295,8922,0.0,0.0
2023-05-31 00:00:00+03:00,1.090000033378601,1.090000033378601,1.0499999523162842,1.0499999523162842,19277,0.0,0.0
2023-06-01 00:00:00+03:00,1.0449999570846558,1.059999942779541,1.0299999713897705,1.0449999570846558,65095,0.0,0.0
2023-06-02 00:00:00+03:00,1.034999966621399,1.0399999618530273,1.0,1.0049999952316284,75571,0.0,0.0
2023-06-05 00:00:00+03:00,1.0499999523162842,1.0950000286102295,1.0099999904632568,1.0399999618530273,11980,0.0,0.0
2023-06-06 00:00:00+03:00,1.0399999618530273,1.0399999618530273,1.0099999904632568,1.0099999904632568,4516,0.0,0.0
2023-06-07 00:00:00+03:00,1.0800000429153442,1.0800000429153442,1.0199999809265137,1.0199999809265137,12446,0.0,0.0
2023-06-08 00:00:00+03:00,1.0199999809265137,1.059999942779541,0.9900000095367432,0.9900000095367432,39923,0.0,0.0
2023-06-09 00:00:00+03:00,0.9980000257492065,1.0499999523162842,0.9300000071525574,1.0099999904632568,10169,0.0,0.0
2023-06-12 00:00:00+03:00,1.0099999904632568,1.0199999809265137,0.9700000286102295,1.0,3353,0.0,0.0
2023-06-13 00:00:00+03:00,1.0199999809265137,1.0499999523162842,0.9599999785423279,1.0499999523162842,12275,0.0,0.0
2023-06-14 00:00:00+03:00,1.0499999523162842,1.0499999523162842,1.0,1.0299999713897705,29401,0.0,0.0
2023-06-15 00:00:00+03:00,1.0399999618530273,1.065000057220459,1.0299999713897705,1.034999966621399,20575,0.0,0.0
2023-06-16 00:00:00+03:00,1.0499999523162842,1.0800000429153442,1.0099999904632568,1.0099999904632568,16163,0.0,0.0
2023-06-19 00:00:00+03:00,1.0049999952316284,1.0700000524520874,1.0049999952316284,1.065000057220459,1384,0.0,0.0
2023-06-20 00:00:00+03:00,1.065000057220459,1.090000033378601,1.0199999809265137,1.0199999809265137,2135,0.0,0.0
2023-06-21 00:00:00+03:00,1.0399999618530273,1.0399999618530273,0.9860000014305115,0.9900000095367432,6365,0.0,0.0
2023-06-22 00:00:00+03:00,0.9900000095367432,1.0149999856948853,0.9300000071525574,1.0149999856948853,2050,0.0,0.0
2023-06-26 00:00:00+03:00,0.9620000123977661,0.9860000014305115,0.9559999704360962,0.984000027179718,4882,0.0,0.0
2023-06-27 00:00:00+03:00,0.984000027179718,1.0149999856948853,0.984000027179718,0.9900000095367432,1782,0.0,0.0
2023-06-28 00:00:00+03:00,0.9800000190734863,1.0,0.9440000057220459,0.9440000057220459,632,0.0,0.0
2023-06-29 00:00:00+03:00,0.9800000190734863,0.9800000190734863,0.9240000247955322,0.9700000286102295,4593,0.0,0.0
2023-06-30 00:00:00+03:00,0.9700000286102295,1.0,0.9300000071525574,1.0,8016,0.0,0.0
2023-07-03 00:00:00+03:00,1.0,1.0199999809265137,0.9419999718666077,0.9940000176429749,2667,0.0,0.0
2023-07-04 00:00:00+03:00,0.9800000190734863,0.9940000176429749,0.9580000042915344,0.9800000190734863,56163,0.0,0.0
2023-07-05 00:00:00+03:00,0.984000027179718,1.0199999809265137,0.9779999852180481,1.0099999904632568,11423,0.0,0.0
2023-07-06 00:00:00+03:00,1.0099999904632568,1.0099999904632568,0.9599999785423279,1.0099999904632568,5263,0.0,0.0
2023-07-07 00:00:00+03:00,1.0099999904632568,1.0099999904632568,0.9319999814033508,0.949999988079071,15936,0.0,0.0
2023-07-10 00:00:00+03:00,0.949999988079071,0.9700000286102295,0.8999999761581421,0.9100000262260437,45939,0.0,0.0
2023-07-11 00:00:00+03:00,0.9100000262260437,0.9459999799728394,0.8500000238418579,0.8999999761581421,55968,0.0,0.0
2023-07-12 00:00:00+03:00,0.8999999761581421,0.9380000233650208,0.8519999980926514,0.9380000233650208,22128,0.0,0.0
2023-07-13 00:00:00+03:00,0.9200000166893005,0.9700000286102295,0.9200000166893005,0.9459999799728394,11303,0.0,0.0
2023-07-14 00:00:00+03:00,0.9459999799728394,0.9700000286102295,0.9020000100135803,0.9380000233650208,13749,0.0,0.0
2023-07-17 00:00:00+03:00,0.9380000233650208,0.9380000233650208,0.8759999871253967,0.9240000247955322,22757,0.0,0.0
2023-07-18 00:00:00+03:00,0.8920000195503235,0.949999988079071,0.8640000224113464,0.949999988079071,52082,0.0,0.0
2023-07-19 00:00:00+03:00,0.9279999732971191,0.9279999732971191,0.8799999952316284,0.8999999761581421,25131,0.0,0.0
2023-07-20 00:00:00+03:00,0.9259999990463257,0.9259999990463257,0.871999979019165,0.906000018119812,14623,0.0,0.0
2023-07-21 00:00:00+03:00,0.9079999923706055,0.9100000262260437,0.8899999856948853,0.9100000262260437,2083,0.0,0.0
2023-07-24 00:00:00+03:00,0.9639999866485596,0.9639999866485596,0.8799999952316284,0.8799999952316284,12038,0.0,0.0
2023-07-25 00:00:00+03:00,0.921999990940094,0.9300000071525574,0.8859999775886536,0.906000018119812,10875,0.0,0.0
2023-07-26 00:00:00+03:00,0.906000018119812,0.9179999828338623,0.9020000100135803,0.9020000100135803,4548,0.0,0.0
2023-07-27 00:00:00+03:00,0.9200000166893005,0.9200000166893005,0.8740000128746033,0.8859999775886536,15768,0.0,0.0
2023-07-28 00:00:00+03:00,0.8799999952316284,0.9200000166893005,0.8799999952316284,0.8880000114440918,9162,0.0,0.0
2023-07-31 00:00:00+03:00,0.8880000114440918,0.9480000138282776,0.8859999775886536,0.9020000100135803,14003,0.0,0.0
2023-08-01 00:00:00+03:00,0.949999988079071,0.949999988079071,0.9020000100135803,0.9020000100135803,320,0.0,0.0
2023-08-02 00:00:00+03:00,0.9020000100135803,0.9039999842643738,0.871999979019165,0.9039999842643738,9299,0.0,0.0
2023-08-03 00:00:00+03:00,0.8939999938011169,0.906000018119812,0.8799999952316284,0.8939999938011169,8677,0.0,0.0
2023-08-04 00:00:00+03:00,0.8999999761581421,0.949999988079071,0.8939999938011169,0.949999988079071,1018,0.0,0.0
2023-08-07 00:00:00+03:00,0.949999988079071,0.949999988079071,0.871999979019165,0.9440000057220459,40161,0.0,0.0
2023-08-08 00:00:00+03:00,0.9399999976158142,0.9399999976158142,0.8920000195503235,0.8960000276565552,15763,0.0,0.0
2023-08-09 00:00:00+03:00,0.9359999895095825,0.9700000286102295,0.9160000085830688,0.9539999961853027,87077,0.0,0.0
2023-08-10 00:00:00+03:00,0.9559999704360962,0.9679999947547913,0.9300000071525574,0.9459999799728394,19010,0.0,0.0
2023-08-11 00:00:00+03:00,0.9480000138282776,0.9700000286102295,0.9480000138282776,0.9679999947547913,3871,0.0,0.0
2023-08-14 00:00:00+03:00,0.9679999947547913,0.9980000257492065,0.9399999976158142,0.9700000286102295,22169,0.0,0.0
2023-08-15 00:00:00+03:00,0.9559999704360962,0.9700000286102295,0.9520000219345093,0.9700000286102295,8321,0.0,0.0
2023-08-16 00:00:00+03:00,0.9700000286102295,0.9700000286102295,0.9359999895095825,0.9520000219345093,43926,0.0,0.0
2023-08-17 00:00:00+03:00,0.9520000219345093,0.9679999947547913,0.9200000166893005,0.9359999895095825,31101,0.0,0.0
2023-08-18 00:00:00+03:00,0.9200000166893005,0.9200000166893005,0.8999999761581421,0.9160000085830688,28343,0.0,0.0
2023-08-21 00:00:00+03:00,0.9359999895095825,0.9359999895095825,0.8820000290870667,0.8899999856948853,22920,0.0,0.0
2023-08-22 00:00:00+03:00,0.9120000004768372,0.9120000004768372,0.8560000061988831,0.8679999709129333,177536,0.0,0.0
2023-08-23 00:00:00+03:00,0.8700000047683716,0.871999979019165,0.8500000238418579,0.871999979019165,26887,0.0,0.0
2023-08-24 00:00:00+03:00,0.8500000238418579,0.8659999966621399,0.8420000076293945,0.8420000076293945,45106,0.0,0.0
2023-08-25 00:00:00+03:00,0.8640000224113464,0.8659999966621399,0.8320000171661377,0.8600000143051147,17702,0.0,0.0
2023-08-28 00:00:00+03:00,0.8579999804496765,0.8899999856948853,0.8500000238418579,0.8859999775886536,4477,0.0,0.0
2023-08-29 00:00:00+03:00,0.8859999775886536,0.8859999775886536,0.8320000171661377,0.8539999723434448,116196,0.0,0.0
2023-08-30 00:00:00+03:00,0.8539999723434448,0.8640000224113464,0.8379999995231628,0.8460000157356262,115074,0.0,0.0
2023-08-31 00:00:00+03:00,0.8500000238418579,0.8500000238418579,0.8379999995231628,0.8500000238418579,6087,0.0,0.0
2023-09-01 00:00:00+03:00,0.8519999980926514,0.8539999723434448,0.8360000252723694,0.8479999899864197,43771,0.0,0.0
2023-09-04 00:00:00+03:00,0.8479999899864197,0.8479999899864197,0.8299999833106995,0.8379999995231628,28637,0.0,0.0
2023-09-05 00:00:00+03:00,0.8420000076293945,0.8479999899864197,0.8199999928474426,0.8339999914169312,20314,0.0,0.0
2023-09-06 00:00:00+03:00,0.8339999914169312,0.843999981880188,0.8059999942779541,0.843999981880188,52711,0.0,0.0
2023-09-07 00:00:00+03:00,0.843999981880188,0.843999981880188,0.8119999766349792,0.828000009059906,22531,0.0,0.0
2023-09-08 00:00:00+03:00,0.828000009059906,0.8399999737739563,0.8119999766349792,0.828000009059906,44298,0.0,0.0
2023-09-11 00:00:00+03:00,0.828000009059906,0.8399999737739563,0.800000011920929,0.8100000023841858,108441,0.0,0.0
2023-09-12 00:00:00+03:00,0.8100000023841858,0.8240000009536743,0.8100000023841858,0.8240000009536743,1066,0.0,0.0
2023-09-13 00:00:00+03:00,0.8259999752044678,0.8379999995231628,0.8159999847412109,0.8220000267028809,18327,0.0,0.0
2023-09-14 00:00:00+03:00,0.8159999847412109,0.8460000157356262,0.8119999766349792,0.843999981880188,127492,0.0,0.0
2023-09-15 00:00:00+03:00,0.843999981880188,0.843999981880188,0.8080000281333923,0.8240000009536743,19980,0.0,0.0
2023-09-18 00:00:00+03:00,0.8100000023841858,0.8539999723434448,0.7979999780654907,0.8399999737739563,68573,0.0,0.0
2023-09-19 00:00:00+03:00,0.8399999737739563,0.8399999737739563,0.8100000023841858,0.8199999928474426,45146,0.0,0.0
2023-09-20 00:00:00+03:00,0.8199999928474426,0.8500000238418579,0.8140000104904175,0.8379999995231628,47246,0.0,0.0
2023-09-21 00:00:00+03:00,0.8339999914169312,0.8479999899864197,0.8159999847412109,0.8299999833106995,47259,0.0,0.0
2023-09-22 00:00:00+03:00,0.8500000238418579,0.8500000238418579,0.8119999766349792,0.828000009059906,20792,0.0,0.0
2023-09-25 00:00:00+03:00,0.8420000076293945,0.8799999952316284,0.8320000171661377,0.8420000076293945,63127,0.0,0.0
2023-09-26 00:00:00+03:00,0.8420000076293945,0.8420000076293945,0.8199999928474426,0.8339999914169312,35052,0.0,0.0
2023-09-27 00:00:00+03:00,0.8339999914169312,0.8360000252723694,0.8100000023841858,0.8100000023841858,7047,0.0,0.0
2023-09-28 00:00:00+03:00,0.8140000104904175,0.8379999995231628,0.8100000023841858,0.8299999833106995,16998,0.0,0.0
2023-09-29 00:00:00+03:00,0.8299999833106995,0.8519999980926514,0.8299999833106995,0.8399999737739563,7687,0.0,0.0
2023-10-02 00:00:00+03:00,0.8539999723434448,0.8539999723434448,0.8220000267028809,0.8479999899864197,17559,0.0,0.0
2023-10-03 00:00:00+03:00,0.843999981880188,0.843999981880188,0.8119999766349792,0.8119999766349792,15030,0.0,0.0
2023-10-04 00:00:00+03:00,0.8199999928474426,0.8259999752044678,0.8119999766349792,0.8119999766349792,14115,0.0,0.0
2023-10-05 00:00:00+03:00,0.8119999766349792,0.8199999928474426,0.7820000052452087,0.7979999780654907,101882,0.0,0.0
2023-10-06 00:00:00+03:00,0.7879999876022339,0.8140000104904175,0.7799999713897705,0.800000011920929,57957,0.0,0.0
2023-10-09 00:00:00+03:00,0.800000011920929,0.8199999928474426,0.7879999876022339,0.8040000200271606,12392,0.0,0.0
2023-10-10 00:00:00+03:00,0.8100000023841858,0.8240000009536743,0.8019999861717224,0.8220000267028809,31455,0.0,0.0
2023-10-11 00:00:00+03:00,0.8220000267028809,0.8339999914169312,0.7979999780654907,0.8299999833106995,18257,0.0,0.0
2023-10-12 00:00:00+03:00,0.8240000009536743,0.8539999723434448,0.8240000009536743,0.8379999995231628,27542,0.0,0.0
2023-10-13 00:00:00+03:00,0.843999981880188,0.9599999785423279,0.8119999766349792,0.8640000224113464,159530,0.0,0.0
2023-10-16 00:00:00+03:00,0.8700000047683716,0.8700000047683716,0.8379999995231628,0.8420000076293945,17622,0.0,0.0
2023-10-17 00:00:00+03:00,0.8420000076293945,0.8420000076293945,0.8040000200271606,0.8199999928474426,29470,0.0,0.0
2023-10-18 00:00:00+03:00,0.828000009059906,0.8379999995231628,0.8080000281333923,0.8140000104904175,7837,0.0,0.0
2023-10-19 00:00:00+03:00,0.8140000104904175,0.8299999833106995,0.7879999876022339,0.8080000281333923,60847,0.0,0.0
2023-10-20 00:00:00+03:00,0.8019999861717224,0.8019999861717224,0.777999997138977,0.7979999780654907,50151,0.0,0.0
2023-10-23 00:00:00+03:00,0.7820000052452087,0.7979999780654907,0.7639999985694885,0.7639999985694885,69245,0.0,0.0
2023-10-24 00:00:00+03:00,0.7799999713897705,0.7820000052452087,0.7639999985694885,0.7699999809265137,30249,0.0,0.0
2023-10-25 00:00:00+03:00,0.777999997138977,0.777999997138977,0.7480000257492065,0.7699999809265137,46208,0.0,0.0
2023-10-26 00:00:00+03:00,0.75,0.7739999890327454,0.7440000176429749,0.7739999890327454,61778,0.0,0.0
2023-10-27 00:00:00+03:00,0.7540000081062317,0.7620000243186951,0.7400000095367432,0.7580000162124634,50908,0.0,0.0
2023-10-30 00:00:00+02:00,0.7639999985694885,0.7639999985694885,0.7419999837875366,0.7599999904632568,7894,0.0,0.0
2023-10-31 00:00:00+02:00,0.7639999985694885,0.7900000214576721,0.75,0.7699999809265137,41106,0.0,0.0
2023-11-01 00:00:00+02:00,0.7900000214576721,0.7900000214576721,0.7519999742507935,0.7799999713897705,45112,0.0,0.0
2023-11-02 00:00:00+02:00,0.7900000214576721,0.8560000061988831,0.7799999713897705,0.8500000238418579,69710,0.0,0.0
2023-11-03 00:00:00+02:00,0.8500000238418579,0.8679999709129333,0.8339999914169312,0.8679999709129333,46154,0.0,0.0
2023-11-06 00:00:00+02:00,0.8679999709129333,0.8939999938011169,0.8579999804496765,0.8899999856948853,30706,0.0,0.0
2023-11-07 00:00:00+02:00,0.8899999856948853,0.9139999747276306,0.871999979019165,0.9020000100135803,32779,0.0,0.0
2023-11-08 00:00:00+02:00,0.9020000100135803,0.9020000100135803,0.8399999737739563,0.8799999952316284,42237,0.0,0.0
2023-11-09 00:00:00+02:00,0.8799999952316284,0.9440000057220459,0.8560000061988831,0.9279999732971191,23042,0.0,0.0
2023-11-10 00:00:00+02:00,0.9100000262260437,0.9300000071525574,0.9100000262260437,0.9300000071525574,9410,0.0,0.0
2023-11-13 00:00:00+02:00,0.9399999976158142,0.9399999976158142,0.9079999923706055,0.9259999990463257,9653,0.0,0.0
