Date,Open,High,Low,Close,Volume,Dividends,Stock Splits
2022-11-10 00:00:00+02:00,0.3804999887943268,0.3894999921321869,0.3790000081062317,0.3799999952316284,49955,0.0,0.0
2022-11-11 00:00:00+02:00,0.3799999952316284,0.3894999921321869,0.3799999952316284,0.3840000033378601,26519,0.0,0.0
2022-11-14 00:00:00+02:00,0.38449999690055847,0.3894999921321869,0.3799999952316284,0.38850000500679016,159982,0.0,0.0
2022-11-15 00:00:00+02:00,0.3889999985694885,0.3889999985694885,0.3790000081062317,0.3799999952316284,139358,0.0,0.0
2022-11-16 00:00:00+02:00,0.38449999690055847,0.38449999690055847,0.3700000047683716,0.3785000145435333,71399,0.0,0.0
2022-11-17 00:00:00+02:00,0.3799999952316284,0.3880000114440918,0.3785000145435333,0.38100001215934753,15969,0.0,0.0
2022-11-18 00:00:00+02:00,0.38499999046325684,0.3880000114440918,0.3799999952316284,0.3799999952316284,52133,0.0,0.0
2022-11-21 00:00:00+02:00,0.3799999952316284,0.3804999887943268,0.3700000047683716,0.3700000047683716,8578,0.0,0.0
2022-11-22 00:00:00+02:00,0.3799999952316284,0.3869999945163727,0.37299999594688416,0.3785000145435333,25763,0.0,0.0
2022-11-23 00:00:00+02:00,0.3865000009536743,0.3865000009536743,0.375,0.3799999952316284,35403,0.0,0.0
2022-11-24 00:00:00+02:00,0.3799999952316284,0.38199999928474426,0.3725000023841858,0.3785000145435333,18412,0.0,0.0
2022-11-25 00:00:00+02:00,0.3790000081062317,0.3790000081062317,0.3720000088214874,0.3790000081062317,8228,0.0,0.0
2022-11-28 00:00:00+02:00,0.3790000081062317,0.3889999985694885,0.37400001287460327,0.38600000739097595,17307,0.0,0.0
2022-11-29 00:00:00+02:00,0.38600000739097595,0.38600000739097595,0.375,0.3799999952316284,8646,0.0,0.0
2022-11-30 00:00:00+02:00,0.3774999976158142,0.38350000977516174,0.3774999976158142,0.3785000145435333,25954,0.0,0.0
2022-12-01 00:00:00+02:00,0.3790000081062317,0.3799999952316284,0.37299999594688416,0.37450000643730164,21407,0.0,0.0
2022-12-02 00:00:00+02:00,0.37599998712539673,0.3799999952316284,0.37299999594688416,0.37549999356269836,24387,0.0,0.0
2022-12-05 00:00:00+02:00,0.37549999356269836,0.37950000166893005,0.3700000047683716,0.3725000023841858,117293,0.0,0.0
2022-12-07 00:00:00+02:00,0.3725000023841858,0.3799999952316284,0.36800000071525574,0.37549999356269836,66584,0.0,0.0
2022-12-08 00:00:00+02:00,0.3799999952316284,0.38999998569488525,0.3799999952316284,0.38100001215934753,205765,0.0,0.0
2022-12-09 00:00:00+02:00,0.3855000138282776,0.38999998569488525,0.3799999952316284,0.38600000739097595,66599,0.0,0.0
2022-12-12 00:00:00+02:00,0.3894999921321869,0.3894999921321869,0.3720000088214874,0.3855000138282776,200421,0.0,0.0
2022-12-13 00:00:00+02:00,0.38499999046325684,0.38749998807907104,0.37299999594688416,0.3799999952316284,34308,0.0,0.0
2022-12-14 00:00:00+02:00,0.3799999952316284,0.3799999952316284,0.3619999885559082,0.3619999885559082,74717,0.0,0.0
2022-12-15 00:00:00+02:00,0.3790000081062317,0.3790000081062317,0.3630000054836273,0.3765000104904175,32070,0.0,0.0
2022-12-16 00:00:00+02:00,0.3799999952316284,0.3799999952316284,0.36500000953674316,0.36800000071525574,154864,0.0,0.0
2022-12-19 00:00:00+02:00,0.36800000071525574,0.36800000071525574,0.36500000953674316,0.36800000071525574,20051,0.0,0.0
2022-12-20 00:00:00+02:00,0.36500000953674316,0.3785000145435333,0.36500000953674316,0.3785000145435333,47822,0.0,0.0
2022-12-21 00:00:00+02:00,0.3785000145435333,0.3785000145435333,0.36500000953674316,0.3695000112056732,119565,0.0,0.0
2022-12-22 00:00:00+02:00,0.3695000112056732,0.3785000145435333,0.3695000112056732,0.3779999911785126,23018,0.0,0.0
2022-12-23 00:00:00+02:00,0.3779999911785126,0.3790000081062317,0.36649999022483826,0.3785000145435333,49659,0.0,0.0
2022-12-27 00:00:00+02:00,0.3785000145435333,0.3785000145435333,0.36800000071525574,0.37700000405311584,47761,0.0,0.0
2022-12-28 00:00:00+02:00,0.37700000405311584,0.3799999952316284,0.36800000071525574,0.37049999833106995,156409,0.0,0.0
2022-12-29 00:00:00+02:00,0.37049999833106995,0.37299999594688416,0.36250001192092896,0.36250001192092896,86156,0.0,0.0
2022-12-30 00:00:00+02:00,0.36250001192092896,0.36500000953674316,0.3619999885559082,0.3630000054836273,302996,0.0,0.0
2023-01-02 00:00:00+02:00,0.36500000953674316,0.3785000145435333,0.3630000054836273,0.3700000047683716,25776,0.0,0.0
2023-01-03 00:00:00+02:00,0.37950000166893005,0.37950000166893005,0.37049999833106995,0.3779999911785126,40874,0.0,0.0
2023-01-04 00:00:00+02:00,0.37950000166893005,0.37950000166893005,0.3695000112056732,0.375,115906,0.0,0.0
2023-01-05 00:00:00+02:00,0.3790000081062317,0.3790000081062317,0.3700000047683716,0.3790000081062317,77095,0.0,0.0
2023-01-09 00:00:00+02:00,0.37950000166893005,0.3799999952316284,0.3790000081062317,0.3790000081062317,171303,0.0,0.0
2023-01-10 00:00:00+02:00,0.3799999952316284,0.38100001215934753,0.3790000081062317,0.3799999952316284,27307,0.0,0.0
2023-01-11 00:00:00+02:00,0.3799999952316284,0.3824999928474426,0.3774999976158142,0.3799999952316284,68042,0.0,0.0
2023-01-12 00:00:00+02:00,0.3824999928474426,0.3824999928474426,0.3790000081062317,0.3790000081062317,36907,0.0,0.0
2023-01-13 00:00:00+02:00,0.3799999952316284,0.3799999952316284,0.3790000081062317,0.37950000166893005,41675,0.0,0.0
2023-01-16 00:00:00+02:00,0.3799999952316284,0.3799999952316284,0.3659999966621399,0.3790000081062317,37341,0.0,0.0
2023-01-17 00:00:00+02:00,0.37950000166893005,0.3824999928474426,0.3774999976158142,0.37950000166893005,33624,0.0,0.0
2023-01-18 00:00:00+02:00,0.37950000166893005,0.37950000166893005,0.37400001287460327,0.37549999356269836,39875,0.0,0.0
2023-01-19 00:00:00+02:00,0.37950000166893005,0.37950000166893005,0.3709999918937683,0.37450000643730164,18940,0.0,0.0
2023-01-20 00:00:00+02:00,0.375,0.3790000081062317,0.37049999833106995,0.37599998712539673,36558,0.0,0.0
2023-01-23 00:00:00+02:00,0.37599998712539673,0.37599998712539673,0.3725000023841858,0.37599998712539673,57739,0.0,0.0
2023-01-24 00:00:00+02:00,0.37950000166893005,0.37950000166893005,0.37400001287460327,0.3779999911785126,44259,0.0,0.0
2023-01-25 00:00:00+02:00,0.3785000145435333,0.3790000081062317,0.37299999594688416,0.37299999594688416,25710,0.0,0.0
2023-01-26 00:00:00+02:00,0.37299999594688416,0.37950000166893005,0.3725000023841858,0.375,19530,0.0,0.0
2023-01-27 00:00:00+02:00,0.375,0.37950000166893005,0.37299999594688416,0.3785000145435333,33199,0.0,0.0
2023-01-30 00:00:00+02:00,0.3790000081062317,0.3799999952316284,0.3720000088214874,0.3785000145435333,97086,0.0,0.0
2023-01-31 00:00:00+02:00,0.3785000145435333,0.37950000166893005,0.3700000047683716,0.3785000145435333,76426,0.0,0.0
2023-02-01 00:00:00+02:00,0.37700000405311584,0.37950000166893005,0.3720000088214874,0.37450000643730164,14212,0.0,0.0
2023-02-02 00:00:00+02:00,0.37950000166893005,0.37950000166893005,0.37400001287460327,0.3790000081062317,45023,0.0,0.0
2023-02-03 00:00:00+02:00,0.3799999952316284,0.3824999928474426,0.3765000104904175,0.3799999952316284,90554,0.0,0.0
2023-02-06 00:00:00+02:00,0.3824999928474426,0.38350000977516174,0.37400001287460327,0.38199999928474426,99206,0.0,0.0
2023-02-07 00:00:00+02:00,0.38199999928474426,0.382999986410141,0.3790000081062317,0.3790000081062317,88271,0.0,0.0
2023-02-08 00:00:00+02:00,0.3815000057220459,0.38999998569488525,0.3790000081062317,0.38449999690055847,74804,0.0,0.0
2023-02-09 00:00:00+02:00,0.3889999985694885,0.38999998569488525,0.37700000405311584,0.3894999921321869,173671,0.0,0.0
2023-02-10 00:00:00+02:00,0.38999998569488525,0.38999998569488525,0.37400001287460327,0.3840000033378601,110265,0.0,0.0
2023-02-13 00:00:00+02:00,0.37400001287460327,0.3894999921321869,0.37400001287460327,0.3799999952316284,117078,0.0,0.0
2023-02-14 00:00:00+02:00,0.38749998807907104,0.38749998807907104,0.3785000145435333,0.38449999690055847,87821,0.0,0.0
2023-02-15 00:00:00+02:00,0.38749998807907104,0.38749998807907104,0.3779999911785126,0.3824999928474426,139807,0.0,0.0
2023-02-16 00:00:00+02:00,0.38350000977516174,0.38350000977516174,0.3720000088214874,0.382999986410141,92381,0.0,0.0
2023-02-17 00:00:00+02:00,0.3824999928474426,0.3824999928474426,0.3700000047683716,0.3709999918937683,69418,0.0,0.0
2023-02-20 00:00:00+02:00,0.37049999833106995,0.3709999918937683,0.3610000014305115,0.3619999885559082,82529,0.0,0.0
2023-02-21 00:00:00+02:00,0.36500000953674316,0.3695000112056732,0.351500004529953,0.36000001430511475,102421,0.0,0.0
2023-02-22 00:00:00+02:00,0.36000001430511475,0.3695000112056732,0.3529999852180481,0.3619999885559082,32055,0.0,0.0
2023-02-23 00:00:00+02:00,0.35899999737739563,0.36000001430511475,0.351500004529953,0.35499998927116394,50915,0.0,0.0
2023-02-24 00:00:00+02:00,0.35499998927116394,0.3644999861717224,0.35499998927116394,0.36000001430511475,80546,0.0,0.0
2023-02-27 00:00:00+02:00,0.36000001430511475,0.3619999885559082,0.3544999957084656,0.3619999885559082,47522,0.0,0.0
2023-02-28 00:00:00+02:00,0.3619999885559082,0.36399999260902405,0.3544999957084656,0.35499998927116394,40642,0.0,0.0
2023-03-01 00:00:00+02:00,0.35499998927116394,0.359499990940094,0.35499998927116394,0.35749998688697815,14397,0.0,0.0
2023-03-02 00:00:00+02:00,0.35749998688697815,0.36250001192092896,0.3544999957084656,0.35499998927116394,33180,0.0,0.0
2023-03-03 00:00:00+02:00,0.35499998927116394,0.3695000112056732,0.35499998927116394,0.36000001430511475,108000,0.0,0.0
2023-03-06 00:00:00+02:00,0.36000001430511475,0.36000001430511475,0.3544999957084656,0.35499998927116394,95672,0.0,0.0
2023-03-07 00:00:00+02:00,0.36000001430511475,0.36399999260902405,0.35600000619888306,0.35600000619888306,20627,0.0,0.0
2023-03-08 00:00:00+02:00,0.36399999260902405,0.36399999260902405,0.3540000021457672,0.35600000619888306,16079,0.0,0.0
2023-03-09 00:00:00+02:00,0.35199999809265137,0.359499990940094,0.35199999809265137,0.35499998927116394,7552,0.0,0.0
2023-03-10 00:00:00+02:00,0.35499998927116394,0.35499998927116394,0.33899998664855957,0.34700000286102295,66954,0.0,0.0
2023-03-13 00:00:00+02:00,0.33000001311302185,0.3449999988079071,0.328000009059906,0.3400000035762787,104320,0.0,0.0
2023-03-14 00:00:00+02:00,0.3400000035762787,0.3499999940395355,0.3345000147819519,0.3345000147819519,16393,0.0,0.0
2023-03-15 00:00:00+02:00,0.3319999873638153,0.3384999930858612,0.31949999928474426,0.31949999928474426,56180,0.0,0.0
2023-03-16 00:00:00+02:00,0.3199999928474426,0.3375000059604645,0.3100000023841858,0.31200000643730164,47616,0.0,0.0
2023-03-17 00:00:00+02:00,0.3154999911785126,0.3375000059604645,0.3154999911785126,0.3215000033378601,58993,0.0,0.0
2023-03-20 00:00:00+02:00,0.3199999928474426,0.33799999952316284,0.3050000071525574,0.3149999976158142,25121,0.0,0.0
2023-03-21 00:00:00+02:00,0.3149999976158142,0.35899999737739563,0.3149999976158142,0.34049999713897705,145908,0.0,0.0
2023-03-22 00:00:00+02:00,0.3449999988079071,0.359499990940094,0.3345000147819519,0.3529999852180481,125122,0.0,0.0
2023-03-23 00:00:00+02:00,0.33799999952316284,0.3499999940395355,0.33799999952316284,0.34950000047683716,9519,0.0,0.0
2023-03-24 00:00:00+02:00,0.34950000047683716,0.34950000047683716,0.33799999952316284,0.34950000047683716,38382,0.0,0.0
2023-03-27 00:00:00+03:00,0.34950000047683716,0.34950000047683716,0.3395000100135803,0.3400000035762787,21462,0.0,0.0
2023-03-28 00:00:00+03:00,0.3465000092983246,0.3490000069141388,0.33899998664855957,0.3449999988079071,22379,0.0,0.0
2023-03-29 00:00:00+03:00,0.34950000047683716,0.34950000047683716,0.3400000035762787,0.34950000047683716,11298,0.0,0.0
2023-03-30 00:00:00+03:00,0.3499999940395355,0.3499999940395355,0.3400000035762787,0.3490000069141388,49819,0.0,0.0
2023-03-31 00:00:00+03:00,0.3490000069141388,0.3499999940395355,0.3400000035762787,0.34049999713897705,27013,0.0,0.0
2023-04-03 00:00:00+03:00,0.34049999713897705,0.3499999940395355,0.33250001072883606,0.3375000059604645,35295,0.0,0.0
2023-04-04 00:00:00+03:00,0.3375000059604645,0.3499999940395355,0.3375000059604645,0.34049999713897705,54622,0.0,0.0
2023-04-05 00:00:00+03:00,0.3449999988079071,0.3449999988079071,0.33500000834465027,0.33500000834465027,27082,0.0,0.0
2023-04-06 00:00:00+03:00,0.33500000834465027,0.3504999876022339,0.33500000834465027,0.33550000190734863,36647,0.0,0.0
2023-04-11 00:00:00+03:00,0.3400000035762787,0.35499998927116394,0.3400000035762787,0.3499999940395355,20416,0.0,0.0
2023-04-12 00:00:00+03:00,0.34299999475479126,0.3499999940395355,0.3400000035762787,0.34599998593330383,75053,0.0,0.0
2023-04-13 00:00:00+03:00,0.34599998593330383,0.34599998593330383,0.335999995470047,0.34049999713897705,40760,0.0,0.0
2023-04-14 00:00:00+03:00,0.34549999237060547,0.3499999940395355,0.3400000035762787,0.34950000047683716,27641,0.0,0.0
2023-04-17 00:00:00+03:00,0.3490000069141388,0.3490000069141388,0.3384999930858612,0.34549999237060547,25542,0.0,0.0
2023-04-18 00:00:00+03:00,0.34549999237060547,0.34549999237060547,0.33550000190734863,0.3449999988079071,37808,0.0,0.0
2023-04-19 00:00:00+03:00,0.3449999988079071,0.34950000047683716,0.3384999930858612,0.3434999883174896,14212,0.0,0.0
2023-04-20 00:00:00+03:00,0.3434999883174896,0.3434999883174896,0.33250001072883606,0.3370000123977661,9751,0.0,0.0
2023-04-21 00:00:00+03:00,0.3370000123977661,0.3434999883174896,0.32499998807907104,0.32499998807907104,44674,0.0,0.0
2023-04-24 00:00:00+03:00,0.33500000834465027,0.3449999988079071,0.32749998569488525,0.3310000002384186,59229,0.0,0.0
2023-04-25 00:00:00+03:00,0.3310000002384186,0.34150001406669617,0.3310000002384186,0.3395000100135803,22017,0.0,0.0
2023-04-26 00:00:00+03:00,0.3400000035762787,0.3409999907016754,0.3310000002384186,0.33500000834465027,22438,0.0,0.0
2023-04-27 00:00:00+03:00,0.33399999141693115,0.3400000035762787,0.32499998807907104,0.3255000114440918,25097,0.0,0.0
2023-04-28 00:00:00+03:00,0.3255000114440918,0.33000001311302185,0.31850001215934753,0.31850001215934753,48966,0.0,0.0
2023-05-02 00:00:00+03:00,0.3190000057220459,0.33250001072883606,0.3149999976158142,0.33000001311302185,53569,0.0,0.0
2023-05-03 00:00:00+03:00,0.33000001311302185,0.33000001311302185,0.3199999928474426,0.32749998569488525,9691,0.0,0.0
2023-05-04 00:00:00+03:00,0.328000009059906,0.33000001311302185,0.3160000145435333,0.3244999945163727,24778,0.0,0.0
2023-05-05 00:00:00+03:00,0.320499986410141,0.33500000834465027,0.3199999928474426,0.32249999046325684,33033,0.0,0.0
2023-05-08 00:00:00+03:00,0.3255000114440918,0.32749998569488525,0.3179999887943268,0.3264999985694885,20684,0.0,0.0
2023-05-09 00:00:00+03:00,0.328000009059906,0.33500000834465027,0.3199999928474426,0.328000009059906,18066,0.0,0.0
2023-05-10 00:00:00+03:00,0.32899999618530273,0.3319999873638153,0.3149999976158142,0.31949999928474426,127150,0.0,0.0
2023-05-11 00:00:00+03:00,0.3199999928474426,0.3375000059604645,0.3199999928474426,0.33500000834465027,127545,0.0,0.0
2023-05-12 00:00:00+03:00,0.3345000147819519,0.33799999952316284,0.32249999046325684,0.33500000834465027,53000,0.0,0.0
2023-05-15 00:00:00+03:00,0.33500000834465027,0.33500000834465027,0.32199999690055847,0.33000001311302185,5801,0.0,0.0
2023-05-16 00:00:00+03:00,0.3230000138282776,0.3449999988079071,0.3230000138282776,0.3305000066757202,11655,0.0,0.0
2023-05-17 00:00:00+03:00,0.3305000066757202,0.3310000002384186,0.3255000114440918,0.32600000500679016,2480,0.0,0.0
2023-05-19 00:00:00+03:00,0.32899999618530273,0.3395000100135803,0.32249999046325684,0.33000001311302185,5810,0.0,0.0
2023-05-22 00:00:00+03:00,0.33000001311302185,0.33000001311302185,0.31850001215934753,0.33000001311302185,34437,0.0,0.0
2023-05-23 00:00:00+03:00,0.33000001311302185,0.3400000035762787,0.3215000033378601,0.3215000033378601,10527,0.0,0.0
2023-05-24 00:00:00+03:00,0.3215000033378601,0.3294999897480011,0.3179999887943268,0.32899999618530273,69714,0.0,0.0
2023-05-25 00:00:00+03:00,0.32899999618530273,0.33799999952316284,0.3174999952316284,0.3334999978542328,93271,0.0,0.0
2023-05-26 00:00:00+03:00,0.33000001311302185,0.33000001311302185,0.3199999928474426,0.32199999690055847,31157,0.0,0.0
2023-05-29 00:00:00+03:00,0.3269999921321869,0.33149999380111694,0.3199999928474426,0.32499998807907104,11617,0.0,0.0
2023-05-30 00:00:00+03:00,0.32199999690055847,0.33149999380111694,0.32199999690055847,0.33149999380111694,14927,0.0,0.0
2023-05-31 00:00:00+03:00,0.33149999380111694,0.33149999380111694,0.3199999928474426,0.3240000009536743,31843,0.0,0.0
2023-06-01 00:00:00+03:00,0.3240000009536743,0.37599998712539673,0.3240000009536743,0.37599998712539673,212562,0.0,0.0
2023-06-02 00:00:00+03:00,0.37599998712539673,0.4099999964237213,0.35350000858306885,0.4090000092983246,445551,0.0,0.0
2023-06-05 00:00:00+03:00,0.4090000092983246,0.4090000092983246,0.38100001215934753,0.3894999921321869,171506,0.0,0.0
2023-06-06 00:00:00+03:00,0.3894999921321869,0.3894999921321869,0.3799999952316284,0.38100001215934753,13638,0.0,0.0
2023-06-07 00:00:00+03:00,0.38850000500679016,0.3959999978542328,0.3799999952316284,0.382999986410141,25885,0.0,0.0
2023-06-08 00:00:00+03:00,0.382999986410141,0.3955000042915344,0.36550000309944153,0.37700000405311584,44766,0.0,0.0
2023-06-09 00:00:00+03:00,0.37700000405311584,0.37700000405311584,0.36500000953674316,0.3700000047683716,31706,0.0,0.0
2023-06-12 00:00:00+03:00,0.3700000047683716,0.38999998569488525,0.367000013589859,0.3799999952316284,19232,0.0,0.0
2023-06-13 00:00:00+03:00,0.38999998569488525,0.38999998569488525,0.3799999952316284,0.3889999985694885,61481,0.0,0.0
2023-06-14 00:00:00+03:00,0.38999998569488525,0.3944999873638153,0.3799999952316284,0.38999998569488525,81139,0.0,0.0
2023-06-15 00:00:00+03:00,0.38999998569488525,0.3944999873638153,0.3700000047683716,0.39250001311302185,40574,0.0,0.0
2023-06-16 00:00:00+03:00,0.3919999897480011,0.3919999897480011,0.3675000071525574,0.3894999921321869,12535,0.0,0.0
2023-06-20 00:00:00+03:00,0.398499995470047,0.398499995470047,0.37049999833106995,0.3889999985694885,14826,0.0,0.0
2023-06-21 00:00:00+03:00,0.3799999952316284,0.3889999985694885,0.36000001430511475,0.3714999854564667,29135,0.0,0.0
2023-06-22 00:00:00+03:00,0.3714999854564667,0.3889999985694885,0.3709999918937683,0.38850000500679016,10976,0.0,0.0
2023-06-26 00:00:00+03:00,0.3889999985694885,0.3889999985694885,0.3610000014305115,0.3889999985694885,14443,0.0,0.0
2023-06-27 00:00:00+03:00,0.3889999985694885,0.3889999985694885,0.3695000112056732,0.3695000112056732,18920,0.0,0.0
2023-06-28 00:00:00+03:00,0.3695000112056732,0.38749998807907104,0.36500000953674316,0.3799999952316284,8199,0.0,0.0
2023-06-29 00:00:00+03:00,0.3799999952316284,0.3804999887943268,0.37950000166893005,0.3799999952316284,776,0.0,0.0
2023-06-30 00:00:00+03:00,0.3799999952316284,0.3799999952316284,0.37049999833106995,0.37950000166893005,7914,0.0,0.0
2023-07-03 00:00:00+03:00,0.37950000166893005,0.38850000500679016,0.375,0.3880000114440918,13533,0.0,0.0
2023-07-04 00:00:00+03:00,0.3889999985694885,0.3889999985694885,0.3799999952316284,0.3889999985694885,46280,0.0,0.0
2023-07-05 00:00:00+03:00,0.3889999985694885,0.398499995470047,0.3785000145435333,0.3930000066757202,33828,0.0,0.0
2023-07-06 00:00:00+03:00,0.39500001072883606,0.39500001072883606,0.3824999928474426,0.39399999380111694,5972,0.0,0.0
2023-07-07 00:00:00+03:00,0.39500001072883606,0.39500001072883606,0.38350000977516174,0.38999998569488525,8239,0.0,0.0
2023-07-10 00:00:00+03:00,0.38999998569488525,0.38999998569488525,0.3779999911785126,0.38749998807907104,34977,0.0,0.0
2023-07-12 00:00:00+03:00,0.3935000002384186,0.39800000190734863,0.38999998569488525,0.38999998569488525,23000,0.0,0.0
2023-07-13 00:00:00+03:00,0.38999998569488525,0.38999998569488525,0.3709999918937683,0.3869999945163727,54142,0.0,0.0
2023-07-14 00:00:00+03:00,0.3790000081062317,0.38749998807907104,0.3700000047683716,0.38199999928474426,18354,0.0,0.0
2023-07-17 00:00:00+03:00,0.38499999046325684,0.38600000739097595,0.3700000047683716,0.3734999895095825,14375,0.0,0.0
2023-07-18 00:00:00+03:00,0.3840000033378601,0.3840000033378601,0.3700000047683716,0.375,9464,0.0,0.0
2023-07-19 00:00:00+03:00,0.37549999356269836,0.37599998712539673,0.36000001430511475,0.3695000112056732,25720,0.0,0.0
2023-07-20 00:00:00+03:00,0.3695000112056732,0.3700000047683716,0.36000001430511475,0.3700000047683716,10927,0.0,0.0
2023-07-21 00:00:00+03:00,0.3840000033378601,0.3840000033378601,0.3619999885559082,0.3630000054836273,12317,0.0,0.0
2023-07-24 00:00:00+03:00,0.3630000054836273,0.38199999928474426,0.3630000054836273,0.37400001287460327,17428,0.0,0.0
2023-07-25 00:00:00+03:00,0.3700000047683716,0.3799999952316284,0.36399999260902405,0.37049999833106995,5293,0.0,0.0
2023-07-26 00:00:00+03:00,0.37700000405311584,0.3840000033378601,0.367000013589859,0.37450000643730164,43640,0.0,0.0
2023-07-27 00:00:00+03:00,0.38499999046325684,0.38499999046325684,0.37450000643730164,0.3774999976158142,22133,0.0,0.0
2023-07-28 00:00:00+03:00,0.3779999911785126,0.38199999928474426,0.375,0.375,13220,0.0,0.0
2023-07-31 00:00:00+03:00,0.38199999928474426,0.38199999928474426,0.3684999942779541,0.37450000643730164,35546,0.0,0.0
2023-08-01 00:00:00+03:00,0.37450000643730164,0.38100001215934753,0.36800000071525574,0.36800000071525574,8229,0.0,0.0
2023-08-02 00:00:00+03:00,0.36800000071525574,0.3799999952316284,0.36000001430511475,0.3720000088214874,14868,0.0,0.0
2023-08-03 00:00:00+03:00,0.38199999928474426,0.38199999928474426,0.3610000014305115,0.3610000014305115,10545,0.0,0.0
2023-08-04 00:00:00+03:00,0.3785000145435333,0.3799999952316284,0.36250001192092896,0.3774999976158142,21342,0.0,0.0
2023-08-07 00:00:00+03:00,0.3779999911785126,0.3799999952316284,0.37299999594688416,0.37299999594688416,15854,0.0,0.0
2023-08-08 00:00:00+03:00,0.3790000081062317,0.3799999952316284,0.3725000023841858,0.375,63463,0.0,0.0
2023-08-09 00:00:00+03:00,0.3734999895095825,0.37549999356269836,0.3700000047683716,0.37049999833106995,44551,0.0,0.0
2023-08-10 00:00:00+03:00,0.37049999833106995,0.37450000643730164,0.3700000047683716,0.37450000643730164,12058,0.0,0.0
2023-08-11 00:00:00+03:00,0.3714999854564667,0.375,0.37049999833106995,0.37049999833106995,83714,0.0,0.0
2023-08-14 00:00:00+03:00,0.375,0.375,0.3700000047683716,0.3725000023841858,62327,0.0,0.0
2023-08-15 00:00:00+03:00,0.3700000047683716,0.37299999594688416,0.36500000953674316,0.36899998784065247,3891,0.0,0.0
2023-08-16 00:00:00+03:00,0.3700000047683716,0.3700000047683716,0.3610000014305115,0.36899998784065247,5701,0.0,0.0
2023-08-17 00:00:00+03:00,0.3700000047683716,0.3700000047683716,0.3215000033378601,0.35600000619888306,83833,0.0,0.0
2023-08-18 00:00:00+03:00,0.36149999499320984,0.3700000047683716,0.36000001430511475,0.3695000112056732,64822,0.0,0.0
2023-08-21 00:00:00+03:00,0.3700000047683716,0.3700000047683716,0.35899999737739563,0.36550000309944153,41092,0.0,0.0
2023-08-22 00:00:00+03:00,0.3700000047683716,0.3700000047683716,0.36550000309944153,0.3675000071525574,30638,0.0,0.0
2023-08-23 00:00:00+03:00,0.35850000381469727,0.3659999966621399,0.35100001096725464,0.36550000309944153,22228,0.0,0.0
2023-08-24 00:00:00+03:00,0.36149999499320984,0.36149999499320984,0.35499998927116394,0.35499998927116394,19397,0.0,0.0
2023-08-25 00:00:00+03:00,0.35499998927116394,0.3644999861717224,0.34599998593330383,0.3580000102519989,50790,0.0,0.0
2023-08-28 00:00:00+03:00,0.3700000047683716,0.3700000047683716,0.3580000102519989,0.36000001430511475,31647,0.0,0.0
2023-08-29 00:00:00+03:00,0.3675000071525574,0.3675000071525574,0.36000001430511475,0.36000001430511475,6292,0.0,0.0
2023-08-30 00:00:00+03:00,0.36000001430511475,0.367000013589859,0.35499998927116394,0.35499998927116394,17508,0.0,0.0
2023-08-31 00:00:00+03:00,0.367000013589859,0.36899998784065247,0.35600000619888306,0.3675000071525574,17046,0.0,0.0
2023-09-01 00:00:00+03:00,0.36899998784065247,0.36899998784065247,0.36000001430511475,0.36500000953674316,18591,0.0,0.0
2023-09-04 00:00:00+03:00,0.36500000953674316,0.3700000047683716,0.36500000953674316,0.36899998784065247,9329,0.0,0.0
2023-09-05 00:00:00+03:00,0.36899998784065247,0.3700000047683716,0.35499998927116394,0.35499998927116394,27647,0.0,0.0
2023-09-06 00:00:00+03:00,0.36149999499320984,0.3619999885559082,0.36000001430511475,0.36149999499320984,23176,0.0,0.0
2023-09-07 00:00:00+03:00,0.3619999885559082,0.3619999885559082,0.35199999809265137,0.35249999165534973,19902,0.0,0.0
2023-09-08 00:00:00+03:00,0.36000001430511475,0.36000001430511475,0.3529999852180481,0.35600000619888306,28826,0.0,0.0
2023-09-11 00:00:00+03:00,0.35600000619888306,0.3569999933242798,0.3499999940395355,0.3555000126361847,13775,0.0,0.0
2023-09-12 00:00:00+03:00,0.3555000126361847,0.36000001430511475,0.3499999940395355,0.3499999940395355,49802,0.0,0.0
2023-09-13 00:00:00+03:00,0.3499999940395355,0.3555000126361847,0.3425000011920929,0.3465000092983246,18834,0.0,0.0
2023-09-15 00:00:00+03:00,0.3499999940395355,0.3580000102519989,0.3449999988079071,0.3499999940395355,19813,0.0,0.0
2023-09-18 00:00:00+03:00,0.36000001430511475,0.36899998784065247,0.34549999237060547,0.34599998593330383,11841,0.0,0.0
2023-09-19 00:00:00+03:00,0.3499999940395355,0.35899999737739563,0.3490000069141388,0.3499999940395355,31479,0.0,0.0
2023-09-20 00:00:00+03:00,0.36000001430511475,0.36000001430511475,0.34450000524520874,0.35850000381469727,20878,0.0,0.0
2023-09-21 00:00:00+03:00,0.36000001430511475,0.3634999990463257,0.34450000524520874,0.3544999957084656,31240,0.0,0.0
2023-09-22 00:00:00+03:00,0.3544999957084656,0.35600000619888306,0.3449999988079071,0.34700000286102295,8827,0.0,0.0
2023-09-25 00:00:00+03:00,0.34700000286102295,0.3580000102519989,0.34450000524520874,0.34450000524520874,23245,0.0,0.0
2023-09-26 00:00:00+03:00,0.34450000524520874,0.34549999237060547,0.34450000524520874,0.3449999988079071,10344,0.0,0.0
2023-09-27 00:00:00+03:00,0.34549999237060547,0.34549999237060547,0.34450000524520874,0.3449999988079071,5573,0.0,0.0
2023-09-28 00:00:00+03:00,0.3449999988079071,0.3449999988079071,0.320499986410141,0.33250001072883606,25398,0.0,0.0
2023-09-29 00:00:00+03:00,0.33250001072883606,0.34700000286102295,0.33250001072883606,0.3449999988079071,363800,0.0,0.0
2023-10-02 00:00:00+03:00,0.3449999988079071,0.3449999988079071,0.33000001311302185,0.33500000834465027,18226,0.0,0.0
2023-10-03 00:00:00+03:00,0.33550000190734863,0.3449999988079071,0.3199999928474426,0.3305000066757202,23157,0.0,0.0
2023-10-04 00:00:00+03:00,0.33000001311302185,0.3499999940395355,0.3199999928474426,0.3440000116825104,95515,0.0,0.0
2023-10-05 00:00:00+03:00,0.3434999883174896,0.3434999883174896,0.3160000145435333,0.3330000042915344,39344,0.0,0.0
2023-10-06 00:00:00+03:00,0.31850001215934753,0.3334999978542328,0.31850001215934753,0.3215000033378601,64041,0.0,0.0
2023-10-10 00:00:00+03:00,0.3199999928474426,0.33000001311302185,0.3100000023841858,0.3165000081062317,16139,0.0,0.0
2023-10-11 00:00:00+03:00,0.3165000081062317,0.328000009059906,0.31049999594688416,0.3109999895095825,34132,0.0,0.0
2023-10-12 00:00:00+03:00,0.31200000643730164,0.32600000500679016,0.3050000071525574,0.3050000071525574,36843,0.0,0.0
2023-10-13 00:00:00+03:00,0.3050000071525574,0.3100000023841858,0.30250000953674316,0.3050000071525574,13368,0.0,0.0
2023-10-16 00:00:00+03:00,0.3100000023841858,0.3190000057220459,0.3059999942779541,0.3100000023841858,17928,0.0,0.0
2023-10-17 00:00:00+03:00,0.3095000088214874,0.31299999356269836,0.29499998688697815,0.3095000088214874,41822,0.0,0.0
2023-10-18 00:00:00+03:00,0.3095000088214874,0.3095000088214874,0.30000001192092896,0.30550000071525574,29378,0.0,0.0
2023-10-19 00:00:00+03:00,0.30300000309944153,0.30550000071525574,0.29249998927116394,0.29899999499320984,19220,0.0,0.0
2023-10-20 00:00:00+03:00,0.2994999885559082,0.2994999885559082,0.2930000126361847,0.2994999885559082,35192,0.0,0.0
2023-10-23 00:00:00+03:00,0.29899999499320984,0.2994999885559082,0.2824999988079071,0.2824999988079071,15075,0.0,0.0
2023-10-24 00:00:00+03:00,0.2849999964237213,0.2994999885559082,0.24699999392032623,0.2549999952316284,106450,0.0,0.0
2023-10-25 00:00:00+03:00,0.26750001311302185,0.2680000066757202,0.23000000417232513,0.24950000643730164,93491,0.0,0.0
2023-10-26 00:00:00+03:00,0.23999999463558197,0.24950000643730164,0.2045000046491623,0.21449999511241913,195851,0.0,0.0
2023-10-27 00:00:00+03:00,0.20999999344348907,0.23000000417232513,0.20999999344348907,0.2199999988079071,62363,0.0,0.0
2023-10-30 00:00:00+02:00,0.2280000001192093,0.2280000001192093,0.21400000154972076,0.21950000524520874,33486,0.0,0.0
2023-10-31 00:00:00+02:00,0.21400000154972076,0.22050000727176666,0.20900000631809235,0.20999999344348907,33760,0.0,0.0
2023-11-01 00:00:00+02:00,0.20999999344348907,0.20999999344348907,0.18700000643730164,0.1987999975681305,145172,0.0,0.0
2023-11-02 00:00:00+02:00,0.19900000095367432,0.19900000095367432,0.18359999358654022,0.18979999423027039,122173,0.0,0.0
2023-11-03 00:00:00+02:00,0.1899999976158142,0.19939999282360077,0.1842000037431717,0.18979999423027039,147460,0.0,0.0
2023-11-06 00:00:00+02:00,0.18979999423027039,0.1979999989271164,0.1860000044107437,0.18960000574588776,146800,0.0,0.0
2023-11-07 00:00:00+02:00,0.1979999989271164,0.1979999989271164,0.18960000574588776,0.19580000638961792,43327,0.0,0.0
2023-11-08 00:00:00+02:00,0.19580000638961792,0.19580000638961792,0.1850000023841858,0.19099999964237213,104409,0.0,0.0
2023-11-09 00:00:00+02:00,0.19099999964237213,0.19619999825954437,0.1907999962568283,0.1907999962568283,41989,0.0,0.0
2023-11-10 00:00:00+02:00,0.19099999964237213,0.19300000369548798,0.1860000044107437,0.18799999356269836,91065,0.0,0.0
2023-11-13 00:00:00+02:00,0.19460000097751617,0.19599999487400055,0.1881999969482422,0.19580000638961792,44688,0.0,0.0
