Date,Open,High,Low,Close,Volume,Dividends,Stock Splits
2021-02-19 00:00:00+02:00,10.60866842705377,10.82517186434058,9.006542660773336,9.257686614990234,771620,0.0,0.0
2021-02-22 00:00:00+02:00,9.439548974006694,9.611019646498065,9.354680001638146,9.52788257598877,163432,0.0,0.0
2021-02-23 00:00:00+02:00,9.569452053556555,9.569452053556555,9.103536565947971,9.275007247924805,100952,0.0,0.0
2021-02-24 00:00:00+02:00,9.309647524654155,9.524419053549664,9.27500700876101,9.481118202209473,34629,0.0,0.0
2021-02-25 00:00:00+02:00,9.482851001300395,9.482851001300395,9.26634755001091,9.323504447937012,38086,0.0,0.0
2021-02-26 00:00:00+02:00,9.223047028128923,9.30964874213475,9.093145283015335,9.266347885131836,23683,0.0,0.0
2021-03-01 00:00:00+02:00,9.266347657853087,9.352949369734805,9.223046801912227,9.309648513793945,15011,0.0,0.0
2021-03-02 00:00:00+02:00,9.309648972619607,9.309648972619607,9.223047256469727,9.223047256469727,16180,0.0,0.0
2021-03-03 00:00:00+02:00,9.22304569900112,9.266346549763972,9.136444823370448,9.1797456741333,16678,0.0,0.0
2021-03-04 00:00:00+02:00,9.179745607606733,9.179745607606733,8.876640480358434,9.006542205810547,69653,0.0,0.0
2021-03-05 00:00:00+02:00,9.006543010557547,9.006543010557547,8.746739536439524,8.876641273498535,16352,0.0,0.0
2021-03-08 00:00:00+02:00,8.833341464962533,8.833341464962533,8.573537134191094,8.703439712524414,46662,0.0,0.0
2021-03-09 00:00:00+02:00,8.660137391753363,9.049843409203252,8.608176204009014,8.963242530822754,29918,0.0,0.0
2021-03-10 00:00:00+02:00,8.963241961591942,9.049842834472656,8.963241961591942,9.049842834472656,16613,0.0,0.0
2021-03-11 00:00:00+02:00,9.093144416809082,9.179746122565295,9.006542711052871,9.093144416809082,7318,0.0,0.0
2021-03-12 00:00:00+02:00,9.17974538263624,9.223045406129094,9.006541985084795,9.049842834472656,6218,0.0,0.0
2021-03-15 00:00:00+02:00,9.09314426134103,9.136445113478809,8.919941678684975,8.963242530822754,20785,0.0,0.0
2021-03-16 00:00:00+02:00,8.963242982134611,9.006543010557547,8.876641273498535,8.876641273498535,6036,0.0,0.0
2021-03-17 00:00:00+02:00,8.963243442339346,8.963243442339346,8.790040016174316,8.790040016174316,6755,0.0,0.0
2021-03-18 00:00:00+02:00,8.790039789412228,8.876641500260625,8.746739759883152,8.833340644836426,12315,0.0,0.0
2021-03-19 00:00:00+02:00,8.833340872715574,8.87664172925683,8.746739985528203,8.790040016174316,8191,0.0,0.0
2021-03-22 00:00:00+02:00,8.876641500260625,8.876641500260625,8.746739759883152,8.833340644836426,9763,0.0,0.0
2021-03-23 00:00:00+02:00,8.833340727612722,8.833340727612722,8.64281745749795,8.660138130187988,40436,0.0,0.0
2021-03-24 00:00:00+02:00,8.660138130187988,8.746739841847921,8.660138130187988,8.660138130187988,9512,0.0,0.0
2021-03-25 00:00:00+02:00,8.660138272445689,8.790040016174316,8.625497752391713,8.790040016174316,28748,0.0,0.0
2021-03-26 00:00:00+02:00,8.746738754906323,9.006542205810547,8.746738754906323,9.006542205810547,12315,0.0,0.0
2021-03-29 00:00:00+03:00,9.049843056259594,9.049843056259594,8.876640480358434,9.006542205810547,11098,0.0,0.0
2021-03-30 00:00:00+03:00,8.963242530822754,9.049843409203252,8.919941678684975,8.963242530822754,12230,0.0,0.0
2021-03-31 00:00:00+03:00,8.74673931516526,8.919941902160645,8.62549709132095,8.919941902160645,25601,0.0,0.0
2021-04-01 00:00:00+03:00,8.876641048938028,8.963242755383261,8.833340195715412,8.919941902160645,12161,0.0,0.0
2021-04-06 00:00:00+03:00,8.963243759810435,9.266348114544666,8.963243759810435,9.223047256469727,54806,0.0,0.0
2021-04-07 00:00:00+03:00,9.309648513793945,9.352949369734805,9.266347657853087,9.309648513793945,22898,0.0,0.0
2021-04-08 00:00:00+03:00,9.396249419774007,9.48285029833297,9.352948567546996,9.439549446105957,19426,0.0,0.0
2021-04-09 00:00:00+03:00,9.482850074768066,9.52615092597423,9.482850074768066,9.482850074768066,15326,0.0,0.0
2021-04-12 00:00:00+03:00,9.526151657104492,9.612753366163485,9.526151657104492,9.526151657104492,15903,0.0,0.0
2021-04-13 00:00:00+03:00,9.612752564393634,9.656052589416504,9.569451713475727,9.656052589416504,18448,0.0,0.0
2021-04-14 00:00:00+03:00,9.742655025936111,9.742655025936111,9.65605331756975,9.69935417175293,13266,0.0,0.0
2021-04-15 00:00:00+03:00,9.74265552634424,9.82925723915869,9.699354669937014,9.785956382751465,23383,0.0,0.0
2021-04-16 00:00:00+03:00,9.785956156009636,9.87255704092239,9.742655300605696,9.829257011413574,22271,0.0,0.0
2021-04-19 00:00:00+03:00,9.82925723915869,9.872557269670772,9.785956382751465,9.785956382751465,13012,0.0,0.0
2021-04-20 00:00:00+03:00,9.872556608528704,9.872556608528704,9.569452285766602,9.569452285766602,19580,0.0,0.0
2021-04-21 00:00:00+03:00,9.612751960754395,9.656051983058209,9.569451112555594,9.612751960754395,5110,0.0,0.0
2021-04-22 00:00:00+03:00,9.65605358979782,9.87255704092239,9.612753560289002,9.829257011413574,19733,0.0,0.0
2021-04-23 00:00:00+03:00,9.87255704092239,9.91585789632633,9.742655300605696,9.829257011413574,13857,0.0,0.0
2021-04-26 00:00:00+03:00,9.829256658447445,9.872556686401367,9.785955804598428,9.872556686401367,17072,0.0,0.0
2021-04-27 00:00:00+03:00,9.872557269670772,9.915858126077998,9.74265552634424,9.785956382751465,16481,0.0,0.0
2021-04-28 00:00:00+03:00,9.785956382751465,9.959158982485222,9.74265552634424,9.785956382751465,34174,0.0,0.0
2021-04-29 00:00:00+03:00,9.829257011413574,9.87255704092239,9.612753560289002,9.829257011413574,29114,0.0,0.0
2021-04-30 00:00:00+03:00,9.872557269670772,9.872557269670772,9.699354669937014,9.785956382751465,11123,0.0,0.0
2021-05-03 00:00:00+03:00,9.829257468928216,9.829257468928216,9.699354896669927,9.742655754089355,25501,0.0,0.0
2021-05-04 00:00:00+03:00,9.742654291252316,9.82925599308813,9.569451713475727,9.656052589416504,22427,0.0,0.0
2021-05-05 00:00:00+03:00,9.742655300605696,9.91585789632633,9.612753560289002,9.829257011413574,29767,0.0,0.0
2021-05-06 00:00:00+03:00,9.910340648214147,10.135575662946286,9.685105633482006,10.09052848815918,43972,0.44,0.0
2021-05-07 00:00:00+03:00,10.090528703011847,10.180623054504395,10.045481527265572,10.180623054504395,40799,0.0,0.0
2021-05-10 00:00:00+03:00,10.180622837733393,10.180622837733393,10.045481313372072,10.09052848815918,14612,0.0,0.0
2021-05-11 00:00:00+03:00,9.955388104911469,9.955388104911469,9.685105907738546,9.73015308380127,18538,0.0,0.0
2021-05-12 00:00:00+03:00,9.730153241499032,9.730153241499032,9.595011711120605,9.595011711120605,14188,0.0,0.0
2021-05-14 00:00:00+03:00,9.59501196689165,9.640059144885267,9.414824114120643,9.459871292114258,6380,0.0,0.0
2021-05-17 00:00:00+03:00,9.459870707313332,9.459870707313332,9.324730040890216,9.414823532104492,4479,0.0,0.0
2021-05-18 00:00:00+03:00,9.414824114120643,9.549965648101491,9.414824114120643,9.459871292114258,5257,0.0,0.0
2021-05-19 00:00:00+03:00,9.549964877545582,9.865293379651142,9.369776180109962,9.775199890136719,24903,0.0,0.0
2021-05-20 00:00:00+03:00,9.77520041829184,9.820246735881215,9.54996539353123,9.595011711120605,12234,0.0,0.0
2021-05-21 00:00:00+03:00,9.685106064706222,9.685106064706222,9.54996539353123,9.595011711120605,4578,0.0,0.0
2021-05-24 00:00:00+03:00,9.595011711120605,9.640058887913414,9.595011711120605,9.595011711120605,4091,0.0,0.0
2021-05-25 00:00:00+03:00,9.54996395111084,9.59501026189645,9.504916781121928,9.54996395111084,5827,0.0,0.0
2021-05-26 00:00:00+03:00,9.504916781121928,9.59501026189645,9.459869611133014,9.54996395111084,7589,0.0,0.0
2021-05-27 00:00:00+03:00,9.54996505773101,9.54996505773101,9.414823532104492,9.414823532104492,4375,0.0,0.0
2021-05-28 00:00:00+03:00,9.414822441144102,9.54996395111084,9.369775271155188,9.54996395111084,5546,0.0,0.0
2021-05-31 00:00:00+03:00,9.414824114120643,9.459871292114258,9.414824114120643,9.459871292114258,3895,0.0,0.0
2021-06-01 00:00:00+03:00,9.459871292114258,9.459871292114258,9.369776936127026,9.459871292114258,3998,0.0,0.0
2021-06-02 00:00:00+03:00,9.504918216738421,9.595011711120605,9.414823863152805,9.595011711120605,7041,0.0,0.0
2021-06-03 00:00:00+03:00,9.640057947275091,9.640057947275091,9.279682286503505,9.369775772094727,13249,0.0,0.0
2021-06-04 00:00:00+03:00,9.369776356895652,9.459870707313332,9.369776356895652,9.414823532104492,3294,0.0,0.0
2021-06-07 00:00:00+03:00,9.414822944492013,9.459870116889297,9.369775772094727,9.369775772094727,3196,0.0,0.0
2021-06-08 00:00:00+03:00,9.32472945890079,9.369775772094727,9.32472945890079,9.369775772094727,914,0.0,0.0
2021-06-09 00:00:00+03:00,9.369775772094727,9.369775772094727,9.279682286503505,9.369775772094727,7719,0.0,0.0
2021-06-10 00:00:00+03:00,9.459870584096471,9.504917758718562,9.324729919433594,9.324729919433594,4396,0.0,0.0
2021-06-11 00:00:00+03:00,9.32472945890079,9.369775772094727,9.279682286503505,9.369775772094727,3185,0.0,0.0
2021-06-14 00:00:00+03:00,9.369776606714511,9.369776606714511,9.279683113098145,9.279683113098145,10832,0.0,0.0
2021-06-15 00:00:00+03:00,9.234635353088379,9.279682526651435,9.189588179525321,9.234635353088379,4578,0.0,0.0
2021-06-16 00:00:00+03:00,9.234635936688248,9.324730289508041,9.234635936688248,9.279683113098145,4051,0.0,0.0
2021-06-17 00:00:00+03:00,9.324730289508041,9.324730289508041,9.234635936688248,9.279683113098145,3421,0.0,0.0
2021-06-18 00:00:00+03:00,9.279682744811502,9.324729919433594,9.234635570189413,9.324729919433594,2600,0.0,0.0
2021-06-21 00:00:00+03:00,9.279683113098145,9.279683113098145,9.189588760278353,9.279683113098145,3275,0.0,0.0
2021-06-22 00:00:00+03:00,9.27968327196071,9.27968327196071,9.14454174041748,9.14454174041748,3425,0.0,0.0
2021-06-23 00:00:00+03:00,9.14454174041748,9.324730449141788,9.054448245258769,9.14454174041748,6433,0.0,0.0
2021-06-24 00:00:00+03:00,9.14454137138973,9.18958854675293,9.05444787986674,9.18958854675293,5309,0.0,0.0
2021-06-28 00:00:00+03:00,9.189588917598558,9.189588917598558,9.099495422439844,9.14454174041748,4770,0.0,0.0
2021-06-29 00:00:00+03:00,9.144541621736025,9.144541621736025,9.054448127746582,9.054448127746582,4817,0.0,0.0
2021-06-30 00:00:00+03:00,9.099493980407715,9.189587461288964,9.099493980407715,9.099493980407715,3213,0.0,0.0
2021-07-01 00:00:00+03:00,9.099495304343018,9.189588798332462,9.054448127746582,9.054448127746582,5407,0.0,0.0
2021-07-02 00:00:00+03:00,9.054446810365437,9.144540291246686,9.054446810365437,9.099493980407715,5182,0.0,0.0
2021-07-05 00:00:00+03:00,9.189588917598558,9.189588917598558,9.099495422439844,9.14454174041748,4704,0.0,0.0
2021-07-06 00:00:00+03:00,9.14454174041748,9.234636094779633,9.099495422439844,9.14454174041748,3437,0.0,0.0
2021-07-07 00:00:00+03:00,9.18958854675293,9.234635722116128,9.14454137138973,9.18958854675293,4304,0.0,0.0
2021-07-08 00:00:00+03:00,9.189587461288964,9.23463463133124,9.099493980407715,9.099493980407715,7241,0.0,0.0
2021-07-09 00:00:00+03:00,9.18958854675293,9.234635722116128,9.14454137138973,9.18958854675293,3535,0.0,0.0
2021-07-12 00:00:00+03:00,9.324729919433594,9.324729919433594,9.189588395567323,9.324729919433594,1454,0.0,0.0
2021-07-13 00:00:00+03:00,9.324730289508041,9.324730289508041,9.189588760278353,9.279683113098145,3560,0.0,0.0
2021-07-14 00:00:00+03:00,9.324730072842526,9.324730072842526,9.18958854675293,9.18958854675293,4553,0.0,0.0
2021-07-15 00:00:00+03:00,9.279682897479328,9.279682897479328,9.18958854675293,9.18958854675293,3405,0.0,0.0
2021-07-16 00:00:00+03:00,9.279682526651435,9.279682526651435,9.189588179525321,9.234635353088379,2707,0.0,0.0
2021-07-19 00:00:00+03:00,9.234636094779633,9.234636094779633,9.14454174041748,9.14454174041748,4875,0.0,0.0
2021-07-20 00:00:00+03:00,9.14454137138973,9.18958854675293,9.099495055229937,9.18958854675293,2934,0.0,0.0
2021-07-21 00:00:00+03:00,9.189588917598558,9.189588917598558,9.099495422439844,9.14454174041748,3256,0.0,0.0
2021-07-22 00:00:00+03:00,9.144541005962266,9.234635353088379,9.144541005962266,9.234635353088379,6927,0.0,0.0
2021-07-23 00:00:00+03:00,9.189588179525321,9.324729700214492,9.144541005962266,9.234635353088379,8068,0.0,0.0
2021-07-26 00:00:00+03:00,9.234635900259951,9.595011591710678,9.234635900259951,9.504918098449707,17714,0.0,0.0
2021-07-27 00:00:00+03:00,9.459869611133014,9.640057431885364,9.369775271155188,9.54996395111084,17049,0.0,0.0
2021-07-28 00:00:00+03:00,9.369776606714511,9.459870959534303,9.189588760278353,9.279683113098145,41033,0.0,0.0
2021-07-29 00:00:00+03:00,9.324730040890216,9.54996505773101,9.324730040890216,9.414823532104492,31253,0.0,0.0
2021-07-30 00:00:00+03:00,9.459870116889297,9.459870116889297,9.32472945890079,9.369775772094727,5614,0.0,0.0
2021-08-02 00:00:00+03:00,9.324730617336865,9.504918470107874,9.324730617336865,9.459871292114258,9229,0.0,0.0
2021-08-03 00:00:00+03:00,9.504917255543004,9.820245742797852,9.504917255543004,9.820245742797852,27011,0.0,0.0
2021-08-04 00:00:00+03:00,9.820246576723298,9.865293752786021,9.73015308380127,9.73015308380127,15902,0.0,0.0
2021-08-05 00:00:00+03:00,9.820246907655845,9.955388440398151,9.730153411697756,9.910341262817383,19236,0.0,0.0
2021-08-06 00:00:00+03:00,9.910340087272576,9.910340087272576,9.775199429763834,9.820245742797852,7633,0.0,0.0
2021-08-09 00:00:00+03:00,9.910340893251913,10.090528737652173,9.775200224752572,9.955388069152832,25051,0.0,0.0
2021-08-10 00:00:00+03:00,10.00043499778836,10.09052848815918,9.955387823001253,10.09052848815918,12299,0.0,0.0
2021-08-11 00:00:00+03:00,10.09052848815918,10.09052848815918,10.00043499778836,10.09052848815918,7216,0.0,0.0
2021-08-12 00:00:00+03:00,10.135576034702456,10.135576034702456,9.910341011709068,10.04548168182373,19485,0.0,0.0
2021-08-13 00:00:00+03:00,10.00043499778836,10.09052848815918,10.00043499778836,10.09052848815918,6580,0.0,0.0
2021-08-16 00:00:00+03:00,10.090528858263093,10.090528858263093,9.955388188148431,10.04548168182373,6209,0.0,0.0
2021-08-17 00:00:00+03:00,10.045481527265572,10.180623054504395,9.910340859230162,10.180623054504395,9994,0.0,0.0
2021-08-18 00:00:00+03:00,10.18062321114182,10.18062321114182,10.04548168182373,10.04548168182373,7346,0.0,0.0
2021-08-19 00:00:00+03:00,10.045481597833497,10.045481597833497,9.685105907738546,9.73015308380127,11939,0.0,0.0
2021-08-20 00:00:00+03:00,9.775199863510649,10.090528364757304,9.730152689274444,10.000434875488281,5759,0.0,0.0
2021-08-23 00:00:00+03:00,10.000435364587794,10.135576034702456,10.000435364587794,10.04548168182373,12285,0.0,0.0
2021-08-24 00:00:00+03:00,10.045481893392733,10.135576248168945,10.045481893392733,10.135576248168945,4855,0.0,0.0
2021-08-25 00:00:00+03:00,10.135576248168945,10.180623425557052,10.090529070780839,10.135576248168945,6932,0.0,0.0
2021-08-26 00:00:00+03:00,10.180622837733393,10.180622837733393,10.045481313372072,10.09052848815918,5619,0.0,0.0
2021-08-27 00:00:00+03:00,10.135575662946286,10.135575662946286,10.00043499778836,10.09052848815918,4577,0.0,0.0
2021-08-30 00:00:00+03:00,10.090528858263093,10.135576034702456,10.000435364587794,10.04548168182373,2422,0.0,0.0
2021-08-31 00:00:00+03:00,10.090528858263093,10.090528858263093,10.000435364587794,10.04548168182373,5543,0.0,0.0
2021-09-01 00:00:00+03:00,10.135575878758122,10.180623054504395,10.090528703011847,10.180623054504395,3399,0.0,0.0
2021-09-02 00:00:00+03:00,10.180622837733393,10.2256700125205,10.045481313372072,10.09052848815918,6908,0.0,0.0
2021-09-03 00:00:00+03:00,10.045481313372072,10.09052848815918,9.955387823001253,10.09052848815918,1136448,0.0,0.0
2021-09-06 00:00:00+03:00,9.910340648214147,10.09052848815918,9.910340648214147,10.09052848815918,18837,0.0,0.0
2021-09-07 00:00:00+03:00,10.045481561751254,10.045481561751254,9.865293717350994,9.955388069152832,10364,0.0,0.0
2021-09-08 00:00:00+03:00,9.955387701252079,10.090528364757304,9.820246178543467,10.000434875488281,14626,0.0,0.0
2021-09-09 00:00:00+03:00,10.09052911393701,10.09052911393701,9.910341262817383,9.910341262817383,2386,0.0,0.0
2021-09-10 00:00:00+03:00,9.910341262817383,10.04548193635624,9.910341262817383,9.910341262817383,1701,0.0,0.0
2021-09-13 00:00:00+03:00,10.000435027571413,10.000435027571413,9.730152837247218,9.865293502807617,6126,0.0,0.0
2021-09-14 00:00:00+03:00,9.685106064706222,9.730153241499032,9.595011711120605,9.595011711120605,12846,0.0,0.0
2021-09-15 00:00:00+03:00,9.640058548945285,9.730152899362965,9.324730040890216,9.414823532104492,8861,0.0,0.0
2021-09-16 00:00:00+03:00,9.414822944492013,9.414822944492013,9.32472945890079,9.369775772094727,11535,0.0,0.0
2021-09-17 00:00:00+03:00,9.324730040890216,9.504917882522172,9.279682865681377,9.414823532104492,7538,0.0,0.0
2021-09-20 00:00:00+03:00,9.414823188137234,9.414823188137234,9.054447518039524,9.234635353088379,19487,0.0,0.0
2021-09-21 00:00:00+03:00,9.144541583868456,9.369776606714511,9.144541583868456,9.279683113098145,12941,0.0,0.0
2021-09-22 00:00:00+03:00,9.279682744811502,9.414823409474382,9.279682744811502,9.324729919433594,5539,0.0,0.0
2021-09-23 00:00:00+03:00,9.414823532104492,9.730152899362965,9.369776356895652,9.414823532104492,20128,0.0,0.0
2021-09-24 00:00:00+03:00,9.82024639057724,9.82024639057724,9.324730040890216,9.414823532104492,8158,0.0,0.0
2021-09-27 00:00:00+03:00,9.414824114120643,9.640059144885267,9.324730617336865,9.459871292114258,6640,0.0,0.0
2021-09-28 00:00:00+03:00,9.459870707313332,9.54996505773101,9.279682865681377,9.414823532104492,7448,0.0,0.0
2021-09-29 00:00:00+03:00,9.414823532104492,9.640058548945285,9.414823532104492,9.414823532104492,3683,0.0,0.0
2021-09-30 00:00:00+03:00,9.640058767942875,9.68510594417507,9.504918098449707,9.504918098449707,8216,0.0,0.0
2021-10-01 00:00:00+03:00,9.685105692517746,9.685105692517746,9.369776326289298,9.640058517456055,5006,0.0,0.0
2021-10-04 00:00:00+03:00,9.685105982380358,9.685105982380358,9.279683113098145,9.279683113098145,10629,0.0,0.0
2021-10-05 00:00:00+03:00,9.414823409474382,9.414823409474382,9.324729919433594,9.324729919433594,5562,0.0,0.0
2021-10-06 00:00:00+03:00,9.32472945890079,9.504917289286583,9.234635114106219,9.369775772094727,5937,0.0,0.0
2021-10-07 00:00:00+03:00,9.369775969568108,9.685105323791504,9.369775969568108,9.685105323791504,5136,0.0,0.0
2021-10-08 00:00:00+03:00,9.7301535008725,9.7301535008725,9.459871292114258,9.459871292114258,6330,0.0,0.0
2021-10-11 00:00:00+03:00,9.640058548945285,9.640058548945285,9.369776356895652,9.414823532104492,4755,0.0,0.0
2021-10-12 00:00:00+03:00,9.68510594417507,9.68510594417507,9.414823745985315,9.504918098449707,2500,0.0,0.0
2021-10-13 00:00:00+03:00,9.504917882522172,9.504917882522172,9.414823532104492,9.414823532104492,2336,0.0,0.0
2021-10-14 00:00:00+03:00,9.414822441144102,9.640057431885364,9.369775271155188,9.54996395111084,1484,0.0,0.0
2021-10-15 00:00:00+03:00,9.54996395111084,9.685104601874276,9.459869611133014,9.54996395111084,6290,0.0,0.0
2021-10-18 00:00:00+03:00,9.549965274681904,9.595011591710678,9.504918098449707,9.504918098449707,1677,0.0,0.0
2021-10-19 00:00:00+03:00,9.77520041829184,9.77520041829184,9.459871039945613,9.595011711120605,1485,0.0,0.0
2021-10-20 00:00:00+03:00,9.54996395111084,9.59501026189645,9.459869611133014,9.54996395111084,946,0.0,0.0
2021-10-21 00:00:00+03:00,9.54996539353123,9.640058887913414,9.54996539353123,9.595011711120605,5152,0.0,0.0
2021-10-22 00:00:00+03:00,9.595011342394361,9.73015286757944,9.595011342394361,9.640058517456055,2859,0.0,0.0
2021-10-25 00:00:00+03:00,9.59501026189645,9.59501026189645,9.459869611133014,9.54996395111084,2204,0.0,0.0
2021-10-26 00:00:00+03:00,9.459870676412683,9.685105692517746,9.459870676412683,9.640058517456055,4763,0.0,0.0
2021-10-27 00:00:00+03:00,9.775200259863993,10.000435280974193,9.640058731675822,9.73015308380127,19325,0.0,0.0
2021-10-28 00:00:00+03:00,9.68510508528911,9.910340087272576,9.595010740814384,9.820245742797852,10831,0.0,0.0
2021-10-29 00:00:00+03:00,9.820246205292237,9.865293379651142,9.595011192701099,9.775199890136719,13543,0.0,0.0
2021-11-01 00:00:00+02:00,9.775200042641133,9.865293533561118,9.54996502653607,9.640058517456055,6831,0.0,0.0
2021-11-02 00:00:00+02:00,9.640058731675822,9.73015308380127,9.549965238753794,9.73015308380127,3948,0.0,0.0
2021-11-03 00:00:00+02:00,9.73015308380127,9.73015308380127,9.549965238753794,9.73015308380127,7062,0.0,0.0
2021-11-04 00:00:00+02:00,9.775198941852103,9.775198941852103,9.504916781121928,9.54996395111084,3782,0.0,0.0
2021-11-05 00:00:00+02:00,9.549965274681904,9.640058767942875,9.459870922217512,9.504918098449707,1958,0.0,0.0
2021-11-08 00:00:00+02:00,9.504918216738421,9.640058887913414,9.504918216738421,9.595011711120605,2050,0.0,0.0
2021-11-09 00:00:00+02:00,9.595011711120605,9.595011711120605,9.504918216738421,9.595011711120605,1368,0.0,0.0
2021-11-10 00:00:00+02:00,9.595011591710678,9.595011591710678,9.504918098449707,9.504918098449707,552,0.0,0.0
2021-11-11 00:00:00+02:00,9.504918098449707,9.549965274681904,9.459870922217512,9.504918098449707,2117,0.0,0.0
2021-11-12 00:00:00+02:00,9.595011555613098,9.775200259863993,9.549965238753794,9.73015308380127,10361,0.0,0.0
2021-11-15 00:00:00+02:00,9.910340087272576,9.910340087272576,9.730152257526472,9.820245742797852,3368,0.0,0.0
2021-11-16 00:00:00+02:00,9.775200042641133,9.820246358499425,9.640058517456055,9.640058517456055,8261,0.0,0.0
2021-11-17 00:00:00+02:00,9.640058517456055,9.685105692517746,9.54996502653607,9.640058517456055,2748,0.0,0.0
2021-11-18 00:00:00+02:00,9.685105323791504,9.820245984628178,9.595010977098143,9.685105323791504,4787,0.0,0.0
2021-11-19 00:00:00+02:00,9.730152497138185,9.775199670484865,9.54996466295483,9.685105323791504,6531,0.0,0.0
2021-11-22 00:00:00+02:00,10.45090440186685,10.676139403120848,10.225669400612851,10.270715713500977,40630,0.0,0.0
2021-11-23 00:00:00+02:00,10.270716298851935,10.495951312942577,10.045481284761292,10.315763473510742,45387,0.0,0.0
2021-11-24 00:00:00+02:00,10.405857852465532,10.540998517623459,10.09052848815918,10.09052848815918,30853,0.0,0.0
2021-11-25 00:00:00+02:00,10.180622808737713,10.405857822828356,10.135575634078906,10.315763473510742,4565,0.0,0.0
2021-11-26 00:00:00+02:00,10.180622713229711,10.180622713229711,9.910340527015874,10.000434875488281,13857,0.0,0.0
2021-11-29 00:00:00+02:00,10.09052911393701,10.09052911393701,9.910341262817383,9.910341262817383,3433,0.0,0.0
2021-11-30 00:00:00+02:00,9.865293502807617,9.955387852650148,9.730152837247218,9.865293502807617,7195,0.0,0.0
2021-12-01 00:00:00+02:00,10.000435364587794,10.04548168182373,9.910341011709068,10.04548168182373,2855,0.0,0.0
2021-12-02 00:00:00+02:00,10.090528858263093,10.225670387581182,9.775200341594406,10.04548168182373,5126,0.0,0.0
2021-12-03 00:00:00+02:00,10.225670646679314,10.225670646679314,9.910341262817383,9.910341262817383,5099,0.0,0.0
2021-12-07 00:00:00+02:00,10.09052848815918,10.2256700125205,10.09052848815918,10.09052848815918,4576,0.0,0.0
2021-12-08 00:00:00+02:00,10.090529070780839,10.27071692112982,10.090529070780839,10.135576248168945,3590,0.0,0.0
2021-12-09 00:00:00+02:00,10.090529029501024,10.405858410724328,10.090529029501024,10.360811233520508,11303,0.0,0.0
2021-12-10 00:00:00+02:00,10.405857822828356,10.405857822828356,10.315763473510742,10.315763473510742,3409,0.0,0.0
2021-12-13 00:00:00+02:00,10.360810057683913,10.45090440186685,10.180622228521383,10.270715713500977,4413,0.0,0.0
2021-12-14 00:00:00+02:00,10.27071617575537,10.27071617575537,10.09052833848312,10.225669860839844,4111,0.0,0.0
2021-12-15 00:00:00+02:00,10.27071617575537,10.315763349874276,10.225669860839844,10.225669860839844,2226,0.0,0.0
2021-12-16 00:00:00+02:00,10.22566998339652,10.360810648169549,10.180622808737713,10.315763473510742,5222,0.0,0.0
2021-12-17 00:00:00+02:00,10.315763881256482,10.315763881256482,10.04548168182373,10.04548168182373,3058,0.0,0.0
2021-12-20 00:00:00+02:00,10.045481313372072,10.135575662946286,9.955387823001253,10.09052848815918,4503,0.0,0.0
2021-12-21 00:00:00+02:00,10.180622837733393,10.180622837733393,10.00043499778836,10.09052848815918,2794,0.0,0.0
2021-12-22 00:00:00+02:00,10.180623425557052,10.225670602945158,10.090529070780839,10.135576248168945,2725,0.0,0.0
2021-12-23 00:00:00+02:00,10.135575878758122,10.36081089828608,10.135575878758122,10.180623054504395,3447,0.0,0.0
2021-12-27 00:00:00+02:00,10.000435534296823,10.360811233520508,10.000435534296823,10.360811233520508,4681,0.0,0.0
2021-12-28 00:00:00+02:00,10.270715713500977,10.360810057683913,10.225669400612851,10.270715713500977,2726,0.0,0.0
2021-12-29 00:00:00+02:00,10.270716298851935,10.405857822828356,10.270716298851935,10.315763473510742,8545,0.0,0.0
2021-12-30 00:00:00+02:00,10.315763349874276,10.405857698112092,10.225669860839844,10.225669860839844,3432,0.0,0.0
2022-01-03 00:00:00+02:00,10.225669400612851,10.315762885592445,10.135575056429916,10.270715713500977,3082,0.0,0.0
2022-01-04 00:00:00+02:00,10.270716879112866,10.45090558792815,10.270716879112866,10.360811233520508,3403,0.0,0.0
2022-01-05 00:00:00+02:00,10.360809914711792,10.495950569918005,10.270715571772095,10.40585708618164,5228,0.0,0.0
2022-01-07 00:00:00+02:00,10.450904257651489,10.450904257651489,10.22566925950558,10.40585708618164,1842,0.0,0.0
2022-01-10 00:00:00+02:00,10.450905249778627,10.450905249778627,10.180623054504395,10.180623054504395,8068,0.0,0.0
2022-01-11 00:00:00+02:00,10.22567023025067,10.36081089828608,10.135575878758122,10.180623054504395,12969,0.0,0.0
2022-01-12 00:00:00+02:00,10.180622686720936,10.27071617575537,10.180622686720936,10.225669860839844,3866,0.0,0.0
2022-01-13 00:00:00+02:00,10.22567023025067,10.27071654679353,10.180623054504395,10.180623054504395,2288,0.0,0.0
2022-01-14 00:00:00+02:00,10.18062321114182,10.225670387581182,10.04548168182373,10.04548168182373,7040,0.0,0.0
2022-01-17 00:00:00+02:00,10.135575512602028,10.225669860839844,10.135575512602028,10.225669860839844,17942,0.0,0.0
2022-01-18 00:00:00+02:00,10.315763881256482,10.315763881256482,10.04548168182373,10.04548168182373,2466,0.0,0.0
2022-01-19 00:00:00+02:00,10.2256700125205,10.2256700125205,10.045481313372072,10.09052848815918,1155,0.0,0.0
2022-01-20 00:00:00+02:00,10.090529029501024,10.405858410724328,10.090529029501024,10.360811233520508,3005,0.0,0.0
2022-01-21 00:00:00+02:00,10.04548134328928,10.13557569313181,9.685105662325952,9.865293502807617,20455,0.0,0.0
2022-01-24 00:00:00+02:00,9.820246735881215,9.820246735881215,9.144541661599385,9.595011711120605,26646,0.0,0.0
2022-01-25 00:00:00+02:00,9.595011312483422,10.000435027571413,9.549964996765555,9.865293502807617,18811,0.0,0.0
2022-01-26 00:00:00+02:00,10.495951864817316,10.766234067778141,10.405858369966,10.58604621887207,29966,0.0,0.0
2022-01-27 00:00:00+02:00,10.36081049817807,10.495951160994693,10.18062266135478,10.450904846191406,10114,0.0,0.0
2022-01-28 00:00:00+02:00,10.631093093560311,10.631093093560311,10.135575878758122,10.180623054504395,3994,0.0,0.0
2022-01-31 00:00:00+02:00,10.450904257651489,10.450904257651489,10.22566925950558,10.40585708618164,1041,0.0,0.0
2022-02-01 00:00:00+02:00,10.405857229775382,10.405857229775382,10.225669400612851,10.270715713500977,531,0.0,0.0
2022-02-02 00:00:00+02:00,10.360810057683913,10.405857229775382,10.270715713500977,10.270715713500977,1187,0.0,0.0
2022-02-03 00:00:00+02:00,10.27071617575537,10.27071617575537,10.180622686720936,10.225669860839844,1533,0.0,0.0
2022-02-04 00:00:00+02:00,10.180622686720936,10.27071617575537,10.09052833848312,10.225669860839844,7920,0.0,0.0
2022-02-07 00:00:00+02:00,10.225670561112485,10.360811233520508,10.135576206704844,10.360811233520508,2855,0.0,0.0
2022-02-08 00:00:00+02:00,10.225669400612851,10.315762885592445,10.090527884338448,10.270715713500977,1121,0.0,0.0
2022-02-09 00:00:00+02:00,10.315763722539804,10.315763722539804,10.090528703011847,10.180623054504395,5939,0.0,0.0
2022-02-10 00:00:00+02:00,10.180622837733393,10.180622837733393,10.045481313372072,10.09052848815918,1339,0.0,0.0
2022-02-11 00:00:00+02:00,10.09052911393701,10.09052911393701,9.865294085236613,9.910341262817383,4405,0.0,0.0
2022-02-14 00:00:00+02:00,10.045481635625798,10.045481635625798,9.189588724027756,9.504918098449707,37683,0.0,0.0
2022-02-15 00:00:00+02:00,9.504918470107874,9.640059144885267,9.414824114120643,9.459871292114258,32189,0.0,0.0
2022-02-16 00:00:00+02:00,9.549964461683869,9.549964461683869,9.32472945890079,9.369775772094727,15382,0.0,0.0
2022-02-17 00:00:00+02:00,9.414823564365518,9.414823564365518,9.18958854675293,9.18958854675293,11185,0.0,0.0
2022-02-18 00:00:00+02:00,9.189587461288964,9.189587461288964,9.054446810365437,9.099493980407715,12364,0.0,0.0
2022-02-21 00:00:00+02:00,9.099495211613714,9.144541528547672,8.955344076133418,8.991381645202637,10282,0.0,0.0
2022-02-22 00:00:00+02:00,8.901287078857422,9.099494114440997,8.793174384685468,8.901287078857422,10185,0.0,0.0
2022-02-23 00:00:00+02:00,8.919306964515636,9.09949567830663,8.865251037741109,9.009401321411133,19754,0.0,0.0
2022-02-24 00:00:00+02:00,8.79317606366007,8.937326350080156,8.757138492055049,8.81119441986084,15480,0.0,0.0
2022-02-25 00:00:00+02:00,8.82921286225415,9.279682897479328,8.82921286225415,9.18958854675293,12152,0.0,0.0
2022-02-28 00:00:00+02:00,9.009399640323162,9.144540291246686,8.847230171852287,9.099493980407715,12403,0.0,0.0
2022-03-01 00:00:00+02:00,9.18958883832811,9.18958883832811,8.82921314239502,8.82921314239502,9957,0.0,0.0
2022-03-02 00:00:00+02:00,8.847231991465861,8.865251206870113,8.757138492055049,8.81119441986084,9266,0.0,0.0
2022-03-03 00:00:00+02:00,8.829211949409451,9.1895875966493,8.829211949409451,8.901287078857422,5974,0.0,0.0
2022-03-04 00:00:00+02:00,8.829212803032098,8.847231157534475,8.757137666615787,8.775156021118164,3637,0.0,0.0
2022-03-07 00:00:00+02:00,8.775155449307452,8.775155449307452,8.234591961409565,8.504873275756836,17655,0.0,0.0
2022-03-08 00:00:00+02:00,8.54091045778039,8.739117490703682,8.360722636578899,8.64902400970459,12985,0.0,0.0
2022-03-09 00:00:00+02:00,8.757136938157894,8.991380682423761,8.703080160740646,8.865249633789062,11462,0.0,0.0
2022-03-10 00:00:00+02:00,8.973362702698669,8.973362702698669,8.811193222904246,8.883268356323242,1734,0.0,0.0
2022-03-11 00:00:00+02:00,9.09949567830663,9.09949567830663,8.93732617957612,9.009401321411133,4940,0.0,0.0
2022-03-14 00:00:00+02:00,9.009400556282355,9.369776234852292,8.973362988425361,9.324729919433594,13600,0.0,0.0
2022-03-15 00:00:00+02:00,9.279682526651435,9.279682526651435,9.009400344476466,9.234635353088379,1498,0.0,0.0
2022-03-16 00:00:00+02:00,9.279682744811502,9.369776234852292,9.279682744811502,9.324729919433594,4131,0.0,0.0
2022-03-17 00:00:00+02:00,9.324730449141788,9.459871121481576,9.14454174041748,9.14454174041748,3009,0.0,0.0
2022-03-18 00:00:00+02:00,9.144541005962266,9.369776014574176,9.144541005962266,9.234635353088379,2236,0.0,0.0
2022-03-21 00:00:00+02:00,9.189588760278353,9.369776606714511,9.189588760278353,9.279683113098145,11867,0.0,0.0
2022-03-22 00:00:00+02:00,9.324729919433594,9.369776234852292,9.279682744811502,9.324729919433594,13574,0.0,0.0
2022-03-23 00:00:00+02:00,9.369776606714511,9.369776606714511,9.144541583868456,9.279683113098145,3371,0.0,0.0
2022-03-24 00:00:00+02:00,9.279682526651435,9.279682526651435,9.189588179525321,9.234635353088379,2703,0.0,0.0
2022-03-25 00:00:00+02:00,9.369776606714511,9.369776606714511,9.189588760278353,9.279683113098145,37332,0.0,0.0
2022-03-28 00:00:00+03:00,9.324729700214492,9.324729700214492,9.234635353088379,9.234635353088379,11155,0.0,0.0
2022-03-29 00:00:00+03:00,9.369776936127026,9.59501196689165,9.324730617336865,9.459871292114258,16236,0.0,0.0
2022-03-30 00:00:00+03:00,9.50693532803851,9.55399864439818,9.299853324890137,9.299853324890137,8746,0.45,0.0
2022-03-31 00:00:00+03:00,9.412806583965684,9.412806583965684,9.243375778198242,9.243375778198242,4042,0.0,0.0
2022-04-01 00:00:00+03:00,9.384569250026795,9.412807420940542,9.224551452056783,9.281027793884277,1999,0.0,0.0
2022-04-04 00:00:00+03:00,9.233964043467683,9.431633025978467,9.130422592163086,9.130422592163086,5731,0.0,0.0
2022-04-05 00:00:00+03:00,9.139835614586271,9.233964043467683,9.111597444991938,9.130422592163086,2236,0.0,0.0
2022-04-06 00:00:00+03:00,9.318677968696656,9.318677968696656,8.942166072099381,8.951579093933105,3528,0.0,0.0
2022-04-07 00:00:00+03:00,9.130423255876897,9.215138668493301,8.942167282104492,8.942167282104492,1012,0.0,0.0
2022-04-08 00:00:00+03:00,8.989230671224718,9.00805581802877,8.866864075135142,8.904515266418457,1635,0.0,0.0
2022-04-11 00:00:00+03:00,9.00805581802877,9.026881862508032,8.885689221939195,8.904515266418457,4371,0.0,0.0
2022-04-12 00:00:00+03:00,8.885689485924242,8.904515530962808,8.763323783874512,8.763323783874512,2347,0.0,0.0
2022-04-13 00:00:00+03:00,9.02688180860428,9.02688180860428,8.772735595703125,8.772735595703125,3387,0.0,0.0
2022-04-14 00:00:00+03:00,9.073946211174588,9.073946211174588,8.80097484588623,8.80097484588623,7636,0.0,0.0
2022-04-19 00:00:00+03:00,9.102183983008342,9.102183983008342,8.800974461414123,8.979817390441895,4351,0.0,0.0
2022-04-20 00:00:00+03:00,8.951579093933105,9.11159687440574,8.951579093933105,8.951579093933105,3024,0.0,0.0
2022-04-21 00:00:00+03:00,9.073946518556873,9.102184688977701,8.98923110961914,8.98923110961914,3406,0.0,0.0
2022-04-22 00:00:00+03:00,9.08335754907348,9.290439535115947,8.932752794742646,8.960991859436035,17917,0.0,0.0
2022-04-25 00:00:00+03:00,8.782148235257411,8.904514825284894,8.75391006761266,8.885688781738281,5450,0.0,0.0
2022-04-26 00:00:00+03:00,8.772736464660762,8.942167290044004,8.772736464660762,8.876277923583984,4844,0.0,0.0
2022-04-27 00:00:00+03:00,8.848038060017643,8.848038060017643,8.349159549439417,8.471526145935059,39630,0.0,0.0
2022-04-28 00:00:00+03:00,8.537415052359158,8.838625465278476,8.537415052359158,8.753910064697266,39554,0.0,0.0
2022-04-29 00:00:00+03:00,8.829213657518068,9.092772019595763,8.753911268353011,8.81038761138916,27476,0.0,0.0
2022-05-02 00:00:00+03:00,8.819799939243325,8.819799939243325,8.716259386721656,8.735084533691406,2551,0.0,0.0
2022-05-03 00:00:00+03:00,8.753910451874498,8.753910451874498,8.64095687866211,8.64095687866211,1937,0.0,0.0
2022-05-04 00:00:00+03:00,8.640956956109829,8.640956956109829,8.377397718576807,8.471526145935059,15332,0.0,0.0
2022-05-05 00:00:00+03:00,8.471526145935059,8.622130911568092,8.471526145935059,8.471526145935059,5371,0.0,0.0
2022-05-06 00:00:00+03:00,8.433874642677623,8.45269978884807,8.283269882613318,8.349159240722656,14330,0.0,0.0
2022-05-09 00:00:00+03:00,8.367985225815598,8.367985225815598,8.123252043591817,8.151490211486816,5681,0.0,0.0
2022-05-10 00:00:00+03:00,8.160903290237181,8.556241234223943,8.151490268314834,8.283269882202148,4266,0.0,0.0
2022-05-11 00:00:00+03:00,8.245619472192734,8.47152663364795,8.123252868652344,8.123252868652344,4903,0.0,0.0
2022-05-12 00:00:00+03:00,8.160903490290073,8.283270085254683,8.095014130568822,8.142077445983887,6134,0.0,0.0
2022-05-13 00:00:00+03:00,8.142077575508297,8.217379958580553,8.095014259344547,8.104426383972168,19947,0.0,0.0
2022-05-16 00:00:00+03:00,8.104426256251656,8.226792851234459,8.076188087463379,8.076188087463379,4561,0.0,0.0
2022-05-17 00:00:00+03:00,8.076188526810427,8.198555128450009,8.066775504143862,8.095014572143555,2705,0.0,0.0
2022-05-18 00:00:00+03:00,8.095014703734893,8.198555261724488,8.057363510131836,8.057363510131836,4466,0.0,0.0
2022-05-19 00:00:00+03:00,8.076188658095733,8.076188658095733,8.057363510131836,8.057363510131836,831,0.0,0.0
2022-05-20 00:00:00+03:00,8.085601108415728,8.264444040948497,8.085601108415728,8.142077445983887,13575,0.0,0.0
2022-05-23 00:00:00+03:00,8.095014441770653,8.217380143764245,8.095014441770653,8.132665634155273,415,0.0,0.0
2022-05-24 00:00:00+03:00,8.264444226788944,8.273857249153705,8.123252482018406,8.170316696166992,1369,0.0,0.0
2022-05-25 00:00:00+03:00,8.217380403754385,8.217380403754385,8.047950481500605,8.123252868652344,3395,0.0,0.0
2022-05-27 00:00:00+03:00,8.095014692137688,8.236206443528065,8.085601669331593,8.189142227172852,5508,0.0,0.0
2022-05-30 00:00:00+03:00,8.283269883018049,8.415048599243164,8.207967502982218,8.415048599243164,2575,0.0,0.0
2022-05-31 00:00:00+03:00,8.377397408400077,8.377397408400077,8.245618692187941,8.283269882202148,3604,0.0,0.0
2022-06-01 00:00:00+03:00,8.283270659883279,8.424462411273653,8.189142227172852,8.189142227172852,4061,0.0,0.0
2022-06-02 00:00:00+03:00,8.18914201793307,8.36798585597821,8.18914201793307,8.330334663391113,2833,0.0,0.0
2022-06-03 00:00:00+03:00,8.377397850146307,8.405636917402413,8.349159680565428,8.367985725402832,1666,0.0,0.0
2022-06-06 00:00:00+03:00,8.367985284152908,8.367985284152908,8.179728436406695,8.283269882202148,3559,0.0,0.0
2022-06-07 00:00:00+03:00,8.330334094138701,8.33974621838587,8.236205670265594,8.283269882202148,2956,0.0,0.0
2022-06-08 00:00:00+03:00,8.283270010789122,8.330334223456287,8.24561882019043,8.24561882019043,770,0.0,0.0
2022-06-09 00:00:00+03:00,8.24561934410758,8.24561934410758,8.095014572143555,8.095014572143555,2093,0.0,0.0
2022-06-10 00:00:00+03:00,8.104426566610382,8.189141973894587,8.095014441770653,8.132665634155273,3352,0.0,0.0
2022-06-13 00:00:00+03:00,8.132665453155923,8.160903622397116,8.03853702545166,8.03853702545166,2622,0.0,0.0
2022-06-14 00:00:00+03:00,8.047950356485984,8.189142105783445,8.047950356485984,8.095014572143555,2909,0.0,0.0
2022-06-15 00:00:00+03:00,8.104426517450788,8.104426517450788,7.991472940982075,8.000885963439941,5028,0.0,0.0
2022-06-16 00:00:00+03:00,8.066775142186904,8.066775142186904,7.906757354736328,7.906757354736328,3208,0.0,0.0
2022-06-17 00:00:00+03:00,8.02912395088531,8.02912395088531,7.82204284756415,7.906757354736328,2544,0.0,0.0
2022-06-20 00:00:00+03:00,7.906757450242569,7.906757450242569,7.8126299196892175,7.822042942047119,3896,0.0,0.0
2022-06-21 00:00:00+03:00,7.84086842986397,8.18914219316585,7.84086842986397,7.925583839416504,5083,0.0,0.0
2022-06-22 00:00:00+03:00,7.92558339922473,8.085601186675305,7.906757354736328,7.906757354736328,376,0.0,0.0
2022-06-23 00:00:00+03:00,7.953821439612554,7.953821439612554,7.878519058227539,7.878519058227539,1756,0.0,0.0
2022-06-27 00:00:00+03:00,7.878519617836431,8.019712266218601,7.878519617836431,7.991473197937012,1472,0.0,0.0
2022-06-28 00:00:00+03:00,7.953821182250977,7.953821182250977,7.859693657402987,7.953821182250977,644,0.0,0.0
2022-06-29 00:00:00+03:00,7.953821572043658,7.991472763363058,7.7749786376953125,7.7749786376953125,4891,0.0,0.0
2022-06-30 00:00:00+03:00,7.7467396097561965,7.7467396097561965,7.662025102119582,7.690263271331787,4007,0.0,0.0
2022-07-01 00:00:00+03:00,7.671437176161054,7.671437176161054,7.492594242095947,7.492594242095947,26694,0.0,0.0
2022-07-04 00:00:00+03:00,7.530245629681869,7.530245629681869,7.398466456836969,7.436117649078369,7520,0.0,0.0
2022-07-05 00:00:00+03:00,7.4455300671873115,7.464355662914756,7.389053280004977,7.407878875732422,1536,0.0,0.0
2022-07-06 00:00:00+03:00,7.530245626185624,7.803216994227844,7.492594433961705,7.502007007598877,4653,0.0,0.0
2022-07-07 00:00:00+03:00,7.803216490865742,7.803216490865742,7.530245140432085,7.586722373962402,3398,0.0,0.0
2022-07-08 00:00:00+03:00,7.6808500665617885,7.6808500665617885,7.530245304107666,7.530245304107666,8357,0.0,0.0
2022-07-11 00:00:00+03:00,7.530245563909304,7.567896755821842,7.294925390037138,7.4549431800842285,4200,0.0,0.0
2022-07-12 00:00:00+03:00,7.454943245199069,7.530245629681869,7.341989668474869,7.436117649078369,472,0.0,0.0
2022-07-13 00:00:00+03:00,7.436117649078369,7.530245629681869,7.389053434357811,7.436117649078369,8280,0.0,0.0
2022-07-14 00:00:00+03:00,7.4361172363110715,7.71850116244688,7.341989260932469,7.417291641235352,3783,0.0,0.0
2022-07-15 00:00:00+03:00,7.718501813231962,7.718501813231962,7.360815476634967,7.511420249938965,1858,0.0,0.0
2022-07-18 00:00:00+03:00,7.51141951328838,7.963234237728191,7.51141951328838,7.803216457366943,4778,0.0,0.0
2022-07-19 00:00:00+03:00,7.718501440543992,7.784391698939422,7.652612079823776,7.690263271331787,2706,0.0,0.0
2022-07-20 00:00:00+03:00,7.680850505828857,7.803217106739764,7.624374165516281,7.680850505828857,4399,0.0,0.0
2022-07-21 00:00:00+03:00,7.68085041630581,7.859694253120047,7.5867228843235255,7.633786201477051,3344,0.0,0.0
2022-07-22 00:00:00+03:00,7.652611666457145,8.160903173196818,7.652611666457145,7.953821182250977,11017,0.0,0.0
2022-07-25 00:00:00+03:00,8.123252353585693,8.320921331744332,8.019711802236008,8.207967758178711,8808,0.0,0.0
2022-07-26 00:00:00+03:00,8.283270086486214,8.452699996891079,7.9726475367895615,8.076188087463379,18154,0.0,0.0
2022-07-27 00:00:00+03:00,8.095013932131113,8.358572262230563,8.076187888286421,8.283269882202148,30046,0.0,0.0
2022-07-28 00:00:00+03:00,8.349159350447172,8.772735468113451,8.349159350447172,8.678607940673828,26991,0.0,0.0
2022-07-29 00:00:00+03:00,8.678608712817052,8.706846883793792,8.292683751325585,8.650369644165039,8733,0.0,0.0
2022-08-01 00:00:00+03:00,8.603305504228874,8.612717628539569,8.452699845480348,8.480938911437988,5162,0.0,0.0
2022-08-02 00:00:00+03:00,8.688020272113743,8.688020272113743,8.471526145935059,8.471526145935059,2703,0.0,0.0
2022-08-03 00:00:00+03:00,8.612717571256017,8.612717571256017,8.415048599243164,8.415048599243164,4628,0.0,0.0
2022-08-04 00:00:00+03:00,8.659781840793785,8.659781840793785,8.424461677197893,8.480938911437988,4170,0.0,0.0
2022-08-05 00:00:00+03:00,8.480939298324548,8.480939298324548,8.43387508392334,8.43387508392334,3903,0.0,0.0
2022-08-08 00:00:00+03:00,8.452700664513543,8.55624212104061,8.452700664513543,8.518590927124023,1737,0.0,0.0
2022-08-09 00:00:00+03:00,8.490351933393786,8.584479460226698,8.471525889422091,8.546828269958496,3025,0.0,0.0
2022-08-10 00:00:00+03:00,8.546828452147517,8.64095687866211,8.471526070005925,8.64095687866211,2956,0.0,0.0
2022-08-11 00:00:00+03:00,8.612718071638973,8.772735862930647,8.471526325287606,8.565654754638672,7473,0.0,0.0
2022-08-12 00:00:00+03:00,8.490351682687585,8.73508396336676,8.480938660979689,8.688019752502441,1351,0.0,0.0
2022-08-15 00:00:00+03:00,8.688020844418958,8.74449808408927,8.509177897867627,8.584480285644531,1897,0.0,0.0
2022-08-16 00:00:00+03:00,8.631544502423914,8.678608719203297,8.55624211464701,8.584480285644531,1797,0.0,0.0
2022-08-17 00:00:00+03:00,8.556241854047107,8.706846625013902,8.509177638701173,8.659782409667969,4062,0.0,0.0
2022-08-18 00:00:00+03:00,8.659781840732888,8.659781840732888,8.59389248218256,8.612717628479004,1170,0.0,0.0
2022-08-19 00:00:00+03:00,8.650369128139488,8.791561769951091,8.631543981169738,8.735084533691406,4626,0.0,0.0
2022-08-22 00:00:00+03:00,8.76332321454911,8.76332321454911,8.640956622773915,8.716259002685547,10493,0.0,0.0
2022-08-23 00:00:00+03:00,8.753910064697266,8.753910064697266,8.612717431170196,8.753910064697266,2606,0.0,0.0
2022-08-24 00:00:00+03:00,8.65978245624101,8.7915620803833,8.61271824064196,8.7915620803833,1281,0.0,0.0
2022-08-25 00:00:00+03:00,8.753910840359838,8.791562033101536,8.612718194322033,8.659782409667969,4884,0.0,0.0
2022-08-26 00:00:00+03:00,8.669195432272204,8.71625964761814,8.593893046788805,8.659782409667969,2534,0.0,0.0
2022-08-29 00:00:00+03:00,8.584479460226698,8.584479460226698,8.095013986740073,8.546828269958496,4503,0.0,0.0
2022-08-30 00:00:00+03:00,8.829212318375426,8.83862534001219,8.245618442023337,8.424461364746094,2812,0.0,0.0
2022-08-31 00:00:00+03:00,8.424461749891773,8.424461749891773,8.273856987518878,8.377397537231445,3100,0.0,0.0
2022-09-01 00:00:00+03:00,8.377398194918442,8.377398194918442,8.189142227172852,8.189142227172852,4446,0.0,0.0
2022-09-02 00:00:00+03:00,8.198554481058943,8.753910207079583,8.198554481058943,8.415048599243164,10683,0.0,0.0
2022-09-05 00:00:00+03:00,8.415048727824669,8.565654387872756,8.377397537231445,8.377397537231445,5949,0.0,0.0
2022-09-06 00:00:00+03:00,8.302094774096462,8.377397151818526,8.245618439642488,8.358572006225586,870,0.0,0.0
2022-09-07 00:00:00+03:00,8.236205872164417,8.320921276191855,8.142077445983887,8.142077445983887,7103,0.0,0.0
2022-09-08 00:00:00+03:00,8.15149046813698,8.264444040948497,8.1232522993529,8.142077445983887,848,0.0,0.0
2022-09-09 00:00:00+03:00,8.283270710282512,8.302095858333981,8.189142276999366,8.255032539367676,5067,0.0,0.0
2022-09-12 00:00:00+03:00,8.189142227172852,8.273857637077183,8.047950475782477,8.189142227172852,4437,0.0,0.0
2022-09-13 00:00:00+03:00,8.10442682887921,8.198555261724488,8.057363510131836,8.057363510131836,3000,0.0,0.0
2022-09-14 00:00:00+03:00,8.057363200511913,8.2173800939195,8.000885963439941,8.000885963439941,2065,0.0,0.0
2022-09-15 00:00:00+03:00,8.08560154947699,8.095014572143555,8.047950356485984,8.095014572143555,2931,0.0,0.0
2022-09-16 00:00:00+03:00,8.113839719801433,8.113839719801433,8.000886140828415,8.095014572143555,4338,0.0,0.0
2022-09-19 00:00:00+03:00,8.010298985897808,8.095014392668151,7.906757534211732,8.000885963439941,5572,0.0,0.0
2022-09-20 00:00:00+03:00,8.09501381603571,8.160903173196818,7.953821182250977,7.953821182250977,3009,0.0,0.0
2022-09-21 00:00:00+03:00,7.906757490614832,7.906757490614832,7.737327575683594,7.737327575683594,1397,0.0,0.0
2022-09-22 00:00:00+03:00,7.737327876182047,7.869106604282608,7.643199443817139,7.643199443817139,2825,0.0,0.0
2022-09-23 00:00:00+03:00,7.7655654692125085,7.7655654692125085,7.530245303478796,7.596134662628174,1989,0.0,0.0
2022-09-26 00:00:00+03:00,7.596134991685512,7.643199206406069,7.304338476233469,7.436117649078369,4961,0.0,0.0
2022-09-27 00:00:00+03:00,7.4361175588762185,7.577309752487577,7.341989579414517,7.3890533447265625,4487,0.0,0.0
2022-09-28 00:00:00+03:00,7.473768687341841,7.473768687341841,7.163146133331067,7.341989517211914,5436,0.0,0.0
2022-09-29 00:00:00+03:00,7.229035493977228,7.520832452255155,7.229035493977228,7.341989517211914,2739,0.0,0.0
2022-09-30 00:00:00+03:00,7.257274346857067,7.341989754815263,6.99371554923025,7.2007975578308105,13539,0.0,0.0
2022-10-03 00:00:00+03:00,7.210209700383205,7.567896458329328,7.210209700383205,7.549071311950684,9910,0.0,0.0
2022-10-04 00:00:00+03:00,7.59613473083461,8.640956850585976,7.59613473083461,8.010298728942871,5526,0.0,0.0
2022-10-05 00:00:00+03:00,8.113839055733546,8.113839055733546,7.934996128082275,7.934996128082275,116,0.0,0.0
2022-10-06 00:00:00+03:00,8.095014392668151,8.18914192422113,7.9349966015853335,8.000885963439941,3830,0.0,0.0
2022-10-07 00:00:00+03:00,8.095014572143555,8.095014572143555,8.057363379152548,8.095014572143555,992,0.0,0.0
2022-10-10 00:00:00+03:00,8.08560079424836,8.09501381603571,7.822042467928759,7.953821182250977,2231,0.0,0.0
2022-10-11 00:00:00+03:00,7.831455197258884,7.887932434672393,7.633786212824454,7.7843918800354,2675,0.0,0.0
2022-10-12 00:00:00+03:00,7.9726472954296215,7.9726472954296215,7.718501091003418,7.718501091003418,1407,0.0,0.0
2022-10-13 00:00:00+03:00,7.737327263161636,7.746739387512207,7.737327263161636,7.746739387512207,268,0.0,0.0
2022-10-14 00:00:00+03:00,7.737327099927078,7.953821215901019,7.7090880344455615,7.803216457366943,4004,0.0,0.0
2022-10-17 00:00:00+03:00,7.803216492478819,7.803216492478819,7.624373565333663,7.718501091003418,3061,0.0,0.0
2022-10-18 00:00:00+03:00,7.718501274128857,7.953821440399098,7.690263105525483,7.812629699707031,2923,0.0,0.0
2022-10-19 00:00:00+03:00,7.718501442770856,8.01029885029854,7.624373912811279,7.624373912811279,3184,0.0,0.0
2022-10-20 00:00:00+03:00,7.803216848107127,7.812629870405648,7.624373912811279,7.624373912811279,2887,0.0,0.0
2022-10-21 00:00:00+03:00,7.614960670471191,7.6243736924977155,7.5396582896093784,7.614960670471191,1513,0.0,0.0
2022-10-24 00:00:00+03:00,7.624374076651486,7.71850160863377,7.624374076651486,7.633786201477051,800,0.0,0.0
2022-10-25 00:00:00+03:00,7.633785816849051,7.803216622625725,7.614960670471191,7.614960670471191,1777,0.0,0.0
2022-10-26 00:00:00+03:00,7.718501023618255,7.991472371725205,7.718501023618255,7.953821182250977,8699,0.0,0.0
2022-10-27 00:00:00+03:00,7.953821346614438,7.953821346614438,7.831454753875732,7.831454753875732,7544,0.0,0.0
2022-10-28 00:00:00+03:00,7.812629699707031,7.812629699707031,7.718501274128857,7.812629699707031,2145,0.0,0.0
2022-10-31 00:00:00+02:00,7.812629774158227,7.906757302958203,7.643198965572984,7.709088325500488,449,0.0,0.0
2022-11-01 00:00:00+02:00,7.70908880954433,8.000886231798813,7.70908880954433,7.859694480895996,2072,0.0,0.0
2022-11-02 00:00:00+02:00,7.831454972133141,7.906757354736328,7.8126298253199495,7.906757354736328,1424,0.0,0.0
2022-11-03 00:00:00+02:00,7.906757265590892,7.906757265590892,7.727914333343506,7.727914333343506,1708,0.0,0.0
2022-11-04 00:00:00+02:00,7.906757574570502,7.934996642088244,7.793803997525236,7.916170597076416,5292,0.0,0.0
2022-11-07 00:00:00+02:00,7.916170597076416,7.963234811930752,7.765565827682728,7.916170597076416,5951,0.0,0.0
2022-11-08 00:00:00+02:00,7.784391278454529,8.000885393512554,7.774978256667181,7.953821182250977,3126,0.0,0.0
2022-11-09 00:00:00+02:00,7.991472759583717,8.02912395088531,7.887932207923137,7.906757354736328,655,0.0,0.0
2022-11-10 00:00:00+02:00,7.906757534211732,8.076188347752417,7.7938039577430205,8.000885963439941,7037,0.0,0.0
2022-11-11 00:00:00+02:00,8.095014572143555,8.471526502053615,8.095014572143555,8.095014572143555,7363,0.0,0.0
2022-11-14 00:00:00+02:00,8.095014572143555,8.095014572143555,8.01029916349498,8.095014572143555,3122,0.0,0.0
2022-11-15 00:00:00+02:00,8.01029916349498,8.095014572143555,8.01029916349498,8.095014572143555,1849,0.0,0.0
2022-11-16 00:00:00+02:00,8.029124133138312,8.095014392668151,8.000885963439941,8.000885963439941,3023,0.0,0.0
2022-11-17 00:00:00+02:00,7.963234771283704,8.095014392668151,7.963234771283704,8.000885963439941,1571,0.0,0.0
2022-11-18 00:00:00+02:00,8.245619251636564,8.565654837308681,8.245619251636564,8.396224021911621,8209,0.0,0.0
2022-11-21 00:00:00+02:00,8.358573046981514,8.358573046981514,8.029124430170286,8.189142227172852,4005,0.0,0.0
2022-11-22 00:00:00+02:00,8.189141530000335,8.311508123036253,8.179728507995605,8.179728507995605,1169,0.0,0.0
2022-11-23 00:00:00+02:00,8.386810111404573,8.386810111404573,8.019711247144194,8.226792335510254,6037,0.0,0.0
2022-11-24 00:00:00+02:00,8.226792952943773,8.471526145935059,8.189141761535515,8.471526145935059,10367,0.0,0.0
2022-11-25 00:00:00+02:00,8.471526018137673,8.471526018137673,8.302095210518857,8.44328784942627,3330,0.0,0.0
2022-11-28 00:00:00+02:00,8.377397720595145,8.433874956558745,8.076188189256507,8.40563678741455,532,0.0,0.0
2022-11-29 00:00:00+02:00,8.405636917402413,8.405636917402413,8.198554912567102,8.367985725402832,3788,0.0,0.0
2022-11-30 00:00:00+02:00,8.377397089840168,8.424461299987051,8.207967190056587,8.226792335510254,1409,0.0,0.0
2022-12-01 00:00:00+02:00,8.236206229075563,8.462113384488148,8.236206229075563,8.396224021911621,1899,0.0,0.0
2022-12-02 00:00:00+02:00,8.443288058268704,8.443288058268704,8.2362060546875,8.2362060546875,1589,0.0,0.0
2022-12-05 00:00:00+02:00,8.236205670674428,8.377397408815918,8.151490268719463,8.349159240722656,4254,0.0,0.0
2022-12-07 00:00:00+02:00,8.349159632721356,8.349159632721356,8.170316696166992,8.170316696166992,1884,0.0,0.0
2022-12-08 00:00:00+02:00,8.160903361661333,8.273856932692523,8.010298600286413,8.179728507995605,681,0.0,0.0
2022-12-09 00:00:00+02:00,8.000885578604233,8.273856933026076,8.000885578604233,8.04794979095459,1461,0.0,0.0
2022-12-12 00:00:00+02:00,8.010298906666932,8.22679303500512,8.00088588430217,8.170316696166992,4660,0.0,0.0
2022-12-13 00:00:00+02:00,8.170316696166992,8.189141843221295,8.170316696166992,8.170316696166992,344,0.0,0.0
2022-12-14 00:00:00+02:00,8.170316958125566,8.170316958125566,8.03853733381942,8.095014572143555,1552,0.0,0.0
2022-12-15 00:00:00+02:00,8.09501381603571,8.142077129622121,7.953821182250977,7.953821182250977,5243,0.0,0.0
2022-12-16 00:00:00+02:00,7.94440819516483,8.16090320884367,7.869105815887451,7.869105815887451,3212,0.0,0.0
2022-12-19 00:00:00+02:00,7.887932253443396,7.887932253443396,7.605547868214235,7.624373912811279,4370,0.0,0.0
2022-12-20 00:00:00+02:00,7.624373728842357,7.671437043848946,7.549071347621585,7.596134662628174,6466,0.0,0.0
2022-12-21 00:00:00+02:00,7.6149608861561,7.7655656521454315,7.6149608861561,7.756152629852295,4934,0.0,0.0
2022-12-22 00:00:00+02:00,7.756152538738078,7.756152538738078,7.6996762009931325,7.709088325500488,6361,0.0,0.0
2022-12-23 00:00:00+02:00,7.718501091003418,7.718501091003418,7.624373565333663,7.718501091003418,953,0.0,0.0
2022-12-27 00:00:00+02:00,7.718501257175319,7.718501257175319,7.520832282035485,7.530245304107666,21437,0.0,0.0
2022-12-28 00:00:00+02:00,7.662025141357107,7.765565694115569,7.530245521566613,7.605547904968262,9121,0.0,0.0
2022-12-29 00:00:00+02:00,7.614960927312272,7.7279145024147455,7.558483690923427,7.605547904968262,9530,0.0,0.0
2022-12-30 00:00:00+02:00,7.596134626418144,7.671437007279957,7.567896458013761,7.614960670471191,11958,0.0,0.0
2023-01-02 00:00:00+02:00,7.718501183118891,7.916170156362158,7.586722466073503,7.831454753875732,5627,0.0,0.0
2023-01-03 00:00:00+02:00,8.000885653188185,8.000885653188185,7.73732731831457,7.812629699707031,7504,0.0,0.0
2023-01-04 00:00:00+02:00,7.934996421468931,8.047949995373711,7.82204284756415,7.906757354736328,6855,0.0,0.0
2023-01-05 00:00:00+02:00,7.98206018066802,8.00088622620203,7.831455407096964,7.925583839416504,1560,0.0,0.0
2023-01-09 00:00:00+02:00,7.925583322513947,8.179728636921059,7.925583322513947,8.142077445983887,5173,0.0,0.0
2023-01-10 00:00:00+02:00,8.160903361990334,8.160903361990334,8.04794979095459,8.04794979095459,1156,0.0,0.0
2023-01-11 00:00:00+02:00,8.047950554329052,8.593893314957198,8.047950554329052,8.518590927124023,21572,0.0,0.0
2023-01-12 00:00:00+02:00,8.575067256443546,8.904515875981527,8.575067256443546,8.650369644165039,23210,0.0,0.0
2023-01-13 00:00:00+02:00,8.612717758326175,8.650368949161882,8.462112994983343,8.509177207946777,4584,0.0,0.0
2023-01-16 00:00:00+02:00,8.51859017521243,8.603305578465982,8.302095156044997,8.377397537231445,6109,0.0,0.0
2023-01-17 00:00:00+02:00,8.462114038620435,8.546829452867573,8.283271084512823,8.339747428894043,3744,0.0,0.0
2023-01-18 00:00:00+02:00,8.339747039836395,8.537416031299827,8.339747039836395,8.386811256408691,6980,0.0,0.0
2023-01-19 00:00:00+02:00,8.396223581365653,8.499764131078221,8.377397537231445,8.377397537231445,2080,0.0,0.0
2023-01-20 00:00:00+02:00,8.377397537835028,8.471525963162465,8.292683032250565,8.311508178710938,1083,0.0,0.0
2023-01-23 00:00:00+02:00,8.462113125702938,8.462113125702938,8.057363042385449,8.40563678741455,10937,0.0,0.0
2023-01-24 00:00:00+02:00,8.43387477256653,8.452699919026902,8.132665247799036,8.311508178710938,4527,0.0,0.0
2023-01-25 00:00:00+02:00,8.339746658146726,8.377397850146307,8.339746658146726,8.367985725402832,1878,0.0,0.0
2023-01-26 00:00:00+02:00,8.367985591996199,8.584479718123529,8.358572569727565,8.537415504455566,5287,0.0,0.0
2023-01-27 00:00:00+02:00,8.537414995876746,8.688019752502441,8.537414995876746,8.688019752502441,8532,0.0,0.0
2023-01-30 00:00:00+02:00,8.716259003703406,8.90451495350447,8.584479390005074,8.848037719726562,13029,0.0,0.0
2023-01-31 00:00:00+02:00,8.753910064697266,8.753910064697266,8.584479263534847,8.753910064697266,8218,0.0,0.0
2023-02-01 00:00:00+02:00,8.772735987893066,8.772735987893066,8.58448002418457,8.659782409667969,15906,0.0,0.0
2023-02-02 00:00:00+02:00,8.697433214997668,8.74449742824721,8.612717810683534,8.706846237182617,6436,0.0,0.0
2023-02-03 00:00:00+02:00,8.706846625013902,8.706846625013902,8.612718194322033,8.659782409667969,5647,0.0,0.0
2023-02-06 00:00:00+02:00,8.622131094109125,8.688020456049733,8.565654754638672,8.565654754638672,8244,0.0,0.0
2023-02-07 00:00:00+02:00,8.565654701652093,8.584479848800717,8.443288103322752,8.499764442443848,3292,0.0,0.0
2023-02-08 00:00:00+02:00,8.565654833203032,8.565654833203032,8.28327044023503,8.462113380432129,2107,0.0,0.0
2023-02-09 00:00:00+02:00,8.462113432005195,8.622131225739796,8.462113432005195,8.528003692626953,1644,0.0,0.0
2023-02-10 00:00:00+02:00,8.47152640298862,8.47152640298862,8.330334655342236,8.462113380432129,8967,0.0,0.0
2023-02-13 00:00:00+02:00,8.349159240722656,8.471525832693699,8.292682904536132,8.349159240722656,6221,0.0,0.0
2023-02-14 00:00:00+02:00,8.349159368705326,8.49035200668631,8.236205796925654,8.377397537231445,7904,0.0,0.0
2023-02-15 00:00:00+02:00,8.367985413442439,8.367985413442439,8.20796762899091,8.311508178710938,9048,0.0,0.0
2023-02-16 00:00:00+02:00,8.236206052047697,8.367985672043538,8.236206052047697,8.302095413208008,6869,0.0,0.0
2023-02-17 00:00:00+02:00,8.386810430322424,8.386810430322424,8.264443838357456,8.283269882202148,2971,0.0,0.0
2023-02-20 00:00:00+02:00,8.28327026616587,8.377397796726997,8.28327026616587,8.302095413208008,2486,0.0,0.0
2023-02-21 00:00:00+02:00,8.339747428894043,8.367986498759963,8.283271084512823,8.339747428894043,2184,0.0,0.0
2023-02-22 00:00:00+02:00,8.3585719443865,8.367984965950905,8.226792335510254,8.226792335510254,1550,0.0,0.0
2023-02-23 00:00:00+02:00,8.236206493640939,8.358573097838923,8.236206493640939,8.255032539367676,1849,0.0,0.0
2023-02-24 00:00:00+02:00,8.283269882613318,8.35857226264547,8.245618692597242,8.349159240722656,2443,0.0,0.0
2023-02-27 00:00:00+02:00,8.35857226264547,8.35857226264547,8.245618692597242,8.349159240722656,2505,0.0,0.0
2023-02-28 00:00:00+02:00,8.349159680565428,8.367985725402832,8.283270318984966,8.367985725402832,671,0.0,0.0
2023-03-01 00:00:00+02:00,8.367985284152908,8.377397408400077,8.264443838357456,8.283269882202148,1254,0.0,0.0
2023-03-02 00:00:00+02:00,8.245619126985385,8.377397850146307,8.245619126985385,8.367985725402832,2233,0.0,0.0
2023-03-03 00:00:00+02:00,8.358572262230563,8.358572262230563,8.245618692187941,8.283269882202148,3985,0.0,0.0
2023-03-06 00:00:00+02:00,8.302095028371662,8.320921072216356,8.245618692187941,8.283269882202148,4043,0.0,0.0
2023-03-07 00:00:00+02:00,8.283270396209206,8.367985803416866,8.264444351196289,8.264444351196289,833,0.0,0.0
2023-03-08 00:00:00+02:00,8.264444351196289,8.273857373702748,8.245619203858606,8.264444351196289,912,0.0,0.0
2023-03-09 00:00:00+02:00,8.273856606869474,8.358572006225586,8.245618439642488,8.358572006225586,923,0.0,0.0
2023-03-10 00:00:00+02:00,8.32092101509195,8.32092101509195,8.189141402109323,8.217379570007324,3649,0.0,0.0
2023-03-13 00:00:00+02:00,8.2173800939195,8.283270353449339,7.812630002658754,8.000885963439941,14883,0.0,0.0
2023-03-14 00:00:00+02:00,8.010298726541384,8.179728636921059,7.8691060872705885,8.142077445983887,2517,0.0,0.0
2023-03-15 00:00:00+02:00,8.01971182631632,8.264444120939073,7.906757354736328,7.906757354736328,2494,0.0,0.0
2023-03-16 00:00:00+02:00,7.944408344248769,8.142077317980117,7.906757153903522,8.04794979095459,1985,0.0,0.0
2023-03-17 00:00:00+02:00,8.17972917612073,8.17972917612073,7.859694480895996,7.859694480895996,2317,0.0,0.0
2023-03-20 00:00:00+02:00,7.8126299196892175,8.236206051367352,7.567896724435106,7.822042942047119,3007,0.0,0.0
2023-03-21 00:00:00+02:00,7.812630297232607,8.123252868652344,7.812630297232607,8.123252868652344,1517,0.0,0.0
2023-03-22 00:00:00+02:00,7.982059955596924,7.982059955596924,7.925583615937877,7.982059955596924,509,0.0,0.0
2023-03-23 00:00:00+02:00,7.9538213662538775,8.123252171645087,7.925583197913738,8.04794979095459,1383,0.0,0.0
2023-03-24 00:00:00+02:00,8.029124133138312,8.029124133138312,7.8314551498992575,8.000885963439941,1461,0.0,0.0
2023-03-27 00:00:00+03:00,8.000885963439941,8.179728901763262,7.869106342055495,8.000885963439941,2896,0.0,0.0
2023-03-28 00:00:00+03:00,7.916170822187019,7.991473209025222,7.840868435348815,7.859694480895996,1309,0.0,0.0
2023-03-29 00:00:00+03:00,7.859693911718883,8.047949865181419,7.859693911718883,7.878519058227539,4459,0.0,0.0
2023-03-30 00:00:00+03:00,7.936591631854086,8.033379706148684,7.917234570818858,8.023700714111328,2398,0.23,0.0
2023-03-31 00:00:00+03:00,8.062416095075498,8.062416095075498,7.9946649940706775,8.00434398651123,897,0.0,0.0
2023-04-03 00:00:00+03:00,8.033380185010772,8.188240374681609,8.033380185010772,8.110810279846191,1275,0.0,0.0
2023-04-04 00:00:00+03:00,8.130167174237137,8.168882220855808,7.975306987762451,7.975306987762451,1764,0.0,0.0
2023-04-05 00:00:00+03:00,8.014022216628916,8.033380201898234,7.8785200119018555,7.8785200119018555,927,0.0,0.0
2023-04-06 00:00:00+03:00,7.975306831219462,7.975306831219462,7.878519678092327,7.897876739501953,2980,0.0,0.0
2023-04-11 00:00:00+03:00,7.897877074131632,7.917235059400951,7.8591620266325375,7.8785200119018555,1044,0.0,0.0
2023-04-12 00:00:00+03:00,7.878519838633872,7.936591947085595,7.839804791986216,7.859161853790283,3310,0.0,0.0
2023-04-13 00:00:00+03:00,7.897877054647198,7.936592102050781,7.839804945061594,7.936592102050781,5768,0.0,0.0
2023-04-14 00:00:00+03:00,7.936592102050781,7.936592102050781,7.897877054647198,7.936592102050781,2293,0.0,0.0
2023-04-17 00:00:00+03:00,7.839804791986216,7.936591947085595,7.839804791986216,7.859161853790283,2904,0.0,0.0
2023-04-18 00:00:00+03:00,7.859161866031826,7.917234897613526,7.859161866031826,7.917234897613525,2699,0.0,0.0
2023-04-19 00:00:00+03:00,7.897876900437939,7.936591947085595,7.839804791986216,7.859161853790283,7024,0.0,0.0
2023-04-20 00:00:00+03:00,7.859161710804922,7.878519695296322,7.801089603409732,7.839804649353027,4677,0.0,0.0
2023-04-21 00:00:00+03:00,7.859162015522981,7.859162015522981,7.801089905876199,7.820446968078613,2812,0.0,0.0
2023-04-24 00:00:00+03:00,7.820446813173135,7.859161859850644,7.743016719818115,7.743016719818115,4589,0.0,0.0
2023-04-25 00:00:00+03:00,7.762374544111194,7.781731605529785,7.7430165596531,7.781731605529785,2266,0.0,0.0
2023-04-26 00:00:00+03:00,7.820446813173135,7.8398047980316505,7.665586626463096,7.743016719818115,1644,0.0,0.0
2023-04-27 00:00:00+03:00,7.859162018251915,8.014022208083158,7.859162018251915,7.994665145874023,9207,0.0,0.0
2023-04-28 00:00:00+03:00,7.723659199524806,7.878519847815668,7.472010934502007,7.684944152832031,19887,0.0,0.0
2023-05-02 00:00:00+03:00,7.68494399638075,7.743016565237662,7.568798858666925,7.607513904571533,9801,0.0,0.0
2023-05-03 00:00:00+03:00,7.626871743366427,7.704301838382164,7.568799172104624,7.646229267120361,2364,0.0,0.0
2023-05-04 00:00:00+03:00,7.743016885890032,7.743016885890032,7.54944164835069,7.646229267120361,4881,0.0,0.0
2023-05-05 00:00:00+03:00,7.646229267120361,7.68494431462823,7.568799172104624,7.646229267120361,3976,0.0,0.0
2023-05-08 00:00:00+03:00,7.665586790874295,7.68494431462823,7.588156695858558,7.646229267120361,3437,0.0,0.0
2023-05-09 00:00:00+03:00,7.646229267120361,7.743016885890032,7.607514219612493,7.646229267120361,3045,0.0,0.0
2023-05-10 00:00:00+03:00,7.684944155908357,7.704301679262493,7.588156539137675,7.626871585845947,1491,0.0,0.0
2023-05-11 00:00:00+03:00,7.568799021983761,7.646229115463735,7.510726451873779,7.510726451873779,1936,0.0,0.0
2023-05-12 00:00:00+03:00,7.510726605074911,7.646229271428802,7.472011096025456,7.588156700134277,2151,0.0,0.0
2023-05-15 00:00:00+03:00,7.549441492429401,7.646229109200084,7.549441492429401,7.626871585845947,1404,0.0,0.0
2023-05-16 00:00:00+03:00,7.568798860542551,7.588156383499652,7.549441337585449,7.549441337585449,3757,0.0,0.0
2023-05-17 00:00:00+03:00,7.549441337585449,7.607513906456753,7.491368307194395,7.549441337585449,2454,0.0,0.0
2023-05-19 00:00:00+03:00,7.472010784237294,7.568798860542551,7.472010784237294,7.549441337585449,3664,0.0,0.0
2023-05-22 00:00:00+03:00,7.549441498613767,7.549441498613767,7.510726451873779,7.510726451873779,760,0.0,0.0
2023-05-23 00:00:00+03:00,7.510726291671247,7.626871429413854,7.510726291671247,7.549441337585449,1572,0.0,0.0
2023-05-24 00:00:00+03:00,7.549441498613767,7.549441498613767,7.4913684669840235,7.510726451873779,1863,0.0,0.0
2023-05-25 00:00:00+03:00,7.510726609372275,7.607514228251862,7.491368624076586,7.530084133148193,1912,0.0,0.0
2023-05-26 00:00:00+03:00,7.510726451873779,7.549441498613767,7.4913684669840235,7.510726451873779,1086,0.0,0.0
2023-05-29 00:00:00+03:00,7.510726598339688,7.549441645834654,7.472011089324951,7.472011089324951,1888,0.0,0.0
2023-05-30 00:00:00+03:00,7.549441645834654,7.646229264572068,7.472011089324951,7.472011089324951,733,0.0,0.0
2023-05-31 00:00:00+03:00,7.47201093138886,7.549441486261911,7.452653408050537,7.452653408050537,1310,0.0,0.0
2023-06-01 00:00:00+03:00,7.491368293762207,7.530083801126743,7.4526532479174215,7.491368293762207,1866,0.0,0.0
2023-06-02 00:00:00+03:00,7.472011089324951,7.530084122087171,7.452653565577468,7.472011089324951,1982,0.0,0.0
2023-06-05 00:00:00+03:00,7.472011111467224,7.549441668206382,7.162290730589684,7.181648254394531,12467,0.0,0.0
2023-06-06 00:00:00+03:00,7.23972050287648,7.433295732290389,7.23972050287648,7.259078025817871,1223,0.0,0.0
2023-06-07 00:00:00+03:00,7.355865638677011,7.355865638677011,7.297793069867427,7.317150592803955,1533,0.0,0.0
2023-06-08 00:00:00+03:00,7.452653574202206,7.472011097972091,7.259078336503359,7.355865955352783,5726,0.0,0.0
2023-06-09 00:00:00+03:00,7.355865791358926,7.530083962923588,7.259078174667313,7.452653408050537,2438,0.0,0.0
2023-06-12 00:00:00+03:00,7.45265356985606,7.588156697686003,7.259078332270098,7.413938522338867,5491,0.0,0.0
2023-06-13 00:00:00+03:00,7.394580841064453,7.530083966007974,7.35586579437195,7.394580841064453,3283,0.0,0.0
2023-06-14 00:00:00+03:00,7.375223163466217,7.375223163466217,7.259078025817871,7.259078025817871,4619,0.0,0.0
2023-06-15 00:00:00+03:00,7.259078332270098,7.491368617373252,7.259078332270098,7.413938522338867,3663,0.0,0.0
2023-06-16 00:00:00+03:00,7.433295884712215,7.452653408050537,7.355865791358926,7.452653408050537,3148,0.0,0.0
2023-06-19 00:00:00+03:00,7.684944162203723,7.684944162203723,7.47201094361403,7.510726451873779,2947,0.0,0.0
2023-06-20 00:00:00+03:00,7.510726605074911,7.6268717476639605,7.510726605074911,7.588156700134277,1363,0.0,0.0
2023-06-21 00:00:00+03:00,7.588156539137675,7.646229109200084,7.568799015783538,7.626871585845947,5580,0.0,0.0
2023-06-22 00:00:00+03:00,7.646229115463735,7.646229115463735,7.47201094361403,7.510726451873779,1563,0.0,0.0
2023-06-26 00:00:00+03:00,7.51072627820435,7.549441324049136,7.491368293762207,7.491368293762207,1127,0.0,0.0
2023-06-27 00:00:00+03:00,7.491368454727183,7.491368454727183,7.355865791358926,7.452653408050537,2051,0.0,0.0
2023-06-28 00:00:00+03:00,7.394580682721781,7.491368297380492,7.355865636858296,7.375223159790039,3067,0.0,0.0
2023-06-29 00:00:00+03:00,7.375223314697248,7.452653408050537,7.355865791358926,7.452653408050537,2059,0.0,0.0
2023-06-30 00:00:00+03:00,7.355865955352783,7.375223479122668,7.317150907813013,7.355865955352783,4258,0.0,0.0
2023-07-03 00:00:00+03:00,7.607514068723749,7.607514068723749,7.3365082800240735,7.510726451873779,1412,0.0,0.0
2023-07-04 00:00:00+03:00,7.530084133148193,7.530084133148193,7.413938528972917,7.530084133148193,1153,0.0,0.0
2023-07-05 00:00:00+03:00,7.510726280003998,7.530083802931029,7.355865635068,7.433295726776123,2065,0.0,0.0
2023-07-06 00:00:00+03:00,7.433296073175486,7.530084153840817,7.007430087415256,7.065503120422363,25506,0.0,0.0
2023-07-07 00:00:00+03:00,7.06550294417818,7.413938364410705,7.06550294417818,7.394580841064453,2322,0.0,0.0
2023-07-10 00:00:00+03:00,7.433295890849899,7.433295890849899,7.278435704015451,7.336508274078369,3061,0.0,0.0
2023-07-11 00:00:00+03:00,7.336508274078369,7.394580844141287,7.297793227369757,7.336508274078369,491,0.0,0.0
2023-07-12 00:00:00+03:00,7.162290739567922,7.162290739567922,7.026788072764139,7.065503120422363,9740,0.0,0.0
2023-07-13 00:00:00+03:00,7.065502803796826,7.104217849720117,7.026787757873535,7.026787757873535,3958,0.0,0.0
2023-07-14 00:00:00+03:00,7.046145280835181,7.123575372681762,7.026787757873535,7.026787757873535,2894,0.0,0.0
2023-07-17 00:00:00+03:00,7.046145267267531,7.142932881889389,6.968714714050293,6.968714714050293,5569,0.0,0.0
2023-07-18 00:00:00+03:00,6.968715033424559,6.968715033424559,6.871927414366951,6.949357509613037,1140,0.0,0.0
2023-07-19 00:00:00+03:00,7.065502798207462,7.530083810439183,7.04614527526113,7.201005458831787,6900,0.0,0.0
2023-07-20 00:00:00+03:00,7.259078345173621,7.413938535517665,7.1429332024155885,7.239720821380615,4473,0.0,0.0
2023-07-21 00:00:00+03:00,7.259078027670783,7.259078027670783,7.201005458831787,7.201005458831787,1691,0.0,0.0
2023-07-24 00:00:00+03:00,7.201005616735397,7.3558658037018265,7.181648093364593,7.220363140106201,1407,0.0,0.0
2023-07-25 00:00:00+03:00,7.23972050287648,7.336508117583435,7.23972050287648,7.259078025817871,740,0.0,0.0
2023-07-26 00:00:00+03:00,7.259078025817871,7.355865640524826,7.259078025817871,7.259078025817871,568,0.0,0.0
2023-07-27 00:00:00+03:00,7.259078029553824,7.336508121359238,7.1235753688943495,7.142932891845703,3501,0.0,0.0
2023-07-28 00:00:00+03:00,7.142933052909715,7.142933052909715,7.084860482746192,7.104218006134033,982,0.0,0.0
2023-07-31 00:00:00+03:00,7.104217847816076,7.201005462598363,7.065502801903162,7.084860324859619,1951,0.0,0.0
2023-08-01 00:00:00+03:00,7.201005619878623,7.201005619878623,7.065502956223851,7.162290573120117,3890,0.0,0.0
2023-08-02 00:00:00+03:00,7.201005458831787,7.201005458831787,7.104217844100127,7.201005458831787,1299,0.0,0.0
2023-08-03 00:00:00+03:00,7.201005778199377,7.201005778199377,7.123575682979992,7.181648254394531,760,0.0,0.0
2023-08-04 00:00:00+03:00,7.201005616735397,7.220363140106201,7.16229056999379,7.220363140106201,5456,0.0,0.0
2023-08-07 00:00:00+03:00,7.220363146461079,7.220363146461079,7.104218006134033,7.104218006134033,2442,0.0,0.0
2023-08-08 00:00:00+03:00,7.162290573120117,7.2203631432578765,7.162290573120117,7.162290573120117,1009,0.0,0.0
2023-08-09 00:00:00+03:00,7.162290409311729,7.317150592803955,7.162290409311729,7.317150592803955,4032,0.0,0.0
2023-08-10 00:00:00+03:00,7.259078025817871,7.355865640524826,7.259078025817871,7.259078025817871,721,0.0,0.0
2023-08-11 00:00:00+03:00,7.355865640524826,7.355865640524826,7.259078025817871,7.259078025817871,312,0.0,0.0
2023-08-14 00:00:00+03:00,7.317150921028454,7.355865968638147,7.181648254394531,7.181648254394531,784,0.0,0.0
2023-08-15 00:00:00+03:00,7.201005769459933,7.336508435929406,7.201005769459933,7.297793388366699,1387,0.0,0.0
2023-08-16 00:00:00+03:00,7.317150921028454,7.317150921028454,7.181648254394531,7.181648254394531,499,0.0,0.0
2023-08-17 00:00:00+03:00,7.181648254394531,7.239720825809069,7.162290730589684,7.181648254394531,2937,0.0,0.0
2023-08-18 00:00:00+03:00,7.18164809649937,7.18164809649937,7.162290573120117,7.162290573120117,1278,0.0,0.0
2023-08-21 00:00:00+03:00,7.162290404813761,7.162290404813761,6.910642145277179,6.968714714050293,13110,0.0,0.0
2023-08-22 00:00:00+03:00,7.026787915751379,7.065502962544519,6.871927267059056,7.046145439147949,2619,0.0,0.0
2023-08-23 00:00:00+03:00,6.968714714050293,7.0655027901919025,6.968714714050293,6.968714714050293,584,0.0,0.0
2023-08-24 00:00:00+03:00,7.0655029502965245,7.0655029502965245,6.988072395324707,6.988072395324707,1816,0.0,0.0
2023-08-25 00:00:00+03:00,6.988072552799888,7.046145585717359,6.891284933803724,7.007430076599121,1521,0.0,0.0
2023-08-28 00:00:00+03:00,7.007429759899036,7.007429759899036,6.852569576504064,6.968714714050293,5159,0.0,0.0
2023-08-29 00:00:00+03:00,6.968715033424559,6.98807255723608,6.891284938178472,6.949357509613037,5729,0.0,0.0
2023-08-30 00:00:00+03:00,6.949357509613037,6.968715033424559,6.910642461989994,6.949357509613037,3869,0.0,0.0
2023-08-31 00:00:00+03:00,6.910642147064209,6.910642147064209,6.871927101205454,6.910642147064209,3790,0.0,0.0
2023-09-01 00:00:00+03:00,6.91064230811353,6.91064230811353,6.871927261352539,6.871927261352539,3610,0.0,0.0
2023-09-04 00:00:00+03:00,6.871927258223579,6.929999828338623,6.871927258223579,6.929999828338623,9673,0.0,0.0
2023-09-05 00:00:00+03:00,6.891284942626953,6.9106424664509705,6.813854847330885,6.891284942626953,6052,0.0,0.0
2023-09-06 00:00:00+03:00,6.8719271030125935,6.891284625947061,6.81385453420919,6.852569580078125,1697,0.0,0.0
2023-09-07 00:00:00+03:00,6.871927258223579,6.929999828338623,6.833212211480216,6.929999828338623,1662,0.0,0.0
2023-09-08 00:00:00+03:00,6.852569737972044,6.871927261352539,6.7751396444500624,6.871927261352539,1548,0.0,0.0
2023-09-11 00:00:00+03:00,6.775139647587536,6.833212217755914,6.775139647587536,6.813854694366455,952,0.0,0.0
2023-09-12 00:00:00+03:00,6.8525698994775945,6.929999994824496,6.717067232620517,6.833212375640869,3580,0.0,0.0
2023-09-13 00:00:00+03:00,6.775139804130693,6.833212375640869,6.697709708783791,6.833212375640869,1907,0.0,0.0
2023-09-14 00:00:00+03:00,6.833212375640869,6.910642470987771,6.775139804130693,6.833212375640869,2008,0.0,0.0
2023-09-15 00:00:00+03:00,6.910642147064209,6.910642147064209,6.871927101205454,6.910642147064209,1351,0.0,0.0
2023-09-18 00:00:00+03:00,6.91064230811353,6.968714878255017,6.871927261352539,6.871927261352539,997,0.0,0.0
2023-09-19 00:00:00+03:00,6.8719272645348335,6.949357358092672,6.794497170976995,6.813854694366455,2594,0.0,0.0
2023-09-20 00:00:00+03:00,6.929999834703213,6.929999834703213,6.813854694366455,6.813854694366455,1889,0.0,0.0
2023-09-21 00:00:00+03:00,6.8525698994775945,6.910642470987771,6.833212375640869,6.833212375640869,1741,0.0,0.0
2023-09-22 00:00:00+03:00,6.891284942626953,6.891284942626953,6.794497323506867,6.891284942626953,5284,0.0,0.0
2023-09-25 00:00:00+03:00,6.89128478159526,6.929999828338623,6.794497164736853,6.929999828338623,4336,0.0,0.0
2023-09-26 00:00:00+03:00,7.0,7.059999942779541,6.840000152587891,6.920000076293945,6113,0.23,0.0
2023-09-27 00:00:00+03:00,6.940000057220459,6.940000057220459,6.78000020980835,6.900000095367432,6979,0.0,0.0
2023-09-28 00:00:00+03:00,6.800000190734863,6.900000095367432,6.800000190734863,6.840000152587891,1001,0.0,0.0
2023-09-29 00:00:00+03:00,6.840000152587891,6.980000019073486,6.840000152587891,6.980000019073486,484,0.0,0.0
2023-10-02 00:00:00+03:00,6.980000019073486,7.0,6.78000020980835,6.78000020980835,2992,0.0,0.0
2023-10-03 00:00:00+03:00,6.78000020980835,6.840000152587891,6.760000228881836,6.760000228881836,1394,0.0,0.0
2023-10-04 00:00:00+03:00,6.760000228881836,6.800000190734863,6.71999979019165,6.71999979019165,1604,0.0,0.0
2023-10-05 00:00:00+03:00,6.71999979019165,6.760000228881836,6.71999979019165,6.71999979019165,452,0.0,0.0
2023-10-06 00:00:00+03:00,6.71999979019165,6.71999979019165,6.519999980926514,6.539999961853027,2537,0.0,0.0
2023-10-09 00:00:00+03:00,6.699999809265137,6.699999809265137,6.5,6.5,6315,0.0,0.0
2023-10-10 00:00:00+03:00,6.5,6.639999866485596,6.5,6.639999866485596,2228,0.0,0.0
2023-10-11 00:00:00+03:00,6.639999866485596,6.639999866485596,6.599999904632568,6.639999866485596,1168,0.0,0.0
2023-10-12 00:00:00+03:00,6.639999866485596,6.639999866485596,6.539999961853027,6.599999904632568,2929,0.0,0.0
2023-10-13 00:00:00+03:00,6.639999866485596,6.639999866485596,6.559999942779541,6.579999923706055,1759,0.0,0.0
2023-10-16 00:00:00+03:00,6.639999866485596,6.639999866485596,6.599999904632568,6.599999904632568,1804,0.0,0.0
2023-10-17 00:00:00+03:00,6.599999904632568,6.599999904632568,6.519999980926514,6.519999980926514,2928,0.0,0.0
2023-10-18 00:00:00+03:00,6.519999980926514,6.519999980926514,6.360000133514404,6.360000133514404,3989,0.0,0.0
2023-10-19 00:00:00+03:00,6.480000019073486,6.480000019073486,6.340000152587891,6.460000038146973,5238,0.0,0.0
2023-10-20 00:00:00+03:00,6.460000038146973,6.460000038146973,6.320000171661377,6.460000038146973,693,0.0,0.0
2023-10-23 00:00:00+03:00,6.360000133514404,6.380000114440918,6.199999809265137,6.300000190734863,2529,0.0,0.0
2023-10-24 00:00:00+03:00,6.199999809265137,6.400000095367432,6.199999809265137,6.400000095367432,3074,0.0,0.0
2023-10-25 00:00:00+03:00,6.400000095367432,6.460000038146973,6.260000228881836,6.320000171661377,6021,0.0,0.0
2023-10-26 00:00:00+03:00,6.320000171661377,6.400000095367432,6.159999847412109,6.340000152587891,4510,0.0,0.0
2023-10-27 00:00:00+03:00,6.199999809265137,6.340000152587891,6.199999809265137,6.300000190734863,3212,0.0,0.0
2023-10-30 00:00:00+02:00,6.300000190734863,6.380000114440918,6.199999809265137,6.239999771118164,4308,0.0,0.0
2023-10-31 00:00:00+02:00,6.260000228881836,6.380000114440918,6.260000228881836,6.300000190734863,3915,0.0,0.0
2023-11-01 00:00:00+02:00,6.400000095367432,6.400000095367432,6.360000133514404,6.360000133514404,786,0.0,0.0
2023-11-02 00:00:00+02:00,6.400000095367432,6.440000057220459,6.300000190734863,6.440000057220459,3872,0.0,0.0
2023-11-03 00:00:00+02:00,6.440000057220459,6.440000057220459,6.340000152587891,6.380000114440918,1239,0.0,0.0
2023-11-06 00:00:00+02:00,6.380000114440918,6.440000057220459,6.380000114440918,6.400000095367432,1476,0.0,0.0
2023-11-07 00:00:00+02:00,6.440000057220459,6.440000057220459,6.360000133514404,6.400000095367432,1898,0.0,0.0
2023-11-08 00:00:00+02:00,6.380000114440918,6.400000095367432,6.340000152587891,6.360000133514404,1633,0.0,0.0
2023-11-09 00:00:00+02:00,6.340000152587891,6.400000095367432,6.340000152587891,6.400000095367432,932,0.0,0.0
2023-11-10 00:00:00+02:00,6.400000095367432,6.440000057220459,6.400000095367432,6.440000057220459,924,0.0,0.0
2023-11-13 00:00:00+02:00,6.440000057220459,6.440000057220459,6.320000171661377,6.340000152587891,2385,0.0,0.0
