Date,Open,High,Low,Close,Volume,Dividends,Stock Splits
2021-03-25 00:00:00+02:00,7.290546560206688,7.290546560206688,6.653535162277137,6.757425308227539,1633482,0.0,0.0
2021-03-26 00:00:00+02:00,7.199415204003378,7.471899636281675,7.108283453988239,7.372565746307373,483743,0.0,0.0
2021-03-29 00:00:00+03:00,7.477366883176058,8.429694614565898,7.3999047897916865,8.042384147644043,412834,0.0,0.0
2021-03-30 00:00:00+03:00,8.201864954399953,8.347675747866477,7.746205790266623,7.837337970733643,280189,0.0,0.0
2021-03-31 00:00:00+03:00,7.89201672351399,7.89201672351399,7.381678937342217,7.5639424324035645,124816,0.0,0.0
2021-04-01 00:00:00+03:00,7.63684771139983,7.892016600508642,7.563942314511598,7.746205806732178,53142,0.0,0.0
2021-04-06 00:00:00+03:00,7.928469534589062,8.201865215595769,7.855564135534061,8.110733032226562,94394,0.0,0.0
2021-04-07 00:00:00+03:00,8.183638818908616,8.201865604086155,8.12896020157791,8.165412902832031,66039,0.0,0.0
2021-04-08 00:00:00+03:00,8.201866313120393,8.220093099873598,8.128960904309627,8.183639526367188,68976,0.0,0.0
2021-04-09 00:00:00+03:00,8.220091590144145,8.27477020215925,8.092506713607454,8.147185325622559,45997,0.0,0.0
2021-04-12 00:00:00+03:00,8.165412337119802,8.256544518491808,8.147185553205043,8.220091819763184,27723,0.0,0.0
2021-04-13 00:00:00+03:00,8.238317895669448,8.329450078823458,8.183638411956862,8.201865196228027,41657,0.0,0.0
2021-04-14 00:00:00+03:00,8.292997379382035,8.292997379382035,8.092507097903763,8.201865196228027,215748,0.0,0.0
2021-04-15 00:00:00+03:00,8.220092365683941,8.292997767983053,8.201865580558687,8.256545066833496,85496,0.0,0.0
2021-04-16 00:00:00+03:00,8.256544938252752,8.493487057484447,8.256544938252752,8.43880844116211,26757,0.0,0.0
2021-04-19 00:00:00+03:00,8.43880805346784,8.43880805346784,8.329449956746338,8.38412857055664,29842,0.0,0.0
2021-04-20 00:00:00+03:00,8.402353684715612,8.420579595996614,8.274768829345703,8.274768829345703,86202,0.0,0.0
2021-04-21 00:00:00+03:00,8.292997115500022,8.365902512063025,8.256544417218521,8.311223030090332,18675,0.0,0.0
2021-04-22 00:00:00+03:00,8.329449813781524,8.365902512063025,8.274770331808831,8.311223030090332,11452,0.0,0.0
2021-04-23 00:00:00+03:00,8.329449409780025,8.347675323486328,8.27476993045944,8.347675323486328,16290,0.0,0.0
2021-04-26 00:00:00+03:00,8.329449956746338,8.38412857055664,8.256544558932001,8.38412857055664,27731,0.0,0.0
2021-04-27 00:00:00+03:00,8.384128426653335,8.384128426653335,8.220091718937018,8.311223030090332,31627,0.0,0.0
2021-04-28 00:00:00+03:00,8.329449813781524,8.347675728371835,8.238317633527329,8.311223030090332,20470,0.0,0.0
2021-04-29 00:00:00+03:00,8.311223554575092,8.43880844116211,8.238318153411349,8.43880844116211,38001,0.0,0.0
2021-04-30 00:00:00+03:00,8.43880830064558,8.43880830064558,8.329450200720911,8.3659029006958,26710,0.0,0.0
2021-05-03 00:00:00+03:00,8.384129386290406,8.56639289855957,8.365903469613981,8.56639289855957,28771,0.0,0.0
2021-05-04 00:00:00+03:00,8.548164925824013,8.566390838116625,8.438806844766017,8.493485450744629,20323,0.0,0.0
2021-05-05 00:00:00+03:00,8.493487196488715,8.511713981628418,8.420581794131804,8.511713981628418,40660,0.0,0.0
2021-05-06 00:00:00+03:00,8.420582361064557,8.493487768329974,8.402356443798709,8.457035064697266,68102,0.0,0.0
2021-05-07 00:00:00+03:00,8.475259538452015,8.566390838116625,8.438806844766017,8.493485450744629,26365,0.0,0.0
2021-05-10 00:00:00+03:00,8.566391541601702,8.621071021171447,8.475260234453248,8.60284423828125,25589,0.0,0.0
2021-05-11 00:00:00+03:00,9.113183387537742,9.24988079071045,9.022051206022006,9.24988079071045,126971,0.0,0.0
2021-05-12 00:00:00+03:00,9.295447361659994,9.386579547883509,8.78510955229094,8.949146270751953,60266,0.0,0.0
2021-05-14 00:00:00+03:00,9.040277640783437,9.113183035539686,8.803334673275199,9.022050857543945,75180,0.0,0.0
2021-05-17 00:00:00+03:00,9.022051367302481,9.113183550447317,8.8944673538208,8.8944673538208,13639,0.0,0.0
2021-05-18 00:00:00+03:00,8.93091900230183,9.094955695918046,8.894466307153692,8.985597610473633,15938,0.0,0.0
2021-05-19 00:00:00+03:00,8.98559921885011,8.98559921885011,8.803335710485182,8.930920600891113,11731,0.0,0.0
2021-05-20 00:00:00+03:00,9.094957323869068,9.094957323869068,8.930920600891113,8.930920600891113,8070,0.0,0.0
2021-05-21 00:00:00+03:00,9.022052057920998,9.022052057920998,8.894468034673038,9.003826141357422,6031,0.0,0.0
2021-05-24 00:00:00+03:00,9.003824392598105,9.07672978289438,8.93091900230183,8.985597610473633,8784,0.0,0.0
2021-05-25 00:00:00+03:00,9.022050561336641,9.022050561336641,8.876239776611328,8.876239776611328,36291,0.0,0.0
2021-05-26 00:00:00+03:00,8.876241249822156,8.985599356516566,8.7486572265625,8.7486572265625,10892,0.0,0.0
2021-05-27 00:00:00+03:00,8.748656289252194,8.76688220386476,8.621071410560704,8.657524108886719,28666,0.0,0.0
2021-05-28 00:00:00+03:00,8.657523313716615,8.839786788606277,8.621070618738681,8.639296531677246,32424,0.0,0.0
2021-05-31 00:00:00+03:00,8.639298303467237,8.748657279929716,8.438808874521646,8.56639289855957,40823,0.0,0.0
2021-06-01 00:00:00+03:00,8.584618207160702,8.930919255433736,8.566391424519622,8.876239776611328,85812,0.0,0.0
2021-06-02 00:00:00+03:00,8.876240694724878,8.876240694724878,8.69397719496582,8.712203979492188,52474,0.0,0.0
2021-06-03 00:00:00+03:00,8.785108987578209,8.89446708255625,8.63929732517327,8.657524108886719,60984,0.0,0.0
2021-06-04 00:00:00+03:00,8.657524108886719,8.76688220386476,8.63929732517327,8.657524108886719,19360,0.0,0.0
2021-06-07 00:00:00+03:00,8.657524108886719,8.748656289252194,8.621071410560704,8.657524108886719,34931,0.0,0.0
2021-06-08 00:00:00+03:00,8.675750732421875,8.748656127727868,8.675750732421875,8.675750732421875,9839,0.0,0.0
2021-06-09 00:00:00+03:00,8.675751157613163,8.74865655649219,8.548166275024414,8.548166275024414,27798,0.0,0.0
2021-06-10 00:00:00+03:00,8.566391928521242,8.657524108886719,8.493486531869214,8.657524108886719,96832,0.0,0.0
2021-06-11 00:00:00+03:00,8.657524536482171,8.657524536482171,8.511713735976514,8.529939651489258,27806,0.0,0.0
2021-06-14 00:00:00+03:00,8.52993989766717,8.566392598845626,8.457034495310259,8.511713981628418,26787,0.0,0.0
2021-06-15 00:00:00+03:00,8.511713735976514,8.621071836355757,8.4752610358501,8.529939651489258,21607,0.0,0.0
2021-06-16 00:00:00+03:00,8.657523313716615,8.657523313716615,8.58461792376075,8.639296531677246,13495,0.0,0.0
2021-06-17 00:00:00+03:00,8.657524515528912,8.67575130009847,8.566392330882977,8.621071815490723,18387,0.0,0.0
2021-06-18 00:00:00+03:00,8.6392969349608,8.657523717850996,8.566391541601702,8.60284423828125,11242,0.0,0.0
2021-06-21 00:00:00+03:00,8.602845324027784,8.602845324027784,8.420581817626953,8.420581817626953,13265,0.0,0.0
2021-06-22 00:00:00+03:00,8.420581251761854,8.566392047083998,8.384128552931319,8.475260734558105,8871,0.0,0.0
2021-06-23 00:00:00+03:00,8.475261552462918,8.529940171435033,8.402356147766113,8.402356147766113,13647,0.0,0.0
2021-06-24 00:00:00+03:00,8.40235563559727,8.529939651489258,8.40235563559727,8.529939651489258,19255,0.0,0.0
2021-06-28 00:00:00+03:00,8.529939230195227,8.657524108886719,8.511713315582663,8.657524108886719,16357,0.0,0.0
2021-06-29 00:00:00+03:00,8.621072334201868,8.985599356516566,8.584619631970398,8.7486572265625,25831,0.0,0.0
2021-06-30 00:00:00+03:00,8.748656127727868,8.748656127727868,8.58461855373895,8.675750732421875,35618,0.0,0.0
2021-07-01 00:00:00+03:00,8.693977494011994,8.803335597629014,8.602845306447337,8.76688289642334,47952,0.0,0.0
2021-07-02 00:00:00+03:00,8.785110091940478,8.803336008844195,8.621072494302068,8.730430603027344,30205,0.0,0.0
2021-07-05 00:00:00+03:00,8.730429344350936,8.730429344350936,8.621071251391946,8.675750732421875,16998,0.0,0.0
2021-07-06 00:00:00+03:00,8.693976646697939,8.730429344350936,8.621071251391946,8.675750732421875,19221,0.0,0.0
2021-07-07 00:00:00+03:00,8.67575182209956,8.82156263102544,8.67575182209956,8.7486572265625,12231,0.0,0.0
2021-07-08 00:00:00+03:00,8.75321192870947,8.75321192870947,8.584618528473378,8.5891752243042,6604,0.0,0.0
2021-07-09 00:00:00+03:00,8.748656781970105,8.748656781970105,8.60284511135316,8.611958503723145,5134,0.0,0.0
2021-07-12 00:00:00+03:00,8.61195801870398,8.744099593323833,8.58461871223469,8.657524108886719,9678,0.0,0.0
2021-07-13 00:00:00+03:00,8.648409883049988,8.657523274027893,8.548165189595426,8.643853187561035,8431,0.0,0.0
2021-07-14 00:00:00+03:00,8.680308035726902,8.6894214289656,8.484375295700998,8.539053916931152,19448,0.0,0.0
2021-07-15 00:00:00+03:00,8.539052413622766,8.693976595002011,8.475260410384557,8.502599716186523,21561,0.0,0.0
2021-07-16 00:00:00+03:00,8.580062398978795,8.712203979492188,8.580062398978795,8.712203979492188,14625,0.0,0.0
2021-07-19 00:00:00+03:00,8.725872809610385,8.826118381832584,8.657524108886719,8.657524108886719,19078,0.0,0.0
2021-07-20 00:00:00+03:00,8.671194081607535,8.839787483215332,8.671194081607535,8.839787483215332,13640,0.0,0.0
2021-07-21 00:00:00+03:00,8.839788572686045,8.976486858267863,8.812449263210073,8.912693977355957,18029,0.0,0.0
2021-07-22 00:00:00+03:00,9.00382597189016,9.00382597189016,8.721316883113735,8.757769584655762,34354,0.0,0.0
2021-07-23 00:00:00+03:00,8.757770046885927,8.971930440211937,8.757770046885927,8.803336143493652,7342,0.0,0.0
2021-07-26 00:00:00+03:00,8.91269336984024,8.917250065959132,8.775995962677102,8.794221878051758,11580,0.0,0.0
2021-07-27 00:00:00+03:00,8.798777688588402,8.921805864113196,8.798777688588402,8.876239776611328,5919,0.0,0.0
2021-07-28 00:00:00+03:00,8.903581291911614,9.022051920523097,8.876241113831153,8.930920600891113,12563,0.0,0.0
2021-07-29 00:00:00+03:00,8.97648547906954,9.067616786354508,8.903580085601227,9.040277481079102,13308,0.0,0.0
2021-07-30 00:00:00+03:00,9.026608754337136,9.049392236417827,8.885354641840761,9.003826141357422,8520,0.0,0.0
2021-08-02 00:00:00+03:00,9.022051504060105,9.413918680781613,9.022051504060105,9.313673973083496,14525,0.0,0.0
2021-08-03 00:00:00+03:00,9.331900995632092,9.978937149047852,9.331900995632092,9.978937149047852,48799,0.0,0.0
2021-08-04 00:00:00+03:00,10.024501237405312,10.753556046673141,10.024501237405312,10.079180717468262,47121,0.0,0.0
2021-08-05 00:00:00+03:00,10.097407016109225,10.471047391954825,9.978935529043396,10.124746322631836,13615,0.0,0.0
2021-08-06 00:00:00+03:00,10.206764919064186,10.206764919064186,9.878690639669216,9.88780403137207,24790,0.0,0.0
2021-08-09 00:00:00+03:00,9.951595455686402,10.024500846862793,9.887803455682263,10.024500846862793,14115,0.0,0.0
2021-08-10 00:00:00+03:00,10.02450202631267,10.02450202631267,9.614408935420062,9.741992950439453,49553,0.0,0.0
2021-08-11 00:00:00+03:00,9.732881993271175,9.732881993271175,9.459486265654366,9.605297088623047,27382,0.0,0.0
2021-08-12 00:00:00+03:00,9.6144090011767,9.6144090011767,9.38657940811138,9.477710723876953,12131,0.0,0.0
2021-08-13 00:00:00+03:00,9.70554029577917,9.70554029577917,9.395692779930739,9.568842887878418,9366,0.0,0.0
2021-08-16 00:00:00+03:00,9.696427609717418,9.751106224318885,9.523276635577318,9.587069511413574,10911,0.0,0.0
2021-08-17 00:00:00+03:00,9.577956746924318,9.933370372426877,9.477711165084342,9.86957836151123,7683,0.0,0.0
2021-08-18 00:00:00+03:00,9.869576787844055,9.869576787844055,9.74199191725473,9.751105308532715,12242,0.0,0.0
2021-08-19 00:00:00+03:00,9.751106885451462,9.760220278203239,9.204316356859426,9.268108367919922,60087,0.0,0.0
2021-08-20 00:00:00+03:00,9.249881116860376,9.350126693882512,9.040278308724861,9.222541809082031,28200,0.0,0.0
2021-08-23 00:00:00+03:00,9.377466398829593,10.00627571896935,9.377466398829593,9.787559509277344,40702,0.0,0.0
2021-08-24 00:00:00+03:00,9.96982173412391,9.96982173412391,9.659974244824966,9.732879638671875,36085,0.0,0.0
2021-08-25 00:00:00+03:00,10.14297319323005,10.689763673868594,10.079181187764108,10.461934089660645,156075,0.0,0.0
2021-08-26 00:00:00+03:00,10.489274770030345,10.890254475118228,10.270558567255136,10.680651664733887,135973,0.0,0.0
2021-08-27 00:00:00+03:00,10.67153841081996,10.753557205200195,10.461934728614807,10.753557205200195,33349,0.0,0.0
2021-08-30 00:00:00+03:00,10.935821533203125,11.391480763753254,10.753558014803275,10.935821533203125,58777,0.0,0.0
2021-08-31 00:00:00+03:00,11.154537755282945,11.25478334222862,10.890255436327909,10.935821533203125,30404,0.0,0.0
2021-09-01 00:00:00+03:00,11.026951692348506,11.20010178560484,10.981385603880781,11.118083000183105,26190,0.0,0.0
2021-09-02 00:00:00+03:00,11.136310390371316,11.172763089312756,10.66242443503169,10.890254020690918,23369,0.0,0.0
2021-09-03 00:00:00+03:00,10.926705938909906,10.935819330269332,10.70798976088872,10.790008544921875,26003,0.0,0.0
2021-09-06 00:00:00+03:00,10.8902525085774,10.944931983947754,10.799121208427843,10.944931983947754,9931,0.0,0.0
2021-09-07 00:00:00+03:00,10.954046442086849,11.008725053684469,10.735329388393785,10.762669563293457,15894,0.0,0.0
2021-09-08 00:00:00+03:00,10.762670951590271,10.908481760126811,10.525727953167907,10.635086059570312,11364,0.0,0.0
2021-09-09 00:00:00+03:00,10.635084231696542,10.635084231696542,10.389027882755611,10.625970840454102,10894,0.0,0.0
2021-09-10 00:00:00+03:00,10.662424389413324,10.662424389413324,10.279670617615333,10.379916191101074,15817,0.0,0.0
2021-09-13 00:00:00+03:00,10.37991535244905,10.389027874583498,10.042727698651428,10.10651969909668,24970,0.0,0.0
2021-09-14 00:00:00+03:00,10.106521275082837,10.106521275082837,9.842238971754202,9.878691673278809,31149,0.0,0.0
2021-09-15 00:00:00+03:00,9.842237891013687,9.842237891013687,9.404804651650414,9.714653015136719,48882,0.0,0.0
2021-09-16 00:00:00+03:00,9.714653603178393,10.115634169291715,9.714653603178393,9.924257278442383,22776,0.0,0.0
2021-09-17 00:00:00+03:00,9.805785032518786,10.006274431047364,9.641747461812813,9.732879638671875,18884,0.0,0.0
2021-09-20 00:00:00+03:00,9.523276795544527,9.568842887878418,9.167863187362206,9.568842887878418,66022,0.0,0.0
2021-09-21 00:00:00+03:00,9.787558999610576,10.389028979493775,9.787558999610576,10.27055835723877,78822,0.0,0.0
2021-09-22 00:00:00+03:00,10.389029502868652,10.389029502868652,10.234105303990878,10.389029502868652,34337,0.0,0.0
2021-09-23 00:00:00+03:00,10.389028731655085,10.389028731655085,10.11563392484908,10.28878402709961,29562,0.0,0.0
2021-09-24 00:00:00+03:00,10.29789673177083,10.343462819564232,10.033614465490112,10.088293075561523,15508,0.0,0.0
2021-09-27 00:00:00+03:00,10.115633494597237,10.297896981082596,10.070067405700684,10.070067405700684,11919,0.0,0.0
2021-09-28 00:00:00+03:00,10.133859318343728,10.133859318343728,9.605294777698344,9.64174747467041,25885,0.0,0.0
2021-09-29 00:00:00+03:00,9.650862284852055,9.906031201165995,9.477711296956146,9.687314987182617,42960,0.0,0.0
2021-09-30 00:00:00+03:00,9.70554068921121,10.015389086720843,9.70554068921121,9.878691673278809,12902,0.0,0.0
2021-10-01 00:00:00+03:00,9.842238971754202,10.015389086720843,9.596182584637392,9.878691673278809,13242,0.0,0.0
2021-10-04 00:00:00+03:00,9.860465387163064,9.860465387163064,9.568843760202546,9.577957153320312,14771,0.0,0.0
2021-10-05 00:00:00+03:00,9.75110727705287,9.760220670170638,9.486824960344649,9.577957153320312,11638,0.0,0.0
2021-10-06 00:00:00+03:00,9.587069056797512,9.659974452209587,9.304559997750067,9.450370788574219,16625,0.0,0.0
2021-10-07 00:00:00+03:00,9.47771184374063,9.568844039375092,9.313675108340043,9.468599319458008,18598,0.0,0.0
2021-10-08 00:00:00+03:00,9.65997508677107,9.942483295275544,9.386579401466054,9.82401180267334,18676,0.0,0.0
2021-10-11 00:00:00+03:00,9.82401332307607,9.924258915692834,9.577957776591685,9.605297088623047,8937,0.0,0.0
2021-10-12 00:00:00+03:00,9.568842727145812,9.833125015321993,9.413918537273474,9.587069511413574,12489,0.0,0.0
2021-10-13 00:00:00+03:00,9.587069822443604,10.09740763108492,9.587069822443604,9.896917343139648,10262,0.0,0.0
2021-10-14 00:00:00+03:00,10.097406466940372,10.20676455618403,9.942482289903312,10.088293075561523,11662,0.0,0.0
2021-10-15 00:00:00+03:00,10.124747387001568,10.379917171707088,10.033616065979004,10.033616065979004,13667,0.0,0.0
2021-10-18 00:00:00+03:00,10.379915573071004,10.389028095399137,10.179425307137796,10.261444091796875,13395,0.0,0.0
2021-10-19 00:00:00+03:00,10.38902930611214,10.38902930611214,10.206765801796319,10.234105110168457,8587,0.0,0.0
2021-10-20 00:00:00+03:00,10.243218749338142,10.389029556302237,10.215879440307617,10.215879440307617,14974,0.0,0.0
2021-10-21 00:00:00+03:00,10.215878045825438,10.297896830822298,9.997161865234375,9.997161865234375,7082,0.0,0.0
2021-10-22 00:00:00+03:00,10.015388489192363,10.389028874803042,9.997162574067916,10.361689567565918,9281,0.0,0.0
2021-10-25 00:00:00+03:00,10.361689774146885,10.361689774146885,10.097407481316612,10.170312881469727,8455,0.0,0.0
2021-10-26 00:00:00+03:00,10.206764950079084,10.379915916556007,10.11563364007622,10.142972946166992,6468,0.0,0.0
2021-10-27 00:00:00+03:00,10.133860240488705,10.370803226918522,10.133860240488705,10.252331733703613,3303,0.0,0.0
2021-10-28 00:00:00+03:00,10.215878341809631,10.361689133094911,10.142972946166992,10.142972946166992,4901,0.0,0.0
2021-10-29 00:00:00+03:00,10.14297357368754,10.480161266670928,10.14297357368754,10.170312881469727,20818,0.0,0.0
2021-11-01 00:00:00+02:00,10.206765317068044,10.379916289770689,10.142973310862281,10.279670715332031,7092,0.0,0.0
2021-11-02 00:00:00+02:00,10.279670896725195,10.525727272033691,10.270558373607075,10.525727272033691,6734,0.0,0.0
2021-11-03 00:00:00+02:00,10.57129461843973,10.644200026641299,10.343465000534572,10.58040714263916,7879,0.0,0.0
2021-11-04 00:00:00+02:00,10.571292877197266,10.644198273390277,10.398141909413203,10.571292877197266,8347,0.0,0.0
2021-11-05 00:00:00+02:00,10.571292231201111,10.753555710545788,10.507499361604856,10.625970840454102,8578,0.0,0.0
2021-11-08 00:00:00+02:00,10.66242517869727,11.026953062637073,10.66242517869727,10.735330581665039,43191,0.0,0.0
2021-11-09 00:00:00+02:00,10.935819874639098,10.935819874639098,10.252331132474154,10.4801607131958,20681,0.0,0.0
2021-11-10 00:00:00+02:00,10.489274928658396,10.826462630311324,10.489274928658396,10.66242504119873,29679,0.0,0.0
2021-11-11 00:00:00+02:00,9.82401096162786,10.625971164285357,9.523275994268904,10.598631858825684,139218,0.0,0.0
2021-11-12 00:00:00+02:00,10.489273605222444,10.489273605222444,9.969821594939017,10.088293075561523,39925,0.0,0.0
2021-11-15 00:00:00+02:00,10.08829465528561,10.179426845142784,9.842239133232802,9.860465049743652,26418,0.0,0.0
2021-11-16 00:00:00+02:00,9.88780514488426,9.88780514488426,9.486824555811008,9.614409446716309,50622,0.0,0.0
2021-11-17 00:00:00+02:00,9.295447623693756,9.541504011972881,9.295447623693756,9.441258430480957,195809,0.0,0.0
2021-11-18 00:00:00+02:00,9.450370086025941,9.541502258066629,9.286332523993023,9.341012001037598,68515,0.0,0.0
2021-11-19 00:00:00+02:00,9.450371989005422,9.505051477060562,9.322787096277416,9.432146072387695,32305,0.0,0.0
2021-11-22 00:00:00+02:00,9.432145153741919,9.432145153741919,9.213428091924335,9.24988079071045,35818,0.0,0.0
2021-11-23 00:00:00+02:00,9.295446798734845,9.295446798734845,9.085843999855461,9.090400695800781,72530,0.0,0.0
2021-11-24 00:00:00+02:00,9.099513725361243,9.249881223527522,8.90358100340592,9.131410598754883,47467,0.0,0.0
2021-11-25 00:00:00+02:00,9.113183975219727,9.204316162612303,8.967373170672362,9.113183975219727,16032,0.0,0.0
2021-11-26 00:00:00+02:00,8.940033855194628,9.090401355905655,8.580062671282835,8.858015060424805,117677,0.0,0.0
2021-11-29 00:00:00+02:00,8.858014358107376,9.23165473212235,8.858014358107376,9.17697525024414,112024,0.0,0.0
2021-11-30 00:00:00+02:00,9.031165180386596,9.186089377493408,8.94003386209497,9.113183975219727,43670,0.0,0.0
2021-12-01 00:00:00+02:00,9.12229583106091,9.341012001037598,9.022050267995992,9.341012001037598,79087,0.0,0.0
2021-12-02 00:00:00+02:00,9.249881387207642,9.249881387207642,8.953703081833192,9.113183975219727,45497,0.0,0.0
2021-12-03 00:00:00+02:00,9.113183176932045,9.167862658398022,8.885353597508743,8.926362991333008,21385,0.0,0.0
2021-12-07 00:00:00+02:00,8.92636285283919,9.094956252300193,8.858014153892816,9.022050857543945,22112,0.0,0.0
2021-12-08 00:00:00+02:00,9.022051920523097,9.04027870591007,8.930920600891113,8.930920600891113,9979,0.0,0.0
2021-12-09 00:00:00+02:00,9.022051920523097,9.04027870591007,8.748657092526186,8.930920600891113,36017,0.0,0.0
2021-12-10 00:00:00+02:00,8.981040638533143,9.195200976400448,8.981040638533143,9.017494201660156,21673,0.0,0.0
2021-12-13 00:00:00+02:00,9.035720785349726,9.140522179822819,9.003824784344946,9.040277481079102,20921,0.0,0.0
2021-12-14 00:00:00+02:00,9.022051787827149,9.122297367779174,8.885354375839233,9.113183975219727,34866,0.0,0.0
2021-12-15 00:00:00+02:00,9.113184547980902,9.113184547980902,8.930921030841484,9.058505058288574,44467,0.0,0.0
2021-12-16 00:00:00+02:00,9.204315733181062,9.313673831489437,9.122296942174554,9.240768432617188,14097,0.0,0.0
2021-12-17 00:00:00+02:00,9.240768863749144,9.295447480903931,8.835231585863221,9.113183975219727,106046,0.0,0.0
2021-12-20 00:00:00+02:00,9.049392431315551,9.049392431315551,8.848902130192377,8.903581619262695,21903,0.0,0.0
2021-12-21 00:00:00+02:00,8.899024408117516,9.122297309799194,8.899024408117516,9.03116512298584,13278,0.0,0.0
2021-12-22 00:00:00+02:00,9.035721074533287,9.304560047464555,9.035721074533287,9.186088562011719,55015,0.0,0.0
2021-12-23 00:00:00+02:00,9.195202299548548,9.52327659299306,9.195202299548548,9.413918495178223,27705,0.0,0.0
2021-12-27 00:00:00+02:00,9.468596831481138,9.842237171022507,9.468596831481138,9.696426391601562,29166,0.0,0.0
2021-12-28 00:00:00+02:00,9.796672474321136,9.978935974441809,9.751106382015736,9.915143966674805,53191,0.0,0.0
2021-12-29 00:00:00+02:00,9.851351333661517,10.006274647105714,9.851351333661517,9.88780403137207,13266,0.0,0.0
2021-12-30 00:00:00+02:00,9.96982191541688,10.088293399847627,9.778445035813498,10.060954093933105,14613,0.0,0.0
2022-01-03 00:00:00+02:00,10.051842251149523,10.288785256521562,10.051842251149523,10.179427146911621,18076,0.0,0.0
2022-01-04 00:00:00+02:00,10.170312412903444,10.206765111300555,10.070067709586613,10.124746322631836,7685,0.0,0.0
2022-01-05 00:00:00+02:00,10.115633020383692,10.115633020383692,9.942482064514149,10.024500846862793,10480,0.0,0.0
2022-01-07 00:00:00+02:00,9.824012593814219,9.896917999886602,9.641749078633257,9.842239379882812,13476,0.0,0.0
2022-01-10 00:00:00+02:00,9.851351096312916,9.887803793145213,9.386578559875488,9.386578559875488,35166,0.0,0.0
2022-01-11 00:00:00+02:00,9.432145459798761,9.878691251693537,9.404805282996364,9.659975051879883,17040,0.0,0.0
2022-01-12 00:00:00+02:00,9.678200988019205,9.78755908815999,9.477710703210635,9.568842887878418,6926,0.0,0.0
2022-01-13 00:00:00+02:00,9.559729516436617,9.559729516436617,9.468598200671044,9.477710723876953,6769,0.0,0.0
2022-01-14 00:00:00+02:00,9.459484244897979,9.54150303257209,9.313673453077728,9.532389640808105,24569,0.0,0.0
2022-01-17 00:00:00+02:00,9.53238957568802,9.568842273394058,9.35012608715783,9.450370788574219,5289,0.0,0.0
2022-01-18 00:00:00+02:00,9.568843173980712,9.568843173980712,9.09495719010083,9.113183975219727,25348,0.0,0.0
2022-01-19 00:00:00+02:00,9.113183507740722,9.359239879618155,9.053948197344804,9.067617416381836,14752,0.0,0.0
2022-01-20 00:00:00+02:00,9.094955657988221,9.432144173078285,9.067616354016335,9.341012001037598,12203,0.0,0.0
2022-01-21 00:00:00+02:00,9.049391965505492,9.268108172326537,8.748656963851317,9.113183975219727,63262,0.0,0.0
2022-01-24 00:00:00+02:00,8.930920283865122,9.06306099682616,8.388685605264133,8.611958503723145,105163,0.0,0.0
2022-01-25 00:00:00+02:00,8.598287774409002,9.072172796121793,8.520825691068351,8.66663646697998,30644,0.0,0.0
2022-01-26 00:00:00+02:00,8.703090998159713,8.971929998910843,8.703090998159713,8.930920600891113,23287,0.0,0.0
2022-01-27 00:00:00+02:00,8.885353778691835,8.885353778691835,8.762325594710349,8.826118469238281,20656,0.0,0.0
2022-01-28 00:00:00+02:00,8.949145503930497,8.949145503930497,8.561835918420131,8.5891752243042,18980,0.0,0.0
2022-01-31 00:00:00+02:00,8.86257168504996,9.167863380280036,8.61195860649041,9.122297286987305,12222,0.0,0.0
2022-02-01 00:00:00+02:00,9.158750439394325,9.395693440918787,8.844345336183057,9.08128833770752,24006,0.0,0.0
2022-02-02 00:00:00+02:00,9.099513998983015,9.286334203258761,9.099513998983015,9.2772216796875,5760,0.0,0.0
2022-02-03 00:00:00+02:00,9.277221647214441,9.277221647214441,8.930920548790812,9.104070663452148,9233,0.0,0.0
2022-02-04 00:00:00+02:00,9.113183151582996,9.113183151582996,8.839787483215332,8.839787483215332,12451,0.0,0.0
2022-02-07 00:00:00+02:00,8.8397882350314,8.990155735057105,8.762326136890827,8.862571716308594,14876,0.0,0.0
2022-02-08 00:00:00+02:00,8.839786882871453,9.113182532671768,8.839786882871453,8.899023056030273,9363,0.0,0.0
2022-02-09 00:00:00+02:00,8.853458729111148,9.195203142005706,8.853458729111148,9.08128833770752,9466,0.0,0.0
2022-02-10 00:00:00+02:00,9.11318361189415,9.11318361189415,8.680307042688813,8.798778533935547,10809,0.0,0.0
2022-02-11 00:00:00+02:00,8.675751255364196,8.971929550284939,8.675751255364196,8.794221878051758,7962,0.0,0.0
2022-02-14 00:00:00+02:00,8.748656289252194,8.748656289252194,8.334006519880955,8.657524108886719,78747,0.0,0.0
2022-02-15 00:00:00+02:00,8.652968207446497,9.108627412909298,8.652968207446497,8.930920600891113,30474,0.0,0.0
2022-02-16 00:00:00+02:00,9.012939534189698,9.113184248041806,8.926364040485028,9.003826141357422,7542,0.0,0.0
2022-02-17 00:00:00+02:00,9.094957463210974,9.094957463210974,8.52082762034057,8.7486572265625,21967,0.0,0.0
2022-02-18 00:00:00+02:00,8.657524827457484,8.698534225115623,8.475261320699623,8.507157325744629,24513,0.0,0.0
2022-02-21 00:00:00+02:00,8.475260939218822,8.65296774167134,8.210978649040321,8.283884048461914,28420,0.0,0.0
2022-02-22 00:00:00+02:00,8.201865553803389,8.37957236269016,7.8282251509640535,8.338562965393066,38833,0.0,0.0
2022-02-23 00:00:00+02:00,8.365903277178347,8.384129193435534,8.11984688944912,8.156299591064453,26384,0.0,0.0
2022-02-24 00:00:00+02:00,7.741649127636729,8.015044801113016,7.349781966684021,7.655073642730713,89421,0.0,0.0
2022-02-25 00:00:00+02:00,7.659630988367423,8.283884481268604,7.618621590412552,8.156299591064453,28081,0.0,0.0
2022-02-28 00:00:00+02:00,8.083393724856165,8.110733032226562,7.709753337424059,8.110733032226562,28713,0.0,0.0
2022-03-01 00:00:00+02:00,8.206421498418367,8.292996981349285,7.6186207703991515,7.764432430267334,26819,0.0,0.0
2022-03-02 00:00:00+02:00,7.746206088582911,7.996818290867285,7.436357705983447,7.892016887664795,27256,0.0,0.0
2022-03-03 00:00:00+02:00,8.288440438933534,8.288440438933534,7.791771880500132,7.837337970733643,27834,0.0,0.0
2022-03-04 00:00:00+02:00,7.8373385016241235,8.033271225428926,7.463697231680107,7.486480712890625,34561,0.0,0.0
2022-03-07 00:00:00+02:00,7.399904549745982,7.427243855612168,6.743755559801938,7.285989761352539,83929,0.0,0.0
2022-03-08 00:00:00+02:00,7.249537024111305,7.545715298491359,7.126509279286665,7.290546417236328,46940,0.0,0.0
2022-03-09 00:00:00+02:00,6.652624771739277,6.9214633459478385,6.47036082339476,6.5068135261535645,305306,0.0,0.0
2022-03-10 00:00:00+02:00,6.625284187003151,6.8303307226496885,6.566048443896296,6.6708502769470215,108597,0.0,0.0
2022-03-11 00:00:00+02:00,6.679963216261308,7.080943329218728,6.588831471168812,6.757425308227539,40174,0.0,0.0
2022-03-14 00:00:00+02:00,6.789321151381773,7.085499859184598,6.789321151381773,6.989811420440674,36862,0.0,0.0
2022-03-15 00:00:00+02:00,7.035377212561373,7.285989836522624,6.848557027196758,7.108283042907715,36645,0.0,0.0
2022-03-16 00:00:00+02:00,7.126510278876074,7.595839148641262,7.126510278876074,7.199415683746338,42311,0.0,0.0
2022-03-17 00:00:00+02:00,7.290547122395175,7.4272445332997075,7.067274221063936,7.185745716094971,21593,0.0,0.0
2022-03-18 00:00:00+02:00,7.2905475247290825,7.2905475247290825,7.021708515226618,7.062717914581299,22437,0.0,0.0
2022-03-21 00:00:00+02:00,7.108283500622408,7.108283500622408,6.857670860523775,7.021708011627197,24316,0.0,0.0
2022-03-22 00:00:00+02:00,7.035377841121734,7.194858734586572,6.880454078489331,6.962472438812256,31294,0.0,0.0
2022-03-23 00:00:00+02:00,7.153848690673078,7.153848690673078,6.9351325035095215,6.9351325035095215,23469,0.0,0.0
2022-03-24 00:00:00+02:00,7.003481844874779,7.176632392848287,6.684520492102728,6.7893218994140625,35874,0.0,0.0
2022-03-25 00:00:00+02:00,6.789321027845309,6.921462161368192,6.6981892865451185,6.784764766693115,12452,0.0,0.0
2022-03-28 00:00:00+03:00,6.78476501651524,6.821217714377543,6.648067182256387,6.716415882110596,17729,0.0,0.0
2022-03-29 00:00:00+03:00,6.71185962499249,7.117396458408477,6.698189971038155,7.021708011627197,25929,0.0,0.0
2022-03-30 00:00:00+03:00,7.0536039856904456,7.2039719167501675,6.8758971813888445,6.980698585510254,9634,0.0,0.0
2022-03-31 00:00:00+03:00,6.976142112251412,7.099169862685132,6.971585416240788,7.044490814208984,8142,0.0,0.0
2022-04-01 00:00:00+03:00,7.017150544480515,7.181188112111498,6.971584891455565,7.135622024536133,12875,0.0,0.0
2022-04-04 00:00:00+03:00,7.1082832547063814,7.290546749626873,7.044490814208984,7.044490814208984,17625,0.0,0.0
2022-04-05 00:00:00+03:00,7.090057120331004,7.162962520511194,6.944245885420158,6.980698585510254,17753,0.0,0.0
2022-04-06 00:00:00+03:00,7.135622281815389,7.135622281815389,6.752868522943227,6.807547569274902,17187,0.0,0.0
2022-04-07 00:00:00+03:00,7.102725982666016,7.139623226224034,7.010482873770972,7.102725982666016,19415,0.09,0.0
2022-04-08 00:00:00+03:00,7.167296501017999,7.287212764551017,7.056604768456681,7.194969654083252,12042,0.0,0.0
2022-04-11 00:00:00+03:00,7.2789575505212465,7.2789575505212465,6.933673336969711,7.045657634735107,10817,0.09,0.0
2022-04-12 00:00:00+03:00,7.036325349122426,7.372277348850598,6.747033510045265,7.157641410827637,46803,0.0,0.0
2022-04-13 00:00:00+03:00,7.185637746016647,7.185637746016647,6.8683501402730505,7.036325931549072,12367,0.0,0.0
2022-04-14 00:00:00+03:00,7.036325469678578,7.241629646079457,7.008329728795727,7.129645347595215,6937,0.0,0.0
2022-04-19 00:00:00+03:00,7.185636785389145,7.250960917977864,7.101649123471361,7.232296943664551,6347,0.0,0.0
2022-04-20 00:00:00+03:00,7.166973313612512,7.316285563572799,7.166973313612512,7.222965240478516,6446,0.0,0.0
2022-04-21 00:00:00+03:00,7.232297968235834,7.400273760852121,7.232297968235834,7.316286087036133,4984,0.0,0.0
2022-04-22 00:00:00+03:00,7.353612999193208,7.353612999193208,7.194968995037925,7.232296943664551,2719,0.0,0.0
2022-04-25 00:00:00+03:00,7.120313269917763,7.120313269917763,6.8216892287012945,6.998997211456299,20902,0.0,0.0
2022-04-26 00:00:00+03:00,6.896345119375623,6.998997202947783,6.775029506045898,6.803025245666504,10300,0.0,0.0
2022-04-27 00:00:00+03:00,6.775029591421936,6.775029591421936,6.5603936566940835,6.5883893966674805,12671,0.0,0.0
2022-04-28 00:00:00+03:00,6.61638564378618,6.728369494700385,6.55106150826076,6.579057693481445,7875,0.0,0.0
2022-04-29 00:00:00+03:00,6.57905781599103,6.709705644490414,6.523065444507017,6.551061630249023,13691,0.0,0.0
2022-05-02 00:00:00+03:00,6.588389658159675,6.635049819946289,6.448409617784112,6.635049819946289,9910,0.0,0.0
2022-05-03 00:00:00+03:00,6.635049819946289,6.709705722817447,6.541729941357341,6.635049819946289,3940,0.0,0.0
2022-05-04 00:00:00+03:00,6.625717517475932,6.728369604988713,6.625717517475932,6.653713703155518,4410,0.0,0.0
2022-05-05 00:00:00+03:00,6.551061708493478,6.691041748906848,6.439077854156494,6.439077854156494,10757,0.0,0.0
2022-05-06 00:00:00+03:00,6.345757810605576,6.569725513458252,6.308429860130131,6.569725513458252,13721,0.0,0.0
2022-05-09 00:00:00+03:00,6.579057298252596,6.579057298252596,6.140453241044161,6.2617692947387695,17030,0.0,0.0
2022-05-10 00:00:00+03:00,6.289765711483252,6.355089850127937,6.168450089692107,6.3177618980407715,15780,0.0,0.0
2022-05-11 00:00:00+03:00,6.252437684162511,6.252437684162511,5.925817884837774,6.233773708343506,25605,0.0,0.0
2022-05-12 00:00:00+03:00,6.06579733554733,6.06579733554733,5.785837280528373,5.9631452560424805,35612,0.0,0.0
2022-05-13 00:00:00+03:00,5.963145593440793,6.056465468732459,5.88848969320746,5.89782190322876,12064,0.0,0.0
2022-05-16 00:00:00+03:00,5.972477556756444,5.991141531043823,5.935149608181686,5.944481372833252,5714,0.0,0.0
2022-05-17 00:00:00+03:00,5.944481464198263,5.972477648551748,5.888489540475546,5.925817489624023,27518,0.0,0.0
2022-05-18 00:00:00+03:00,5.963145780356636,6.037801682930072,5.692517911035793,5.860494136810303,45186,0.0,0.0
2022-05-19 00:00:00+03:00,5.916485827888649,5.916485827888649,5.627193994456627,5.804501533508301,30994,0.0,0.0
2022-05-20 00:00:00+03:00,5.80450196065402,6.0564658628290395,5.80450196065402,5.9164862632751465,5754,0.0,0.0
2022-05-23 00:00:00+03:00,5.907154052646597,5.972478192093563,5.85116212382818,5.9164862632751465,3735,0.0,0.0
2022-05-24 00:00:00+03:00,5.888489877783201,5.888489877783201,5.795169999566407,5.860494136810303,6940,0.0,0.0
2022-05-25 00:00:00+03:00,5.860494089538173,5.8791580650309845,5.6925178651186,5.767173767089844,8502,0.0,0.0
2022-05-27 00:00:00+03:00,5.748509747585837,5.9818096619519405,5.748509747585837,5.879158020019531,16072,0.0,0.0
2022-05-30 00:00:00+03:00,5.879158035901156,5.972477912902832,5.8231656647158765,5.972477912902832,15685,0.0,0.0
2022-05-31 00:00:00+03:00,5.972477748009286,6.10312557220459,5.785837554174591,6.10312557220459,35649,0.0,0.0
2022-06-01 00:00:00+03:00,6.10312528355196,6.336425181073011,5.841829647519557,5.9631452560424805,5137,0.0,0.0
2022-06-02 00:00:00+03:00,5.9724779906704555,5.9724779906704555,5.823165740539305,5.860494136810303,5693,0.0,0.0
2022-06-03 00:00:00+03:00,5.86982536315918,6.037801128525494,5.7858372579839035,5.86982536315918,10964,0.0,0.0
2022-06-06 00:00:00+03:00,5.804501673635589,5.916485970719366,5.804501673635589,5.879158020019531,7377,0.0,0.0
2022-06-07 00:00:00+03:00,5.907153773134641,5.907153773134641,5.496545869577581,5.580533981323242,71635,0.0,0.0
2022-06-08 00:00:00+03:00,5.599197743255543,5.692517616646283,5.552537584068044,5.627193927764893,30322,0.0,0.0
2022-06-09 00:00:00+03:00,5.5991980800852446,5.655190007487983,5.459218039086257,5.55253791809082,13090,0.0,0.0
2022-06-10 00:00:00+03:00,5.552538104527543,5.571202080955134,5.477882198817182,5.515210151672363,7622,0.0,0.0
2022-06-13 00:00:00+03:00,5.505877953575433,5.505877953575433,5.225917884162478,5.412558078765869,21738,0.0,0.0
2022-06-14 00:00:00+03:00,5.412558170836036,5.468550096674224,5.281909898895995,5.393894195556641,6652,0.0,0.0
2022-06-15 00:00:00+03:00,5.543206155385445,5.543206155385445,5.281910049060971,5.356565952301025,10220,0.0,0.0
2022-06-16 00:00:00+03:00,5.58986585772666,5.58986585772666,5.263246059417725,5.263246059417725,6843,0.0,0.0
2022-06-17 00:00:00+03:00,5.263246029122014,5.412558279334519,5.235250288133861,5.272578239440918,5555,0.0,0.0
2022-06-20 00:00:00+03:00,5.4032259926292205,5.580533981323242,5.291242140291187,5.580533981323242,3138,0.0,0.0
2022-06-21 00:00:00+03:00,5.580534166925616,5.5991981429360305,5.440554124355357,5.543206214904785,7136,0.0,0.0
2022-06-22 00:00:00+03:00,5.533873414980067,5.59919754655082,5.4405535448677345,5.468549728393555,21771,0.0,0.0
2022-06-23 00:00:00+03:00,5.4405538365759085,5.599197846765068,5.4405538365759085,5.50587797164917,7577,0.0,0.0
2022-06-27 00:00:00+03:00,5.589865654499135,5.6458580247306145,5.328570003345476,5.599197864532471,9254,0.0,0.0
2022-06-28 00:00:00+03:00,5.59919756242737,5.673853458728923,5.552537404746778,5.66452169418335,26052,0.0,0.0
2022-06-29 00:00:00+03:00,5.599197472904062,5.683185577392578,5.487213630242197,5.683185577392578,7126,0.0,0.0
2022-06-30 00:00:00+03:00,5.645858117679231,5.692517833661275,5.412558202816193,5.580533981323242,5179,0.0,0.0
2022-07-01 00:00:00+03:00,5.5805338894500665,5.692517739944492,5.5805338894500665,5.599197864532471,3043,0.0,0.0
2022-07-04 00:00:00+03:00,5.59919735852853,5.69251722550716,5.51520925575565,5.608529567718506,3709,0.0,0.0
2022-07-05 00:00:00+03:00,5.608530290477843,5.692517959089808,5.459218039086257,5.55253791809082,2468,0.0,0.0
2022-07-06 00:00:00+03:00,5.692517739944492,5.692517739944492,5.524541964202854,5.599197864532471,3265,0.0,0.0
2022-07-07 00:00:00+03:00,5.617861766428695,5.711181640625,5.5245418922323895,5.711181640625,7982,0.0,0.0
2022-07-08 00:00:00+03:00,5.711181458554934,5.8231653040205025,5.664521745436405,5.748509407043457,12325,0.0,0.0
2022-07-11 00:00:00+03:00,5.76717382925867,5.804501780646679,5.692517926482654,5.757842063903809,6824,0.0,0.0
2022-07-12 00:00:00+03:00,5.785837650299072,5.823165600689316,5.7391779348034015,5.785837650299072,63381,0.0,0.0
2022-07-13 00:00:00+03:00,5.785837741935503,6.000473682570958,5.571201801300049,5.571201801300049,6252,0.0,0.0
2022-07-14 00:00:00+03:00,5.5805334991270845,5.692517341788949,5.5805334991270845,5.683185577392578,10396,0.0,0.0
2022-07-15 00:00:00+03:00,5.683185668258738,6.000473227540337,5.645857720107961,5.66452169418335,345292,0.0,0.0
2022-07-18 00:00:00+03:00,5.6925181030171865,6.812358014338396,5.6925181030171865,5.9164862632751465,5799,0.0,0.0
2022-07-19 00:00:00+03:00,5.879158020019531,5.972477896769118,5.739177982403015,5.879158020019531,11423,0.0,0.0
2022-07-20 00:00:00+03:00,5.879157855527248,6.05646539389846,5.8324976959658175,6.009805679321289,17754,0.0,0.0
2022-07-21 00:00:00+03:00,6.159117683032141,6.327093907059232,5.972477928540124,6.065797805786133,9726,0.0,0.0
2022-07-22 00:00:00+03:00,6.159117652421176,6.336425640799504,6.075129985809326,6.075129985809326,7118,0.0,0.0
2022-07-25 00:00:00+03:00,6.15911789684294,6.327094126701243,5.925817973136886,6.215109825134277,14107,0.0,0.0
2022-07-26 00:00:00+03:00,6.233773088231697,6.243105297705009,5.935149504833537,6.168449401855469,19432,0.0,0.0
2022-07-27 00:00:00+03:00,6.075129983685801,6.289765477717714,5.7671737229357545,5.879158020019531,25142,0.0,0.0
2022-07-28 00:00:00+03:00,5.897821455681547,6.149785322341284,5.888489246368408,5.888489246368408,3797,0.0,0.0
2022-07-29 00:00:00+03:00,5.88848971049768,6.103125646790875,5.88848971049768,5.9911417961120605,2613,0.0,0.0
2022-08-01 00:00:00+03:00,6.065797805786133,6.065797805786133,6.0004736692217895,6.065797805786133,5561,0.0,0.0
2022-08-02 00:00:00+03:00,6.065797883829615,6.065797883829615,5.888489892288789,5.9538140296936035,4538,0.0,0.0
2022-08-03 00:00:00+03:00,5.953814015027096,6.05646565857343,5.804501764895947,5.860494136810303,3127,0.0,0.0
2022-08-04 00:00:00+03:00,5.93514969940327,5.972477648551748,5.925817489624023,5.925817489624023,1270,0.0,0.0
2022-08-05 00:00:00+03:00,5.972477465535758,5.972477465535758,5.851161412028594,5.9631452560424805,1002,0.0,0.0
2022-08-08 00:00:00+03:00,5.963145075585926,6.019136995898443,5.860493444171758,6.0004730224609375,6464,0.0,0.0
2022-08-09 00:00:00+03:00,6.009805863703503,6.009805863703503,5.869825825708851,5.972477912902832,2412,0.0,0.0
2022-08-10 00:00:00+03:00,6.019137362495218,6.019137362495218,5.888489540475546,5.925817489624023,2498,0.0,0.0
2022-08-11 00:00:00+03:00,5.925817735902188,5.953813921419201,5.795169908452767,5.879158020019531,3600,0.0,0.0
2022-08-12 00:00:00+03:00,5.8698259021398425,5.879158112453661,5.804501764895947,5.860494136810303,1759,0.0,0.0
2022-08-15 00:00:00+03:00,5.86049416714924,5.953814045849138,5.785837819205041,5.851161956787109,3695,0.0,0.0
2022-08-16 00:00:00+03:00,5.8231650657330745,5.916485378119904,5.692517251369432,5.701849460601807,6365,0.0,0.0
2022-08-17 00:00:00+03:00,5.645858119346745,5.879158034278689,5.645858119346745,5.776505947113037,2108,0.0,0.0
2022-08-18 00:00:00+03:00,5.776506038152777,5.9538140296936035,5.673853949369294,5.9538140296936035,1792,0.0,0.0
2022-08-19 00:00:00+03:00,5.9538138543556585,5.9538138543556585,5.683185992338062,5.6925177574157715,4493,0.0,0.0
2022-08-22 00:00:00+03:00,5.711182036751934,5.8791582669403555,5.6458583427758064,5.8231658935546875,4192,0.0,0.0
2022-08-23 00:00:00+03:00,5.655189484653534,5.692517432804311,5.552537404746778,5.66452169418335,11769,0.0,0.0
2022-08-24 00:00:00+03:00,5.599197652542566,5.692517524421426,5.459217622232153,5.645857810974121,6838,0.0,0.0
2022-08-25 00:00:00+03:00,5.123266083944775,5.151262270434787,4.9179623479604135,5.0579423904418945,73762,0.0,0.0
2022-08-26 00:00:00+03:00,4.983286661098236,5.58053435896894,4.815310426239633,4.927294731140137,138638,0.0,0.0
2022-08-29 00:00:00+03:00,4.92729419277758,4.9646221420044805,4.544682045725475,4.638001918792725,48772,0.0,0.0
2022-08-30 00:00:00+03:00,4.642667903118172,4.983285987197815,4.619337824211198,4.6659979820251465,16757,0.0,0.0
2022-08-31 00:00:00+03:00,4.684661771795452,4.964621817693215,4.684661771795452,4.805977821350098,17223,0.0,0.0
2022-09-01 00:00:00+03:00,4.759317822604971,4.983285955719214,4.665997952550803,4.67533016204834,16440,0.0,0.0
2022-09-02 00:00:00+03:00,4.852638316150711,4.852638316150711,4.554014693608696,4.647334575653076,21798,0.0,0.0
2022-09-05 00:00:00+03:00,4.652000567773684,4.652000567773684,4.470026468478092,4.521352291107178,109394,0.0,0.0
2022-09-06 00:00:00+03:00,4.5306847395355945,4.5306847395355945,4.320714887772281,4.330046653747559,41628,0.0,0.0
2022-09-07 00:00:00+03:00,4.367374420166016,4.367374420166016,4.334712573177952,4.367374420166016,6916,0.0,0.0
2022-09-08 00:00:00+03:00,4.367374567353485,4.400036860426611,4.218062753251101,4.246058940887451,18699,0.0,0.0
2022-09-09 00:00:00+03:00,4.241392866335011,4.339378856299277,4.218062783965555,4.236726760864258,114529,0.0,0.0
2022-09-12 00:00:00+03:00,4.274054021041733,4.404701838130315,4.250723942458427,4.28338623046875,64353,0.0,0.0
2022-09-13 00:00:00+03:00,4.339377988999663,4.386037699428517,4.143406048239508,4.166736125946045,23633,0.0,0.0
2022-09-14 00:00:00+03:00,4.059418647618754,4.152738529578575,4.031422905522956,4.068750858306885,6118,0.0,0.0
2022-09-15 00:00:00+03:00,4.068750411108957,4.199398231493155,4.012758488087158,4.059418201446533,25861,0.0,0.0
2022-09-16 00:00:00+03:00,4.022090497087074,4.022090497087074,3.9381023849603967,4.012758731842041,8708,0.0,0.0
2022-09-19 00:00:00+03:00,3.9660982236439715,3.9660982236439715,3.844782171183351,3.882110118865967,16492,0.0,0.0
2022-09-20 00:00:00+03:00,3.882110286848646,3.9007742614975625,3.8447823375508134,3.8494484424591064,11234,0.0,0.0
2022-09-21 00:00:00+03:00,3.8167865424623826,3.877444570433691,3.8121204376220703,3.8121204376220703,14567,0.0,0.0
2022-09-22 00:00:00+03:00,3.807454523657348,3.807454523657348,3.714134647094035,3.723466634750366,35869,0.0,0.0
2022-09-23 00:00:00+03:00,3.9147726092299546,3.9147726092299546,3.6861385841148033,3.6954705715179443,31322,0.0,0.0
2022-09-26 00:00:00+03:00,3.7374647191863177,3.7607947995214372,3.6021505647316148,3.676806688308716,15191,0.0,0.0
2022-09-27 00:00:00+03:00,3.7141345714869507,3.79345657619711,3.7141345714869507,3.742130756378174,3398,0.0,0.0
2022-09-28 00:00:00+03:00,3.7421308181905575,3.8681125398213667,3.732798608077913,3.8214523792266846,57225,0.0,0.0
2022-09-29 00:00:00+03:00,3.8261185464102203,3.854114732218476,3.714134693145752,3.714134693145752,13258,0.0,0.0
2022-09-30 00:00:00+03:00,3.795291696135999,3.9050928273535757,3.6425253799510586,3.675942897796631,12553,0.09,0.0
2022-10-03 00:00:00+03:00,3.709360415760605,3.7236823708443594,3.6425251565291736,3.7189083099365234,6755,0.0,0.0
2022-10-04 00:00:00+03:00,3.8117592298133918,3.9192705154418945,3.762890336514534,3.9192705154418945,72007,0.09,0.0
2022-10-05 00:00:00+03:00,3.9143835299593044,3.919270512495177,3.8117592269475074,3.889949083328247,20811,0.0,0.0
2022-10-06 00:00:00+03:00,3.889949084146205,3.9046095657086,3.8557409054603617,3.8801753520965576,6024,0.0,0.0
2022-10-07 00:00:00+03:00,3.880175349661087,3.909496545791626,3.8557409030402283,3.909496545791626,8369,0.0,0.0
2022-10-10 00:00:00+03:00,3.889949087459664,3.889949087459664,3.792211766879935,3.8410804271698,5126,0.0,0.0
2022-10-11 00:00:00+03:00,3.860627888474278,4.0072338692371074,3.860627888474278,3.9388179779052734,54462,0.0,0.0
2022-10-12 00:00:00+03:00,3.929044133155704,3.9974604926310677,3.855741024017334,3.855741024017334,19482,0.0,0.0
2022-10-13 00:00:00+03:00,3.8997229316256443,3.914383646646142,3.8557410195883115,3.894835948944092,5678,0.0,0.0
2022-10-14 00:00:00+03:00,3.914383528325459,3.914383528325459,3.8655146350837413,3.909496545791626,6381,0.0,0.0
2022-10-17 00:00:00+03:00,3.9094964239536503,4.1000845423987755,3.9094964239536503,4.012120723724365,5894,0.0,0.0
2022-10-18 00:00:00+03:00,4.017007821455709,4.095197677612305,4.0072338564119825,4.095197677612305,14417,0.0,0.0
2022-10-19 00:00:00+03:00,4.095197774547574,4.569224371277752,4.095197774547574,4.334654331207275,14662,0.0,0.0
2022-10-20 00:00:00+03:00,4.398183940693894,4.481260785746423,4.368862509361331,4.422618389129639,15093,0.0,0.0
2022-10-21 00:00:00+03:00,4.378636475154965,4.422618389129639,4.359089009616038,4.422618389129639,3389,0.0,0.0
2022-10-24 00:00:00+03:00,4.578997747134335,4.578997747134335,4.359088660901406,4.407957553863525,52151,0.0,0.0
2022-10-25 00:00:00+03:00,4.4079573102662835,4.417730808689612,4.378635882899744,4.398183345794678,2620,0.0,0.0
2022-10-26 00:00:00+03:00,4.398184061029259,4.49103440836749,4.363976111912282,4.4275054931640625,2830,0.0,0.0
2022-10-27 00:00:00+03:00,4.427505135054498,4.539902939375418,4.349314811035401,4.354201793670654,3107,0.0,0.0
2022-10-28 00:00:00+03:00,4.378636345196197,4.500808117700501,4.378636345196197,4.4959211349487305,23931,0.0,0.0
2022-10-31 00:00:00+02:00,4.495920908727714,4.495920908727714,4.378636124876594,4.407957553863525,6813,0.0,0.0
2022-11-01 00:00:00+02:00,4.4079575286625845,5.053024302204114,4.4079575286625845,4.759811878204346,6899,0.0,0.0
2022-11-02 00:00:00+02:00,4.925965668243265,4.925965668243265,4.79402040061891,4.881983757019043,5132,0.0,0.0
2022-11-03 00:00:00+02:00,4.93573951861033,4.955286982472125,4.8526626806856274,4.916192054748535,3787,0.0,0.0
2022-11-04 00:00:00+02:00,4.9161918115828485,4.925965310006177,4.500807642505151,4.886870384216309,9165,0.0,0.0
2022-11-07 00:00:00+02:00,4.896644807794239,5.248499172892696,4.896644807794239,5.140988349914551,10053,0.0,0.0
2022-11-08 00:00:00+02:00,5.140988565966801,5.297368290360262,5.140988565966801,5.248499393463135,7886,0.0,0.0
2022-11-09 00:00:00+02:00,5.26804662179955,5.297368051827191,5.228951692461574,5.277820587158203,2754,0.0,0.0
2022-11-10 00:00:00+02:00,5.307141567636378,5.326689032366134,4.886870842922443,5.043250560760498,13997,0.0,0.0
2022-11-11 00:00:00+02:00,5.248498923299631,5.522163882521468,5.082345247991548,5.150761604309082,36424,0.0,0.0
2022-11-14 00:00:00+02:00,5.3755576606147875,5.55148483445752,5.1800830230117505,5.463521480560303,19494,0.0,0.0
2022-11-15 00:00:00+02:00,5.571032524444224,5.7762811352862204,5.522164096083183,5.6687703132629395,19829,0.0,0.0
2022-11-16 00:00:00+02:00,5.766507615474779,5.922887331349898,5.766507615474779,5.8642449378967285,10966,0.0,0.0
2022-11-17 00:00:00+02:00,5.864244946090016,5.864244946090016,5.580806477646197,5.786055088043213,8584,0.0,0.0
2022-11-18 00:00:00+02:00,5.776281120725228,5.805602550506592,5.668770298972963,5.805602550506592,7108,0.0,0.0
2022-11-21 00:00:00+02:00,5.864244707231042,5.864244707231042,5.639448641478587,5.658996105194092,6753,0.0,0.0
2022-11-22 00:00:00+02:00,5.522164104153501,5.5319376034206655,5.414652815924782,5.492842674255371,10073,0.0,0.0
2022-11-23 00:00:00+02:00,5.492842680681785,5.580806504430771,5.434200286865234,5.434200286865234,3939,0.0,0.0
2022-11-24 00:00:00+02:00,5.434200262714566,5.844697483654411,5.434200262714566,5.766507625579834,22098,0.0,0.0
2022-11-25 00:00:00+02:00,5.77628064761077,5.815375573418253,5.64922237176059,5.746959686279297,16629,0.0,0.0
2022-11-28 00:00:00+02:00,5.7274124612225075,5.7274124612225075,5.571032285450172,5.658996105194092,5073,0.0,0.0
2022-11-29 00:00:00+02:00,5.65899634762111,5.66877031292172,5.522164095750788,5.571032524108887,2119,0.0,0.0
2022-11-30 00:00:00+02:00,5.551485057481072,5.610127451117863,5.531937592935474,5.590579986572266,11252,0.0,0.0
2022-12-01 00:00:00+02:00,5.571032543527835,5.590580008148875,5.395105361938477,5.395105361938477,6494,0.0,0.0
2022-12-02 00:00:00+02:00,5.3951053641039834,5.443974258700357,5.375557899475098,5.375557899475098,7893,0.0,0.0
2022-12-05 00:00:00+02:00,5.385332086746458,5.698091533697634,5.385332086746458,5.522164344787598,8610,0.0,0.0
2022-12-07 00:00:00+02:00,5.619901435865144,5.619901435865144,5.356010430562105,5.4146528244018555,4041,0.0,0.0
2022-12-08 00:00:00+02:00,5.414652587713557,5.414652587713557,5.307141304016113,5.307141304016113,3702,0.0,0.0
2022-12-09 00:00:00+02:00,5.307141555606352,5.307141555606352,5.160535803489656,5.238725662231445,61267,0.0,0.0
2022-12-12 00:00:00+02:00,5.199630740009516,5.219178204721839,4.98460816212564,5.082345485687256,29867,0.0,0.0
2022-12-13 00:00:00+02:00,5.277820587158203,5.3657839451444875,5.199630728482252,5.277820587158203,17967,0.0,0.0
2022-12-14 00:00:00+02:00,5.2778205827794205,5.316915512084961,5.131214364859486,5.316915512084961,15913,0.0,0.0
2022-12-15 00:00:00+02:00,5.180083035735588,5.316915282393814,5.06279778683738,5.111666679382324,65521,0.0,0.0
2022-12-16 00:00:00+02:00,5.160535808310075,5.219178202421195,5.043250554039515,5.101892948150635,6001,0.0,0.0
2022-12-19 00:00:00+02:00,5.043250086492121,5.043250086492121,4.906417846251557,4.925965309143066,41929,0.0,0.0
2022-12-20 00:00:00+02:00,4.916192178630354,4.925965677783381,4.652301176822255,4.784246444702148,11547,0.0,0.0
2022-12-21 00:00:00+02:00,4.769585848865644,4.7842463302686795,4.613205671722831,4.68162202835083,20661,0.0,0.0
2022-12-22 00:00:00+02:00,4.6718486644778086,4.681622163679582,4.53501594726647,4.549676895141602,25857,0.0,0.0
2022-12-23 00:00:00+02:00,4.5496767721400895,4.569224236063479,4.505694861800385,4.564337253570557,25844,0.0,0.0
2022-12-27 00:00:00+02:00,4.5643372492460825,4.67184853374702,4.5643372492460825,4.622979640960693,46135,0.0,0.0
2022-12-28 00:00:00+02:00,4.632753387099828,4.740264677337733,4.398183807724391,4.515468597412109,58621,0.0,0.0
2022-12-29 00:00:00+02:00,4.515468362188522,4.603432182896189,4.451938987905018,4.544789791107178,18285,0.0,0.0
2022-12-30 00:00:00+02:00,4.530129428718273,4.5789978568025,4.520355463472439,4.5692243576049805,20834,0.0,0.0
2023-01-02 00:00:00+02:00,4.578997837774435,4.803793910963018,4.578997837774435,4.7646989822387695,16525,0.0,0.0
2023-01-03 00:00:00+02:00,4.764699219571563,4.789133667753392,4.647414427556787,4.735377788543701,7844,0.0,0.0
2023-01-04 00:00:00+02:00,4.789133419852898,4.877096776286555,4.789133419852898,4.862436294555664,4691,0.0,0.0
2023-01-05 00:00:00+02:00,4.872210136425749,5.033476829528809,4.754924887402187,5.033476829528809,11331,0.0,0.0
2023-01-09 00:00:00+02:00,5.03347706141978,5.082345490220012,4.877096877533404,5.043250560760498,13701,0.0,0.0
2023-01-10 00:00:00+02:00,5.043250586800905,5.043250586800905,4.759812113731758,4.82822847366333,11102,0.0,0.0
2023-01-11 00:00:00+02:00,5.150762110446219,5.150762110446219,4.691396433027143,4.97483491897583,8473,0.0,0.0
2023-01-12 00:00:00+02:00,4.9748346672305095,5.043250560760498,4.925965772381956,5.043250560760498,2423,0.0,0.0
2023-01-13 00:00:00+02:00,5.0432504560643565,5.0432504560643565,4.857549311962597,4.862436294555664,12050,0.0,0.0
2023-01-16 00:00:00+02:00,4.872210367533026,5.023703102883202,4.872210367533026,4.984608173370361,3602,0.0,0.0
2023-01-17 00:00:00+02:00,4.925965668243265,5.004155525509299,4.881983757019043,4.881983757019043,3618,0.0,0.0
2023-01-18 00:00:00+02:00,4.881983401980506,4.955286737372717,4.877096419744703,4.886870384216309,9148,0.0,0.0
2023-01-19 00:00:00+02:00,4.886870384216309,4.935739274477783,4.84777545842644,4.886870384216309,1439,0.0,0.0
2023-01-20 00:00:00+02:00,4.925965781376087,4.965060710906982,4.789133528017952,4.965060710906982,11296,0.0,0.0
2023-01-23 00:00:00+02:00,4.974834662793638,5.082345485687256,4.896644803944345,5.082345485687256,9843,0.0,0.0
2023-01-24 00:00:00+02:00,5.101893168820094,5.268046859012317,5.082345703270912,5.248499393463135,5872,0.0,0.0
2023-01-25 00:00:00+02:00,5.316915721851169,5.610127703210698,5.258273325579263,5.541711807250977,7550,0.0,0.0
2023-01-26 00:00:00+02:00,5.541711333822088,5.619901188838195,5.326688766479492,5.326688766479492,5798,0.0,0.0
2023-01-27 00:00:00+02:00,5.326689218703271,5.5612592697143555,5.326689218703271,5.5612592697143555,4832,0.0,0.0
2023-01-30 00:00:00+02:00,5.551485059555984,5.629675383815913,5.326688984173439,5.571032524108887,4122,0.0,0.0
2023-01-31 00:00:00+02:00,5.619901190642732,5.619901190642732,5.346236231950183,5.463521480560303,3909,0.0,0.0
2023-02-01 00:00:00+02:00,5.404879087543899,5.443974015051952,5.307141302725466,5.326688766479492,7742,0.0,0.0
2023-02-02 00:00:00+02:00,5.375557660195995,5.434200051472338,5.307141304016113,5.307141304016113,8708,0.0,0.0
2023-02-03 00:00:00+02:00,5.297368293486441,5.316915759047159,5.228951930999756,5.228951930999756,2089,0.0,0.0
2023-02-06 00:00:00+02:00,5.238725186286601,5.277820112105672,5.1116664443504805,5.199630260467529,2548,0.0,0.0
2023-02-07 00:00:00+02:00,5.160535335092931,5.277820112560247,5.160535335092931,5.18008279800415,2705,0.0,0.0
2023-02-08 00:00:00+02:00,5.2094037593468405,5.228951222258059,5.111666444790744,5.18008279800415,1760,0.0,0.0
2023-02-09 00:00:00+02:00,5.17030952823785,5.27782082171955,5.17030952823785,5.268046855926514,2502,0.0,0.0
2023-02-10 00:00:00+02:00,5.268046148080498,5.277820112560247,5.082345017399777,5.18008279800415,6569,0.0,0.0
2023-02-13 00:00:00+02:00,5.180083279369935,5.248499172892696,5.082345489683154,5.140988349914551,3772,0.0,0.0
2023-02-14 00:00:00+02:00,5.248499172892696,5.248499172892696,5.101892954410846,5.140988349914551,1256,0.0,0.0
2023-02-15 00:00:00+02:00,5.092119215574006,5.140988108118951,5.082345250645698,5.111666679382324,1487,0.0,0.0
2023-02-16 00:00:00+02:00,5.111666915779901,5.2680466334784875,4.98460816212564,5.082345485687256,7818,0.0,0.0
2023-02-17 00:00:00+02:00,5.023702861884708,5.160535574663792,4.955286971543464,5.072571754455566,10752,0.0,0.0
2023-02-20 00:00:00+02:00,5.101892480310996,5.18008279800415,4.945512777021242,5.18008279800415,4215,0.0,0.0
2023-02-21 00:00:00+02:00,5.170309319211337,5.170309319211337,4.955287206989244,5.00415563583374,11030,0.0,0.0
2023-02-22 00:00:00+02:00,4.965060706338814,5.053024530726558,4.8673233826015,5.00415563583374,7247,0.0,0.0
2023-02-23 00:00:00+02:00,4.98460817567243,4.98460817567243,4.872210369783185,4.965060710906982,4837,0.0,0.0
2023-02-24 00:00:00+02:00,4.886870506814275,4.916191934916408,4.852662562402028,4.8722100257873535,6950,0.0,0.0
2023-02-27 00:00:00+02:00,4.872209903557177,5.043250087375782,4.872209903557177,4.886870384216309,3420,0.0,0.0
2023-02-28 00:00:00+02:00,4.906417847111243,4.906417847111243,4.833114977767309,4.886870384216309,3236,0.0,0.0
2023-03-01 00:00:00+02:00,4.906418549563904,5.033477309596136,4.906418549563904,5.013929843902588,21169,0.0,0.0
2023-03-02 00:00:00+02:00,4.984607939888042,5.033476832514202,4.838001728057861,4.838001728057861,4708,0.0,0.0
2023-03-03 00:00:00+02:00,5.00415563583374,5.101892959571056,4.842888935155091,5.00415563583374,7998,0.0,0.0
2023-03-06 00:00:00+02:00,5.004155391507271,5.170309066772461,4.994381892634888,5.170309066772461,16919,0.0,0.0
2023-03-07 00:00:00+02:00,5.160535335092931,5.238725186737808,5.150761370613183,5.18008279800415,6596,0.0,0.0
2023-03-08 00:00:00+02:00,4.833115215454493,4.984607943828405,4.740264412601049,4.935739517211914,49734,0.0,0.0
2023-03-09 00:00:00+02:00,4.935739514721134,4.965060477466572,4.779359337901698,4.818454265594482,13127,0.0,0.0
2023-03-10 00:00:00+02:00,4.8184545153985185,4.8184545153985185,4.740264655959339,4.769586086273193,4939,0.0,0.0
2023-03-13 00:00:00+02:00,4.764698867836634,4.789133314214687,4.544789782530757,4.662074565887451,8456,0.0,0.0
2023-03-14 00:00:00+02:00,4.662074915749538,4.764699225400089,4.657187932897528,4.696282863616943,4140,0.0,0.0
2023-03-15 00:00:00+02:00,4.78913357273178,4.78913357273178,4.505695097962296,4.515468597412109,16312,0.0,0.0
2023-03-16 00:00:00+02:00,4.520355346147722,4.574110755459658,4.515468363651646,4.525242328643799,4720,0.0,0.0
2023-03-17 00:00:00+02:00,4.578997857924643,4.608319287621016,4.451939105987549,4.451939105987549,4150,0.0,0.0
2023-03-20 00:00:00+02:00,4.447052822437006,4.544790149799155,4.319994063842043,4.520355701446533,4104,0.0,0.0
2023-03-21 00:00:00+02:00,4.520355341791076,4.6034321799511,4.398183575796722,4.5838847160339355,5143,0.0,0.0
2023-03-22 00:00:00+02:00,4.544789911652469,4.608319287621016,4.451939105987549,4.451939105987549,1567,0.0,0.0
2023-03-23 00:00:00+02:00,4.4959211349487305,4.60831940799782,4.417731275113708,4.4959211349487305,1243,0.0,0.0
2023-03-24 00:00:00+02:00,4.515468594938245,4.598545437433612,4.5056950954937856,4.535016059875488,1436,0.0,0.0
2023-03-27 00:00:00+03:00,4.535016041907331,4.769586086273193,4.412844270021532,4.769586086273193,8308,0.0,0.0
2023-03-28 00:00:00+03:00,4.769586096018618,4.769586096018618,4.593658445872677,4.691396236419678,3755,0.0,0.0
2023-03-29 00:00:00+03:00,4.657187823308898,4.784246578181338,4.593658445872677,4.691396236419678,6168,0.0,0.0
2023-03-30 00:00:00+03:00,4.603432399637281,4.88687087298664,4.603432399637281,4.789133548736572,14522,0.0,0.0
2023-03-31 00:00:00+03:00,4.789133068902503,4.9846076978175935,4.77935910443261,4.925965309143066,7072,0.0,0.0
2023-04-03 00:00:00+03:00,5.111666922644869,5.111666922644869,4.9846081688199675,5.023703098297119,2960,0.0,0.0
2023-04-04 00:00:00+03:00,5.02370334372519,5.033477309596136,4.974834912515493,5.013929843902588,12074,0.0,0.0
2023-04-05 00:00:00+03:00,5.033477056930608,5.082345485687256,5.004155626837963,5.082345485687256,526,0.0,0.0
2023-04-06 00:00:00+03:00,4.925965550875,5.072571762779865,4.925965550875,4.955286979675293,1235,0.0,0.0
2023-04-11 00:00:00+03:00,5.043250581895155,5.043250581895155,4.691396215285021,4.867323398590088,1925,0.0,0.0
2023-04-12 00:00:00+03:00,4.86732328859963,4.886870752969576,4.69628262582637,4.745151519775391,4789,0.0,0.0
2023-04-13 00:00:00+03:00,4.745151875549097,4.974834948652971,4.691396461013444,4.740264892578125,1622,0.0,0.0
2023-04-14 00:00:00+03:00,4.740264665644853,4.877096919942999,4.671848771519943,4.691396236419678,7840,0.0,0.0
2023-04-17 00:00:00+03:00,4.642527341146177,4.696282753108368,4.6034324113467076,4.691396236419678,1845,0.0,0.0
2023-04-18 00:00:00+03:00,4.691396215285021,4.881983880686763,4.593658425178327,4.867323398590088,4354,0.0,0.0
2023-04-19 00:00:00+03:00,4.926680682471233,4.926680682471233,4.659571508735579,4.8574299812316895,2232,0.06,0.0
2023-04-20 00:00:00+03:00,4.723875617715188,4.906894822222184,4.709036350250244,4.709036350250244,1839,0.0,0.0
2023-04-21 00:00:00+03:00,4.709036600015254,4.74366171651389,4.639785895286147,4.644732475280762,2768,0.0,0.0
2023-04-24 00:00:00+03:00,4.6447322681050665,4.6447322681050665,4.526016712188721,4.526016712188721,2810,0.0,0.0
2023-04-25 00:00:00+03:00,4.5507492016886415,4.748608149772732,4.491391658782959,4.491391658782959,3293,0.0,0.0
2023-04-26 00:00:00+03:00,4.491391884608961,4.669464522279453,4.4518201873488525,4.5556960105896,8885,0.0,0.0
2023-04-27 00:00:00+03:00,4.639785733114143,4.7436615507111695,4.555695763072179,4.619999885559082,1399,0.0,0.0
2023-04-28 00:00:00+03:00,4.629892735296918,4.748608296508505,4.550749342310415,4.644732475280762,2079,0.0,0.0
2023-05-02 00:00:00+03:00,4.649678474297691,4.892055699288908,4.5111775398254395,4.5111775398254395,1922,0.0,0.0
2023-05-03 00:00:00+03:00,4.5111775398254395,4.575481663049083,4.501284851800475,4.5111775398254395,1817,0.0,0.0
2023-05-04 00:00:00+03:00,4.511177572940927,4.8772159954562175,4.501284884843342,4.53096342086792,2519,0.0,0.0
2023-05-05 00:00:00+03:00,4.501284678988531,4.892055511474609,4.501284678988531,4.892055511474609,1517,0.0,0.0
2023-05-08 00:00:00+03:00,4.892055648546869,4.892055648546869,4.451819950304422,4.694196701049805,979,0.0,0.0
2023-05-09 00:00:00+03:00,4.689250272235125,4.689250272235125,4.521070798284528,4.570535182952881,2871,0.0,0.0
2023-05-10 00:00:00+03:00,4.689250404127862,4.689250404127862,4.5507494627363485,4.57548189163208,1769,0.0,0.0
2023-05-11 00:00:00+03:00,4.530963614487836,4.6941969847938765,4.5210709259675115,4.649678707122803,3409,0.0,0.0
2023-05-12 00:00:00+03:00,4.669464335697859,4.89205571355651,4.659571647644043,4.659571647644043,5788,0.0,0.0
2023-05-15 00:00:00+03:00,4.78818012597092,4.78818012597092,4.521070931357856,4.723875999450684,4795,0.0,0.0
2023-05-16 00:00:00+03:00,4.718929105250441,4.748608112335205,4.5507491658110135,4.748608112335205,4957,0.0,0.0
2023-05-17 00:00:00+03:00,4.986038235688197,5.094860631677258,4.877215839699135,4.93162727355957,22229,0.0,0.0
2023-05-19 00:00:00+03:00,4.9365736090143955,5.174004259226162,4.9316275007616035,4.995931625366211,32214,0.0,0.0
2023-05-22 00:00:00+03:00,4.995931383710775,5.005824071469676,4.748608057224733,4.8574299812316895,5567,0.0,0.0
2023-05-23 00:00:00+03:00,4.842590995773597,4.995931674687933,4.768394182199076,4.8129119873046875,2619,0.0,0.0
2023-05-24 00:00:00+03:00,4.812911863637178,4.812911863637178,4.713982624169186,4.8079657554626465,4804,0.0,0.0
2023-05-25 00:00:00+03:00,4.8376445125371905,4.941520336659086,4.798072814941406,4.798072814941406,2791,0.0,0.0
2023-05-26 00:00:00+03:00,4.807965942761409,4.995931740938887,4.748608396768286,4.778286933898926,3418,0.0,0.0
2023-05-29 00:00:00+03:00,4.946466916791521,4.946466916791521,4.773340386011079,4.798072814941406,3439,0.0,0.0
2023-05-30 00:00:00+03:00,4.892055683277018,4.892055683277018,4.713982582092285,4.713982582092285,1556,0.0,0.0
2023-05-31 00:00:00+03:00,4.713982767572172,4.733768616067671,4.610106945037842,4.610106945037842,5513,0.0,0.0
2023-06-01 00:00:00+03:00,4.610106812575894,4.738715059967263,4.53096342086792,4.53096342086792,4032,0.0,0.0
2023-06-02 00:00:00+03:00,4.545802616915797,4.644732326716437,4.417194843292236,4.417194843292236,14658,0.0,0.0
2023-06-05 00:00:00+03:00,4.427087815969629,4.723876020996401,4.427087815969629,4.446873664855957,1920,0.0,0.0
2023-06-06 00:00:00+03:00,4.446873289497596,4.634839073917541,4.436980601755392,4.50623083114624,1507,0.0,0.0
2023-06-07 00:00:00+03:00,4.50623118453444,4.644732597641325,4.4221412093380605,4.501285076141357,1755,0.0,0.0
2023-06-08 00:00:00+03:00,4.63483920196305,4.63483920196305,4.436980724334717,4.436980724334717,3483,0.0,0.0
2023-06-09 00:00:00+03:00,4.4369807147561495,4.5210706854996126,4.362783432006836,4.362783432006836,6046,0.0,0.0
2023-06-12 00:00:00+03:00,4.367730269310644,4.446873664855957,4.367730269310644,4.446873664855957,3972,0.0,0.0
2023-06-13 00:00:00+03:00,4.4518200254665965,4.506230989287731,4.4518200254665965,4.456766605377197,2913,0.0,0.0
2023-06-14 00:00:00+03:00,4.456766673657022,4.709036592180664,4.456766673657022,4.570535182952881,4330,0.0,0.0
2023-06-15 00:00:00+03:00,4.570535310962955,4.644732597641325,4.367730243159398,4.501285076141357,7402,0.0,0.0
2023-06-16 00:00:00+03:00,4.55074939635774,4.555695976411103,4.4567667340030335,4.4617133140563965,1058,0.0,0.0
2023-06-19 00:00:00+03:00,4.461713185287798,4.639785816483005,4.4518200254665965,4.456766605377197,3452,0.0,0.0
2023-06-20 00:00:00+03:00,4.595267390990484,4.595267390990484,4.362783331819024,4.580428123474121,4662,0.0,0.0
2023-06-21 00:00:00+03:00,4.590320986144349,4.590320986144349,4.402355194091797,4.402355194091797,1992,0.0,0.0
2023-06-22 00:00:00+03:00,4.402355015328161,4.590320799748105,4.362783320895731,4.50623083114624,2651,0.0,0.0
2023-06-26 00:00:00+03:00,4.639785630908508,4.743661446217348,4.511177388767695,4.560642242431641,3281,0.0,0.0
2023-06-27 00:00:00+03:00,4.600213936670074,4.644732210621264,4.511177388767695,4.560642242431641,2011,0.0,0.0
2023-06-28 00:00:00+03:00,4.560642230403999,4.629892459272724,4.476552262436144,4.48644495010376,2177,0.0,0.0
2023-06-29 00:00:00+03:00,4.486445242197547,4.629892760705783,4.486445242197547,4.590321063995361,364,0.0,0.0
2023-06-30 00:00:00+03:00,4.590320844945181,4.6694642345893,4.590320844945181,4.600214004516602,1840,0.0,0.0
2023-07-03 00:00:00+03:00,4.916787446462871,4.916787446462871,4.60021389539578,4.743661403656006,3351,0.0,0.0
2023-07-04 00:00:00+03:00,4.7436615378207465,4.832698087442482,4.7040898428181555,4.822804927825928,4489,0.0,0.0
2023-07-05 00:00:00+03:00,4.822804994362358,4.872269849663931,4.74860818314182,4.862376689910889,5682,0.0,0.0
2023-07-06 00:00:00+03:00,4.847537373566734,4.847537373566734,4.64967842606967,4.694196701049805,6198,0.0,0.0
2023-07-07 00:00:00+03:00,4.649678583543544,4.649678583543544,4.60516077878751,4.644732475280762,2695,0.0,0.0
2023-07-10 00:00:00+03:00,4.64473259819376,4.64967870658743,4.50128507667673,4.57548189163208,2649,0.0,0.0
2023-07-11 00:00:00+03:00,4.5507494627363485,4.64473259819376,4.4913919164257,4.57548189163208,3226,0.0,0.0
2023-07-12 00:00:00+03:00,4.570535063793127,4.6397857666015625,4.550749216095261,4.6397857666015625,1959,0.0,0.0
2023-07-13 00:00:00+03:00,4.6397857666015625,4.649678454584586,4.6397857666015625,4.6397857666015625,1099,0.0,0.0
2023-07-14 00:00:00+03:00,4.6447322173622325,4.6447322173622325,4.555695669330634,4.634839057922363,1446,0.0,0.0
2023-07-17 00:00:00+03:00,4.634839338580919,4.634839338580919,4.451820123447028,4.516124248504639,2031,0.0,0.0
2023-07-18 00:00:00+03:00,4.540856513736936,4.60516063648438,4.461713123196027,4.491391658782959,845,0.0,0.0
2023-07-19 00:00:00+03:00,4.585374608275275,4.595267295837402,4.417194674132927,4.595267295837402,1918,0.0,0.0
2023-07-20 00:00:00+03:00,4.427087540681734,4.590320901776627,4.427087540681734,4.565588474273682,901,0.0,0.0
2023-07-21 00:00:00+03:00,4.590320960840646,4.649678504572382,4.4518200254665965,4.456766605377197,2483,0.0,0.0
2023-07-24 00:00:00+03:00,4.649678706034408,4.649678706034408,4.441927058105923,4.501285076141357,1695,0.0,0.0
2023-07-25 00:00:00+03:00,4.501284750909589,4.501284750909589,4.441926737162956,4.451819896697998,3771,0.0,0.0
2023-07-26 00:00:00+03:00,4.501285045821417,4.649678674714911,4.486445305546594,4.629892826080322,6821,0.0,0.0
2023-07-27 00:00:00+03:00,4.629892857817214,4.713982833023594,4.486445336300184,4.57548189163208,2868,0.0,0.0
2023-07-28 00:00:00+03:00,4.580428309882775,4.580428309882775,4.486445177746779,4.5507493019104,2087,0.0,0.0
2023-07-31 00:00:00+03:00,4.5507490561884225,4.674410717887738,4.5507490561884225,4.615053176879883,3522,0.0,0.0
2023-08-01 00:00:00+03:00,4.654625287248887,4.6843042962735515,4.5606426235125,4.649678707122803,4254,0.0,0.0
2023-08-02 00:00:00+03:00,4.6892499923706055,4.713982419094613,4.600213916588703,4.6892499923706055,7713,0.0,0.0
2023-08-03 00:00:00+03:00,4.7387149363938095,4.832698065395059,4.600214004516602,4.600214004516602,1745,0.0,0.0
2023-08-04 00:00:00+03:00,4.605160550489265,4.6941966273192515,4.4567664601302095,4.580428123474121,13725,0.0,0.0
2023-08-07 00:00:00+03:00,4.501284947445658,4.511177635680827,4.432034242872154,4.496338367462158,4641,0.0,0.0
2023-08-08 00:00:00+03:00,4.4716056611233475,4.54085636138916,4.412248120209139,4.54085636138916,2573,0.0,0.0
2023-08-09 00:00:00+03:00,4.5458027219597,4.5507493019104,4.540856613740828,4.5507493019104,1432,0.0,0.0
2023-08-10 00:00:00+03:00,4.545802664777329,4.58537483215332,4.481499013154422,4.58537483215332,4191,0.0,0.0
2023-08-11 00:00:00+03:00,4.585374736891283,4.847537333020378,4.585374736891283,4.600214004516602,16987,0.0,0.0
2023-08-14 00:00:00+03:00,4.600213928328005,4.79312581945759,4.5012846929113195,4.763447284698486,1565,0.0,0.0
2023-08-15 00:00:00+03:00,4.783233280344037,4.783233280344037,4.5210706804143745,4.6397857666015625,3998,0.0,0.0
2023-08-16 00:00:00+03:00,4.709036554888508,4.709036554888508,4.476552486419678,4.476552486419678,1445,0.0,0.0
2023-08-17 00:00:00+03:00,4.476552544524846,4.6447324910583685,4.432034267885757,4.441926956176758,4806,0.0,0.0
2023-08-18 00:00:00+03:00,4.441926963408087,4.516124248504639,4.377623310082312,4.516124248504639,10359,0.0,0.0
2023-08-21 00:00:00+03:00,4.436980950240566,4.580428471757595,4.436980950240566,4.57548189163208,1213,0.0,0.0
2023-08-22 00:00:00+03:00,4.451820155537312,4.535910129547119,4.451820155537312,4.535910129547119,3272,0.0,0.0
2023-08-23 00:00:00+03:00,4.595267379485111,4.595267379485111,4.402355015328161,4.50623083114624,5849,0.0,0.0
2023-08-24 00:00:00+03:00,4.590321063995361,4.629892760705783,4.55074936728494,4.590321063995361,9109,0.0,0.0
2023-08-25 00:00:00+03:00,4.590320828189273,4.748608078631531,4.570534980850467,4.728822231292725,6714,0.0,0.0
2023-08-28 00:00:00+03:00,4.78817993196634,4.78817993196634,4.733768496182833,4.753554344177246,1293,0.0,0.0
2023-08-29 00:00:00+03:00,4.7585010911552095,4.906895192188576,4.753554511050001,4.852484226226807,3769,0.0,0.0
2023-08-30 00:00:00+03:00,4.85743013933073,4.946466690717835,4.8079657554626465,4.8079657554626465,3167,0.0,0.0
2023-08-31 00:00:00+03:00,4.807965730623552,4.936573505401611,4.748608187249412,4.936573505401611,2883,0.0,0.0
2023-09-01 00:00:00+03:00,4.936573598420598,5.035503310973434,4.847537517547607,4.847537517547607,1573,0.0,0.0
2023-09-04 00:00:00+03:00,4.906895095185793,5.025610184972909,4.867323398590088,4.867323398590088,2419,0.0,0.0
2023-09-05 00:00:00+03:00,4.941520018175644,4.941520018175644,4.8475373603758465,4.89700174331665,1333,0.0,0.0
2023-09-06 00:00:00+03:00,4.897001771940883,4.897001771940883,4.837644229025869,4.842590808868408,2050,0.0,0.0
2023-09-07 00:00:00+03:00,4.842591034915842,4.946466857798893,4.842591034915842,4.906895160675049,2555,0.0,0.0
2023-09-08 00:00:00+03:00,4.906895072570319,5.035503321779533,4.847537527950335,4.995931625366211,4055,0.0,0.0
2023-09-11 00:00:00+03:00,4.946466445922852,4.9959312990748,4.946466445922852,4.946466445922852,2652,0.0,0.0
2023-09-12 00:00:00+03:00,4.946466703443088,4.95635986328125,4.86732331166509,4.95635986328125,1012,0.0,0.0
2023-09-13 00:00:00+03:00,4.95635986328125,4.95635986328125,4.872269891584171,4.95635986328125,4315,0.0,0.0
2023-09-14 00:00:00+03:00,4.9563596730958,4.995931367466354,4.872269704625423,4.9860382080078125,4247,0.0,0.0
2023-09-15 00:00:00+03:00,4.96625264239763,4.96625264239763,4.882162669159544,4.9415202140808105,1895,0.0,0.0
2023-09-18 00:00:00+03:00,4.966252617190303,5.045396010016948,4.901948492585696,4.995931625366211,7419,0.0,0.0
2023-09-19 00:00:00+03:00,4.995931401256648,5.045395783688492,4.946466547092994,5.005824089050293,2667,0.0,0.0
2023-09-20 00:00:00+03:00,5.005824155968061,5.045395851135254,4.946466613217272,5.045395851135254,4005,0.0,0.0
2023-09-21 00:00:00+03:00,5.04539580092704,5.055288960486297,4.87721586227417,4.87721586227417,1953,0.0,0.0
2023-09-22 00:00:00+03:00,4.877216053927993,4.986038454697016,4.847537517547607,4.847537517547607,2965,0.0,0.0
2023-09-25 00:00:00+03:00,4.847537640090158,4.916787874549547,4.778286933898926,4.778286933898926,1610,0.0,0.0
2023-09-26 00:00:00+03:00,4.778286552078038,4.986038182318979,4.758500704994701,4.763447284698486,3267,0.0,0.0
2023-09-27 00:00:00+03:00,4.758501084291488,4.773340352853868,4.659571840989223,4.704090118408203,2417,0.0,0.0
2023-09-28 00:00:00+03:00,4.718929123334389,4.926680758528441,4.6051606178257405,4.619999885559082,5844,0.0,0.0
2023-09-29 00:00:00+03:00,4.659999847412109,4.659999847412109,4.559999942779541,4.619999885559082,6461,0.05,0.0
2023-10-02 00:00:00+03:00,4.789999961853027,4.789999961853027,4.465000152587891,4.514999866485596,2421,0.0,0.0
2023-10-03 00:00:00+03:00,4.409999847412109,4.5,4.409999847412109,4.489999771118164,4234,0.0,0.0
2023-10-04 00:00:00+03:00,4.449999809265137,4.449999809265137,4.244999885559082,4.300000190734863,7700,0.0,0.0
2023-10-05 00:00:00+03:00,4.300000190734863,4.360000133514404,4.204999923706055,4.304999828338623,9402,0.0,0.0
2023-10-06 00:00:00+03:00,4.255000114440918,4.605000019073486,4.255000114440918,4.599999904632568,14924,0.0,0.0
2023-10-09 00:00:00+03:00,4.599999904632568,4.695000171661377,4.449999809265137,4.5,3529,0.0,0.0
2023-10-10 00:00:00+03:00,4.519999980926514,4.525000095367432,4.40500020980835,4.440000057220459,4304,0.0,0.0
2023-10-11 00:00:00+03:00,4.489999771118164,4.489999771118164,4.400000095367432,4.420000076293945,509,0.0,0.0
2023-10-12 00:00:00+03:00,4.400000095367432,4.489999771118164,4.300000190734863,4.420000076293945,4113,0.0,0.0
2023-10-13 00:00:00+03:00,4.420000076293945,4.449999809265137,4.304999828338623,4.375,2363,0.0,0.0
2023-10-16 00:00:00+03:00,4.375,4.394999980926514,4.304999828338623,4.389999866485596,2212,0.0,0.0
2023-10-17 00:00:00+03:00,4.389999866485596,4.389999866485596,4.25,4.34499979019165,4225,0.0,0.0
2023-10-18 00:00:00+03:00,4.349999904632568,4.400000095367432,4.195000171661377,4.400000095367432,25515,0.0,0.0
2023-10-19 00:00:00+03:00,4.304999828338623,4.304999828338623,4.199999809265137,4.25,13977,0.0,0.0
2023-10-20 00:00:00+03:00,4.25,4.25,4.130000114440918,4.15500020980835,3747,0.0,0.0
2023-10-23 00:00:00+03:00,4.190000057220459,4.190000057220459,4.085000038146973,4.110000133514404,2909,0.0,0.0
2023-10-24 00:00:00+03:00,4.099999904632568,4.179999828338623,4.050000190734863,4.135000228881836,1643,0.0,0.0
2023-10-25 00:00:00+03:00,4.135000228881836,4.135000228881836,3.994999885559082,4.0,1700,0.0,0.0
2023-10-26 00:00:00+03:00,4.099999904632568,4.099999904632568,3.700000047683716,3.9049999713897705,9656,0.0,0.0
2023-10-27 00:00:00+03:00,3.9049999713897705,3.950000047683716,3.809999942779541,3.934999942779541,6796,0.0,0.0
2023-10-30 00:00:00+02:00,3.934999942779541,3.934999942779541,3.799999952316284,3.9000000953674316,3560,0.0,0.0
2023-10-31 00:00:00+02:00,3.8949999809265137,4.0,3.7100000381469727,3.990000009536743,10649,0.0,0.0
2023-11-01 00:00:00+02:00,3.990000009536743,4.394999980926514,3.8949999809265137,4.230000019073486,6301,0.0,0.0
2023-11-02 00:00:00+02:00,4.230000019073486,4.400000095367432,4.224999904632568,4.400000095367432,13427,0.0,0.0
2023-11-03 00:00:00+02:00,4.400000095367432,4.71999979019165,4.400000095367432,4.619999885559082,11220,0.0,0.0
2023-11-06 00:00:00+02:00,4.65500020980835,4.71999979019165,4.65500020980835,4.710000038146973,5332,0.0,0.0
2023-11-07 00:00:00+02:00,5.019999980926514,5.230000019073486,4.900000095367432,4.949999809265137,44081,0.0,0.0
2023-11-08 00:00:00+02:00,5.039999961853027,5.170000076293945,5.010000228881836,5.090000152587891,13914,0.0,0.0
2023-11-09 00:00:00+02:00,5.090000152587891,5.090000152587891,4.829999923706055,5.0,8929,0.0,0.0
2023-11-10 00:00:00+02:00,4.949999809265137,4.949999809265137,4.855000019073486,4.940000057220459,4423,0.0,0.0
2023-11-13 00:00:00+02:00,4.849999904632568,4.985000133514404,4.829999923706055,4.900000095367432,2505,0.0,0.0
