Date,Open,High,Low,Close,Volume,Dividends,Stock Splits
2021-06-29 00:00:00+03:00,9.707878270555787,9.800244086598894,9.425124359986219,9.462824821472168,134767,0.0,0.0
2021-06-30 00:00:00+03:00,9.47225094504072,9.698453732666474,9.443975821299995,9.677718162536621,41979,0.0,0.0
2021-07-01 00:00:00+03:00,9.677717362057086,9.702222706965447,9.462824821472168,9.462824821472168,8300,0.0,0.0
2021-07-02 00:00:00+03:00,9.47225092745066,9.707879055502417,9.425125122070312,9.66075325012207,13160,0.0,0.0
2021-07-05 00:00:00+03:00,9.707878104709694,9.896380408919129,9.660752303944863,9.849254608154297,7876,0.0,0.0
2021-07-06 00:00:00+03:00,9.943506256204634,10.132008561295974,9.896380455219324,9.990632057189941,14402,0.0,0.0
2021-07-07 00:00:00+03:00,9.896381356033228,9.990632966583057,9.802129745483398,9.802129745483398,2466,0.0,0.0
2021-07-08 00:00:00+03:00,9.802129778484458,9.896381389351607,9.707879066467285,9.707879066467285,2236,0.0,0.0
2021-07-09 00:00:00+03:00,9.802128807389467,9.849254608154297,9.755003905474524,9.849254608154297,1422,0.0,0.0
2021-07-12 00:00:00+03:00,9.849255594935098,9.896381400421387,9.613627466353636,9.7550048828125,2002,0.0,0.0
2021-07-13 00:00:00+03:00,9.566501660867349,9.849255594935098,9.566501660867349,9.7550048828125,1495,0.0,0.0
2021-07-14 00:00:00+03:00,9.707879055502417,9.707879055502417,9.519376732831006,9.66075325012207,2399,0.0,0.0
2021-07-15 00:00:00+03:00,9.707879055502417,9.707879055502417,9.47225092745066,9.66075325012207,3375,0.0,0.0
2021-07-16 00:00:00+03:00,9.660752288652255,9.660752288652255,9.472249984741211,9.472249984741211,11678,0.0,0.0
2021-07-19 00:00:00+03:00,9.472250000318693,9.613626503772004,9.425124199550961,9.519375801086426,9374,0.0,0.0
2021-07-20 00:00:00+03:00,9.42512418405098,9.56650068727179,9.406273504234932,9.472249984741211,11320,0.0,0.0
2021-07-21 00:00:00+03:00,9.519375801086426,9.519375801086426,9.425124199550961,9.519375801086426,2812,0.0,0.0
2021-07-22 00:00:00+03:00,9.42512418405098,9.519375785431443,9.406273504234932,9.472249984741211,8422,0.0,0.0
2021-07-23 00:00:00+03:00,9.406274440378183,9.47225092745066,9.368573975843901,9.425125122070312,10801,0.0,0.0
2021-07-26 00:00:00+03:00,9.425125122070312,9.519376732831006,9.425125122070312,9.425125122070312,12588,0.0,0.0
2021-07-27 00:00:00+03:00,9.406273295868427,9.472249774913205,9.34972305537275,9.387423515319824,2272,0.0,0.0
2021-07-28 00:00:00+03:00,9.406273295868427,9.519375574559513,9.387423515319824,9.387423515319824,2425,0.0,0.0
2021-07-29 00:00:00+03:00,9.349724394130511,9.349724394130511,9.180071850651732,9.274323463439941,8239,0.0,0.0
2021-07-30 00:00:00+03:00,9.274322864106994,9.312023327015968,9.04812008665315,9.255472183227539,6466,0.0,0.0
2021-08-02 00:00:00+03:00,9.236622590208025,9.293172836303711,9.104670517901498,9.293172836303711,4706,0.0,0.0
2021-08-03 00:00:00+03:00,9.31202351756891,9.31202351756891,9.14237098158194,9.293172836303711,6604,0.0,0.0
2021-08-04 00:00:00+03:00,9.180071999785763,9.406274795532227,9.180071999785763,9.406274795532227,3332,0.0,0.0
2021-08-05 00:00:00+03:00,9.180071068020172,9.330872916544951,9.180071068020172,9.217771530151367,3359,0.0,0.0
2021-08-06 00:00:00+03:00,9.189496597849319,9.36857357195446,9.18007125740959,9.255472183227539,850,0.0,0.0
2021-08-09 00:00:00+03:00,9.20834671291751,9.387423676019184,9.151795572603893,9.330872535705566,4813,0.0,0.0
2021-08-10 00:00:00+03:00,9.330872535705566,9.396849015879768,9.312022754834281,9.330872535705566,2631,0.0,0.0
2021-08-11 00:00:00+03:00,9.330872582670516,9.519375785431443,9.330872582670516,9.472249984741211,2964,0.0,0.0
2021-08-12 00:00:00+03:00,9.519376732831006,9.519376732831006,9.330873511309619,9.425125122070312,1552,0.0,0.0
2021-08-13 00:00:00+03:00,9.330873511309619,9.425125122070312,9.330873511309619,9.425125122070312,2984,0.0,0.0
2021-08-16 00:00:00+03:00,9.425123975266898,9.425123975266898,9.387423515319824,9.387423515319824,1776,0.0,0.0
2021-08-17 00:00:00+03:00,9.387423515319824,9.425123975266898,9.387423515319824,9.387423515319824,4683,0.0,0.0
2021-08-18 00:00:00+03:00,9.406274795532227,9.425125477936104,9.38742501197836,9.406274795532227,1839,0.0,0.0
2021-08-19 00:00:00+03:00,9.425124136611636,9.425124136611636,9.236621833649378,9.330872535705566,6162,0.0,0.0
2021-08-20 00:00:00+03:00,9.274322672773119,9.4251245212979,9.19892174851073,9.217771530151367,21660,0.0,0.0
2021-08-23 00:00:00+03:00,9.387424668679916,9.387424668679916,9.23662281036377,9.23662281036377,4262,0.0,0.0
2021-08-24 00:00:00+03:00,9.387424859475795,9.387424859475795,9.255472781342302,9.274323463439941,3900,0.0,0.0
2021-08-25 00:00:00+03:00,9.330873109045488,9.330873109045488,9.236622401198021,9.255472183227539,2936,0.0,0.0
2021-08-26 00:00:00+03:00,9.236621833649378,9.330872535705566,9.217771153928213,9.330872535705566,1387,0.0,0.0
2021-08-27 00:00:00+03:00,9.330872535705566,9.330872535705566,9.312022754834281,9.330872535705566,1547,0.0,0.0
2021-08-30 00:00:00+03:00,9.330872535705566,9.330872535705566,9.255471614520664,9.330872535705566,2785,0.0,0.0
2021-08-31 00:00:00+03:00,9.330872535705566,9.330872535705566,9.27432229424183,9.330872535705566,9948,0.0,0.0
2021-09-01 00:00:00+03:00,9.38742501197836,9.406274795532227,9.349724546020616,9.406274795532227,11761,0.0,0.0
2021-09-02 00:00:00+03:00,9.406274061013676,9.406274061013676,9.330873134986106,9.349723815917969,3665,0.0,0.0
2021-09-03 00:00:00+03:00,9.34972305537275,9.387423515319824,9.330872375974282,9.387423515319824,2139,0.0,0.0
2021-09-06 00:00:00+03:00,9.387424824483427,9.406274607660807,9.349724359278675,9.368574142456055,6091,0.0,0.0
2021-09-07 00:00:00+03:00,9.406273481114305,9.566500663757324,9.406273481114305,9.566500663757324,9070,0.0,0.0
2021-09-08 00:00:00+03:00,12.582541471572767,13.666430421309038,11.59290322681144,12.959546089172363,259207,0.0,0.0
2021-09-09 00:00:00+03:00,13.289425854293047,14.750319427189519,13.242300052201244,13.666430473327637,61541,0.0,0.0
2021-09-10 00:00:00+03:00,13.76068304957719,13.76068304957719,12.394039186623653,12.771044731140137,18905,0.0,0.0
2021-09-13 00:00:00+03:00,12.723917935919323,12.723917935919323,12.017033606146027,12.111285209655762,11692,0.0,0.0
2021-09-14 00:00:00+03:00,12.111285171933309,12.158410074691494,11.121646933563094,11.640028953552246,26279,0.0,0.0
2021-09-15 00:00:00+03:00,11.64002989653468,11.64002989653468,10.6975173834177,11.35727596282959,29161,0.0,0.0
2021-09-16 00:00:00+03:00,11.404400824058525,12.11128515037166,11.404400824058525,11.922781944274902,57764,0.0,0.0
2021-09-17 00:00:00+03:00,12.158410087016017,12.25266169032773,11.969907779242495,12.205535888671875,27440,0.0,0.0
2021-09-20 00:00:00+03:00,12.20553686509488,12.20553686509488,11.215898546552058,11.35727596282959,17578,0.0,0.0
2021-09-21 00:00:00+03:00,11.310150157403745,11.592904091108835,10.980270418272813,11.35727596282959,6536,0.0,0.0
2021-09-22 00:00:00+03:00,11.498652469155786,11.969908725259302,11.498652469155786,11.78140640258789,1565,0.0,0.0
2021-09-23 00:00:00+03:00,11.875657062742778,12.064159370325223,11.404400844361714,11.640028953552246,3857,0.0,0.0
2021-09-24 00:00:00+03:00,11.498651548727985,11.640028953552246,11.498651548727985,11.640028953552246,1261,0.0,0.0
2021-09-27 00:00:00+03:00,11.640028903806979,11.640028903806979,11.310149192810059,11.310149192810059,1770,0.0,0.0
2021-09-28 00:00:00+03:00,11.310149187796817,11.592903097261717,11.121646881103516,11.121646881103516,3671,0.0,0.0
2021-09-29 00:00:00+03:00,11.121646886033204,11.310149192810059,11.074521084626515,11.310149192810059,2638,0.0,0.0
2021-09-30 00:00:00+03:00,11.121647834550345,11.404401768255434,11.074522029124502,11.35727596282959,9582,0.0,0.0
2021-10-01 00:00:00+03:00,11.12164781298573,11.310150135473627,11.074522007651261,11.26302433013916,2692,0.0,0.0
2021-10-04 00:00:00+03:00,11.074521113639355,11.54577733124103,11.074521113639355,11.404400825500488,318,0.0,0.0
2021-10-05 00:00:00+03:00,11.310150135473627,11.404401746142565,11.12164781298573,11.26302433013916,1406,0.0,0.0
2021-10-06 00:00:00+03:00,11.027395248413086,11.263023355852894,10.980269447155145,11.027395248413086,3504,0.0,0.0
2021-10-07 00:00:00+03:00,11.45152666377544,11.498652469155786,10.933145501141553,11.074522018432617,6726,0.0,0.0
2021-10-08 00:00:00+03:00,11.310149222440192,11.404400825500488,11.215897619379897,11.404400825500488,1488,0.0,0.0
2021-10-11 00:00:00+03:00,11.404401734946765,11.404401734946765,10.933145479764667,11.215898513793945,2995,0.0,0.0
2021-10-12 00:00:00+03:00,11.263023391403369,11.357274994216747,11.074521084626515,11.310149192810059,1096,0.0,0.0
2021-10-13 00:00:00+03:00,11.26302433013916,11.404401746142565,11.027396202316792,11.26302433013916,2610,0.0,0.0
2021-10-14 00:00:00+03:00,11.121646915169503,11.404400825500488,11.121646915169503,11.404400825500488,2155,0.0,0.0
2021-10-15 00:00:00+03:00,11.404400785655787,11.451525688171387,11.263023381559288,11.451525688171387,2417,0.0,0.0
2021-10-18 00:00:00+03:00,11.451526641384994,11.451526641384994,11.168773607355716,11.215898513793945,1465,0.0,0.0
2021-10-19 00:00:00+03:00,11.168772682489315,11.263023386411016,11.121646881103516,11.121646881103516,1988,0.0,0.0
2021-10-20 00:00:00+03:00,11.263023391403369,11.451525698180223,11.263023391403369,11.310149192810059,1375,0.0,0.0
2021-10-21 00:00:00+03:00,11.310149222440192,11.404400825500488,11.310149222440192,11.404400825500488,1376,0.0,0.0
2021-10-22 00:00:00+03:00,11.310149222440192,11.404400825500488,11.310149222440192,11.404400825500488,11384,0.0,0.0
2021-10-25 00:00:00+03:00,11.404401734946765,11.4986524466732,11.168773607355716,11.215898513793945,3417,0.0,0.0
2021-10-26 00:00:00+03:00,11.310150124370356,11.310150124370356,11.168773607355716,11.215898513793945,1757,0.0,0.0
2021-10-27 00:00:00+03:00,11.168773607355716,11.215898513793945,10.980270386202896,11.215898513793945,2067,0.0,0.0
2021-10-28 00:00:00+03:00,11.21589758999668,11.310149192810059,11.168772687439892,11.310149192810059,2635,0.0,0.0
2021-10-29 00:00:00+03:00,11.121646886033204,11.404400795623435,10.838892976442972,11.310149192810059,2997,0.0,0.0
2021-11-01 00:00:00+02:00,11.35727592965856,11.35727592965856,11.027396191491102,11.215898513793945,1351,0.0,0.0
2021-11-02 00:00:00+02:00,11.215897585025216,11.310149187796817,11.074521079717716,11.121646881103516,3453,0.0,0.0
2021-11-03 00:00:00+02:00,11.215898524804691,11.26302433013916,11.168773618320198,11.26302433013916,1199,0.0,0.0
2021-11-04 00:00:00+02:00,11.263022439774515,11.263022439774515,11.121645946349451,11.168771743774414,1546,0.0,0.0
2021-11-05 00:00:00+02:00,11.26302433013916,11.26302433013916,11.215898524804691,11.26302433013916,1079,0.0,0.0
2021-11-08 00:00:00+02:00,11.26302433013916,11.26302433013916,11.168773618320198,11.26302433013916,1237,0.0,0.0
2021-11-09 00:00:00+02:00,11.16877362919331,11.263024341104028,11.074522018432617,11.074522018432617,774,0.0,0.0
2021-11-10 00:00:00+02:00,11.074520148924488,11.168771743774414,11.027394351499526,11.168771743774414,1294,0.0,0.0
2021-11-11 00:00:00+02:00,11.168773607355716,11.310150124370356,11.027396191491102,11.215898513793945,4388,0.0,0.0
2021-11-12 00:00:00+02:00,11.215898524804691,11.26302433013916,11.074522007651261,11.26302433013916,638,0.0,0.0
2021-11-15 00:00:00+02:00,11.263024341104028,11.310150146484375,10.83889389038086,10.83889389038086,4019,0.0,0.0
2021-11-16 00:00:00+02:00,11.215897579882322,11.215897579882322,10.886018768032782,10.933144569396973,4279,0.0,0.0
2021-11-17 00:00:00+02:00,10.933144569396973,11.027395273275456,10.83889296666859,10.933144569396973,3403,0.0,0.0
2021-11-18 00:00:00+02:00,10.933145479305935,10.980270385742188,10.744642258161026,10.980270385742188,2125,0.0,0.0
2021-11-19 00:00:00+02:00,10.933145501141553,10.980270407671924,10.791768085000513,10.83889389038086,12215,0.0,0.0
2021-11-22 00:00:00+02:00,11.121646850928968,11.121646850928968,10.791767140973276,11.027395248413086,9668,0.0,0.0
2021-11-23 00:00:00+02:00,10.791767140973276,11.027395248413086,10.744641339715335,11.027395248413086,2084,0.0,0.0
2021-11-24 00:00:00+02:00,11.02739621305227,11.02739621305227,10.744642279620166,10.83889389038086,721,0.0,0.0
2021-11-25 00:00:00+02:00,10.791767150453081,10.933144554351095,9.990632123763929,10.886018753051758,6692,0.0,0.0
2021-11-26 00:00:00+02:00,10.55613997858867,10.791768107123461,10.32051185005388,10.697517395019531,4274,0.0,0.0
2021-11-29 00:00:00+02:00,10.55613807734721,10.650389671325684,10.509012280357974,10.650389671325684,2465,0.0,0.0
2021-11-30 00:00:00+02:00,10.838893880045122,11.498652458190918,10.744642269374305,11.498652458190918,36096,0.0,0.0
2021-12-01 00:00:00+02:00,11.640028903806979,12.111285120174063,11.263023391403369,11.310149192810059,30658,0.0,0.0
2021-12-02 00:00:00+02:00,11.310150124370356,11.781406379552454,11.12164780206751,11.215898513793945,29291,0.0,0.0
2021-12-03 00:00:00+02:00,11.310149222440192,11.781405440041867,11.310149222440192,11.404400825500488,33863,0.0,0.0
2021-12-07 00:00:00+02:00,11.781406391578987,11.922782908737945,11.64002987442003,11.734280586242676,30391,0.0,0.0
2021-12-08 00:00:00+02:00,11.875658013348584,12.20553685331106,11.78140640258789,11.78140640258789,13416,0.0,0.0
2021-12-09 00:00:00+02:00,11.781405471468972,12.72391790918649,11.781405471468972,12.205535888671875,13034,0.0,0.0
2021-12-10 00:00:00+02:00,12.205536874192683,12.818170547485352,12.205536874192683,12.818170547485352,7477,0.0,0.0
2021-12-13 00:00:00+02:00,12.959546103552858,13.148048412561826,12.818169596508609,13.006671905517578,20290,0.0,0.0
2021-12-14 00:00:00+02:00,13.148048412561826,13.148048412561826,12.865294499623419,13.006671905517578,14025,0.0,0.0
2021-12-15 00:00:00+02:00,13.053797707482298,13.053797707482298,12.72391799257917,13.006671905517578,126510,0.0,0.0
2021-12-16 00:00:00+02:00,13.00667189108479,13.100922596059734,12.441164065835487,12.959546089172363,54668,0.0,0.0
2021-12-17 00:00:00+02:00,12.912420272827148,13.006671876546653,12.723917964238048,12.912420272827148,13340,0.0,0.0
2021-12-20 00:00:00+02:00,12.818169576362635,12.818169576362635,12.34691335515592,12.582541465759277,107047,0.0,0.0
2021-12-21 00:00:00+02:00,12.535415663868623,12.582541465759277,12.34691335515592,12.582541465759277,68794,0.0,0.0
2021-12-22 00:00:00+02:00,12.535415605390853,12.535415605390853,12.11128518805336,12.394038200378418,5596,0.0,0.0
2021-12-23 00:00:00+02:00,12.252661723010945,12.488289833068848,12.252661723010945,12.488289833068848,7305,0.0,0.0
2021-12-27 00:00:00+02:00,12.252661723010945,12.959546053184654,12.252661723010945,12.488289833068848,8326,0.0,0.0
2021-12-28 00:00:00+02:00,12.629666357424194,12.723917961120605,12.53541565257769,12.723917961120605,6056,0.0,0.0
2021-12-29 00:00:00+02:00,12.676792206963206,13.619304652073481,12.582541501762126,13.242300033569336,23482,0.0,0.0
2021-12-30 00:00:00+02:00,13.242300965429743,13.43080328794672,13.148049354746266,13.38367748260498,12037,0.0,0.0
2022-01-03 00:00:00+02:00,13.666431427001953,14.090561877725122,13.666431427001953,13.902059555053711,33723,0.0,0.0
2022-01-04 00:00:00+02:00,13.94918441772461,14.09056092546121,13.807807011138092,13.94918441772461,70136,0.0,0.0
2022-01-05 00:00:00+02:00,14.467567444586031,14.750320479611183,13.949185382289956,13.99631118774414,25812,0.0,0.0
2022-01-07 00:00:00+02:00,14.090560898847217,14.137686700953711,13.430802365906027,14.043435096740723,14842,0.0,0.0
2022-01-10 00:00:00+02:00,14.04343507516955,14.04343507516955,13.006671924668728,13.430802345275879,10672,0.0,0.0
2022-01-11 00:00:00+02:00,13.525053977966309,13.713556287651745,13.47792817583247,13.525053977966309,16115,0.0,0.0
2022-01-12 00:00:00+02:00,13.996311165814404,13.996311165814404,13.666431427001953,13.902059555053711,3131,0.0,0.0
2022-01-13 00:00:00+02:00,13.902058584936734,13.902058584936734,13.242300052201244,13.666430473327637,9201,0.0,0.0
2022-01-14 00:00:00+02:00,13.902058584936734,13.949184387028536,13.289425854293047,13.666430473327637,13428,0.0,0.0
2022-01-17 00:00:00+02:00,13.66643144955381,13.66643144955381,13.148049387214531,13.289426803588867,108078,0.0,0.0
2022-01-18 00:00:00+02:00,13.242300031079422,13.289425833096058,12.865294513796252,13.053797721862793,9695,0.0,0.0
2022-01-19 00:00:00+02:00,13.100922581416249,13.100922581416249,12.535415655648947,12.912420272827148,9118,0.0,0.0
2022-01-20 00:00:00+02:00,12.53541657114038,13.195175148810932,12.53541657114038,13.100923538208008,2256,0.0,0.0
2022-01-21 00:00:00+02:00,12.771044731346244,13.006672859604109,12.158411058565811,12.535416603088379,45857,0.0,0.0
2022-01-24 00:00:00+02:00,12.488290786743164,12.488290786743164,11.357275951864722,11.78140640258789,24585,0.0,0.0
2022-01-25 00:00:00+02:00,11.734280597207544,12.39403917598247,11.734280597207544,11.78140640258789,3102,0.0,0.0
2022-01-26 00:00:00+02:00,12.15841007232666,12.205535873925582,11.96990776478088,12.15841007232666,2079,0.0,0.0
2022-01-27 00:00:00+02:00,12.15841009785639,12.205535899554263,11.828531283671083,12.064159393310547,7526,0.0,0.0
2022-01-28 00:00:00+02:00,11.969908746519426,12.535416614388051,11.969908746519426,12.346914291381836,10850,0.0,0.0
2022-01-31 00:00:00+02:00,12.72391892613789,12.72391892613789,12.064160346774809,12.299788475036621,7739,0.0,0.0
2022-02-01 00:00:00+02:00,12.34691332657407,12.86529444962153,12.111285216516167,12.488289833068848,6976,0.0,0.0
2022-02-02 00:00:00+02:00,12.53541659212351,12.53541659212351,12.158411047930713,12.252662658691406,2049,0.0,0.0
2022-02-03 00:00:00+02:00,12.111285184210066,12.441163998101255,11.969907779242495,12.205535888671875,1021,0.0,0.0
2022-02-04 00:00:00+02:00,11.922781935064283,11.922781935064283,11.498651519374032,11.545777320861816,25906,0.0,0.0
2022-02-07 00:00:00+02:00,11.498652458411096,11.969908714074256,11.498652458411096,11.734280586242676,2173,0.0,0.0
2022-02-08 00:00:00+02:00,11.592902166196717,11.687152862548828,11.54577636859575,11.687152862548828,2575,0.0,0.0
2022-02-09 00:00:00+02:00,11.781406413509075,11.875658024357138,11.687154802661011,11.828532218933105,2428,0.0,0.0
2022-02-10 00:00:00+02:00,11.875656052952701,12.394037130013873,11.687152862548828,11.687152862548828,36344,0.0,0.0
2022-02-11 00:00:00+02:00,11.687154791827197,11.828532207968237,11.45152666377544,11.78140640258789,10078,0.0,0.0
2022-02-14 00:00:00+02:00,11.687154780682576,11.687154780682576,11.215898525028441,11.498652458190918,14695,0.0,0.0
2022-02-15 00:00:00+02:00,11.87565803527832,11.922782941895713,11.310150167369837,11.87565803527832,5014,0.0,0.0
2022-02-16 00:00:00+02:00,11.687154813408842,12.252662681317323,11.687154813408842,11.87565803527832,16194,0.0,0.0
2022-02-17 00:00:00+02:00,11.875657047646209,11.875657047646209,11.404400829864215,11.592903137207031,1175,0.0,0.0
2022-02-18 00:00:00+02:00,11.592903132771177,11.734279638511719,11.027395312109208,11.404400825500488,10543,0.0,0.0
2022-02-21 00:00:00+02:00,11.16877265218691,11.310149157110835,10.556139033533467,11.027395248413086,26927,0.0,0.0
2022-02-22 00:00:00+02:00,11.027395278331916,11.215897585025216,10.461888358252015,11.121646881103516,5552,0.0,0.0
2022-02-23 00:00:00+02:00,11.074521074639646,11.54577729058176,10.933144569396973,10.933144569396973,6064,0.0,0.0
2022-02-24 00:00:00+02:00,10.838893913624357,10.838893913624357,9.896381399396153,10.226261138916016,16004,0.0,0.0
2022-02-25 00:00:00+02:00,10.226261096114555,10.791768062974594,10.226261096114555,10.74464225769043,13395,0.0,0.0
2022-02-28 00:00:00+02:00,10.46188923417107,10.980270396266503,10.46188923417107,10.556139945983887,30943,0.0,0.0
2022-03-01 00:00:00+02:00,10.650390588025816,11.168772601825946,10.084882773180238,10.367636680603027,18025,0.0,0.0
2022-03-02 00:00:00+02:00,10.461889256307485,10.461889256307485,10.03775790627747,10.1791353225708,11259,0.0,0.0
2022-03-03 00:00:00+02:00,10.69751635720844,11.828531084680947,10.179134344952324,10.273385047912598,34796,0.0,0.0
2022-03-04 00:00:00+02:00,10.08488370084524,10.08488370084524,9.236622799398901,9.425125122070312,87517,0.0,0.0
2022-03-07 00:00:00+02:00,9.406273519703914,9.519375801086426,8.501462459442914,9.519375801086426,165626,0.0,0.0
2022-03-08 00:00:00+02:00,9.425125122070312,9.613627444741724,9.330873511309619,9.425125122070312,28117,0.0,0.0
2022-03-09 00:00:00+02:00,9.613626574548418,10.556139001442379,9.472250070054283,10.414762496948242,123029,0.0,0.0
2022-03-10 00:00:00+02:00,10.367637656009514,10.461889266967773,10.179135332942973,10.461889266967773,64680,0.0,0.0
2022-03-11 00:00:00+02:00,10.367636750726478,11.215897579882322,10.367636750726478,10.933144569396973,65774,0.0,0.0
2022-03-14 00:00:00+02:00,10.933144574410216,11.121646881103516,10.933144574410216,11.121646881103516,7220,0.0,0.0
2022-03-15 00:00:00+02:00,11.027395273275456,11.027395273275456,10.74464136394021,10.933144569396973,11511,0.0,0.0
2022-03-16 00:00:00+02:00,11.02739439268475,11.781404457750764,10.744640505928766,11.687152862548828,28490,0.0,0.0
2022-03-17 00:00:00+02:00,12.15841009785639,12.252661701252137,11.78140548197321,12.064159393310547,14546,0.0,0.0
2022-03-18 00:00:00+02:00,11.969908725259302,12.158411047930713,11.310150146484375,11.78140640258789,9069,0.0,0.0
2022-03-21 00:00:00+02:00,11.687154780906365,11.781406391578987,11.498652458411096,11.734280586242676,5993,0.0,0.0
2022-03-22 00:00:00+02:00,11.781406391578987,11.781406391578987,11.310150135915828,11.734280586242676,6503,0.0,0.0
2022-03-23 00:00:00+02:00,11.734279643001669,11.781405444549849,11.310149226767855,11.592903137207031,12973,0.0,0.0
2022-03-24 00:00:00+02:00,11.451525747119897,11.640028953552246,11.404400844361714,11.640028953552246,3088,0.0,0.0
2022-03-25 00:00:00+02:00,11.451525747119897,11.781405459526603,11.451525747119897,11.640028953552246,447,0.0,0.0
2022-03-28 00:00:00+03:00,11.498651489536886,11.734279597514487,11.027395273581687,11.451525688171387,3758,0.0,0.0
2022-03-29 00:00:00+03:00,11.451525747119897,11.68715385631043,11.357275042753626,11.640028953552246,4130,0.0,0.0
2022-03-30 00:00:00+03:00,11.592904101324079,12.064160358297823,11.310150167369837,11.87565803527832,10547,0.0,0.0
2022-03-31 00:00:00+03:00,12.064160336019995,12.064160336019995,11.78140640258789,11.78140640258789,564,0.0,0.0
2022-04-01 00:00:00+03:00,11.781405398879986,11.781405398879986,11.310149182924787,11.451525688171387,1984,0.0,0.0
2022-04-04 00:00:00+03:00,11.592904091108835,11.734280608536391,11.121647834550345,11.35727596282959,5552,0.0,0.0
2022-04-05 00:00:00+03:00,11.357275951864722,11.78140640258789,10.933145501141553,11.074522018432617,4521,0.0,0.0
2022-04-06 00:00:00+03:00,11.074521079717716,11.310149187796817,11.074521079717716,11.121646881103516,1155,0.0,0.0
2022-04-07 00:00:00+03:00,11.168772687439892,11.310149192810059,11.074521084626515,11.310149192810059,1165,0.0,0.0
2022-04-08 00:00:00+03:00,11.310150157403745,11.35727596282959,11.310150157403745,11.35727596282959,1101,0.0,0.0
2022-04-11 00:00:00+03:00,11.310148237199478,11.310148237199478,11.074520148924488,11.168771743774414,3004,0.0,0.0
2022-04-12 00:00:00+03:00,11.168772687439892,11.310149192810059,10.791767175036284,11.310149192810059,5953,0.0,0.0
2022-04-13 00:00:00+03:00,11.357274936676726,11.828531150656259,10.791767120361328,10.791767120361328,31140,0.0,0.0
2022-04-14 00:00:00+03:00,10.980269471911265,11.263023381246512,10.83889296666859,10.933144569396973,1036,0.0,0.0
2022-04-19 00:00:00+03:00,11.215897585025216,11.263023386411016,11.121646881103516,11.121646881103516,44,0.0,0.0
2022-04-20 00:00:00+03:00,11.074521059399212,11.121646860698549,10.791767150453081,10.886018753051758,3979,0.0,0.0
2022-04-21 00:00:00+03:00,10.933144554351095,11.121646860698549,10.886018753051758,10.886018753051758,2021,0.0,0.0
2022-04-22 00:00:00+03:00,10.980270407671924,10.980270407671924,10.83889389038086,10.83889389038086,752,0.0,0.0
2022-04-25 00:00:00+03:00,10.838892884152429,10.838892884152429,10.461888273808825,10.509013175964355,1655,0.0,0.0
2022-04-26 00:00:00+03:00,10.729349218908412,10.825147346862412,10.394057598266727,10.48985481262207,503,0.18,0.0
2022-04-27 00:00:00+03:00,10.489853671498302,10.825146169264329,10.202460232498646,10.441954612731934,1497,0.0,0.0
2022-04-28 00:00:00+03:00,10.29825829555557,10.825146112001379,10.250359237042577,10.681448936462402,4763,0.0,0.0
2022-04-29 00:00:00+03:00,10.681450072744095,10.777248199960985,10.489854731908963,10.729349136352539,3361,0.0,0.0
2022-05-02 00:00:00+03:00,10.394057273864746,10.777247946523923,10.154562875053104,10.394057273864746,5731,0.0,0.0
2022-05-03 00:00:00+03:00,10.202460141199143,10.298258257874606,9.915067618369854,10.154561996459961,3174,0.0,0.0
2022-05-04 00:00:00+03:00,10.441954519289249,10.441954519289249,9.962965763109036,10.154561996459961,1778,0.0,0.0
2022-05-05 00:00:00+03:00,10.154563174523943,10.154563174523943,9.91506876864931,9.962966918945312,4435,0.0,0.0
2022-05-06 00:00:00+03:00,9.91506876864931,10.01086598283997,9.57977623498536,9.962966918945312,7338,0.0,0.0
2022-05-09 00:00:00+03:00,9.962965681193454,9.962965681193454,9.483976928951488,9.627674102783203,12290,0.0,0.0
2022-05-10 00:00:00+03:00,9.627674619806431,9.867169008788688,9.579775559290262,9.771370887756348,6711,0.0,0.0
2022-05-11 00:00:00+03:00,9.819270317868902,9.867169380187988,9.723472193230732,9.867169380187988,6599,0.0,0.0
2022-05-12 00:00:00+03:00,9.962966776012644,10.44195558089015,9.675574223965056,9.915068626403809,21194,0.0,0.0
2022-05-13 00:00:00+03:00,9.962966918945312,10.250360388714604,9.867169704754652,9.962966918945312,13695,0.0,0.0
2022-05-16 00:00:00+03:00,10.20246178318342,10.44195619981776,9.96296736654908,10.346158981323242,8052,0.0,0.0
2022-05-17 00:00:00+03:00,10.585652040963067,10.681449247177163,10.15456232900319,10.250359535217285,9971,0.0,0.0
2022-05-18 00:00:00+03:00,10.250358771421604,10.441954083171833,10.154561572345745,10.298257827758789,5976,0.0,0.0
2022-05-19 00:00:00+03:00,10.250359535217285,10.250359535217285,9.96296608937784,10.250359535217285,4309,0.0,0.0
2022-05-20 00:00:00+03:00,10.250360306184785,10.537753773640155,10.106664029256423,10.202461242675781,5758,0.0,0.0
2022-05-23 00:00:00+03:00,10.202460475310948,10.441954861244056,10.106663269096853,10.250359535217285,2779,0.0,0.0
2022-05-24 00:00:00+03:00,10.346158211382692,10.63355167267639,10.250360086418585,10.394057273864746,3284,0.0,0.0
2022-05-25 00:00:00+03:00,10.394056714936298,10.394056714936298,10.058764209190516,10.250359535217285,459,0.0,0.0
2022-05-27 00:00:00+03:00,10.250358771421604,10.537752195846203,10.154561572345745,10.298257827758789,9217,0.0,0.0
2022-05-30 00:00:00+03:00,10.346158981323242,10.44195619981776,10.20246178318342,10.346158981323242,2827,0.0,0.0
2022-05-31 00:00:00+03:00,10.20246178318342,10.346158981323242,10.106664564688902,10.346158981323242,3699,0.0,0.0
2022-06-01 00:00:00+03:00,10.441954519289249,10.441954519289249,10.106662938122229,10.154561996459961,3025,0.0,0.0
2022-06-02 00:00:00+03:00,10.154562579882102,10.298258849552699,10.010865396612903,10.058764457702637,4894,0.0,0.0
2022-06-03 00:00:00+03:00,10.058764209190516,10.441954861244056,10.058764209190516,10.250359535217285,867,0.0,0.0
2022-06-06 00:00:00+03:00,10.154562579882102,10.154562579882102,9.96296633552317,10.058764457702637,1991,0.0,0.0
2022-06-07 00:00:00+03:00,10.058764715865705,10.10666377818479,9.867169380187988,9.867169380187988,1654,0.0,0.0
2022-06-08 00:00:00+03:00,9.819270065852574,10.058764457702637,9.771371004762841,10.058764457702637,9473,0.0,0.0
2022-06-09 00:00:00+03:00,10.058763797081262,10.058763797081262,9.627674102783203,9.627674102783203,6586,0.0,0.0
2022-06-10 00:00:00+03:00,9.627675736948731,9.819271087646484,9.483978538726394,9.819271087646484,8436,0.0,0.0
2022-06-13 00:00:00+03:00,9.627674290123077,9.771370553152359,9.388179909341897,9.675573348999023,2277,0.0,0.0
2022-06-14 00:00:00+03:00,9.627674102783203,9.627674102783203,9.388179726662221,9.627674102783203,1912,0.0,0.0
2022-06-15 00:00:00+03:00,9.388180210630326,9.579775538684293,9.33070115541484,9.349861145019531,11064,0.0,0.0
2022-06-16 00:00:00+03:00,9.349861664985252,9.38818073272705,9.292382606573234,9.38818073272705,15752,0.0,0.0
2022-06-17 00:00:00+03:00,9.29238199177726,9.579775437625749,9.19658478556015,9.483977317810059,3115,0.0,0.0
2022-06-20 00:00:00+03:00,9.483977168827979,9.54145622253418,9.292381845804915,9.54145622253418,2169,0.0,0.0
2022-06-21 00:00:00+03:00,9.541456372419189,9.579775437625749,9.23490385076671,9.483977317810059,14466,0.0,0.0
2022-06-22 00:00:00+03:00,9.483977857427753,9.483977857427753,9.024149048785777,9.311542510986328,431271,0.0,0.0
2022-06-23 00:00:00+03:00,9.273223614012688,9.579776158740826,9.273223614012688,9.464818954467773,5695,0.0,0.0
2022-06-27 00:00:00+03:00,9.57977667699945,9.915069226133909,9.292383193969727,9.292383193969727,2300,0.0,0.0
2022-06-28 00:00:00+03:00,9.5797758102417,9.962966477211921,9.5797758102417,9.5797758102417,148,0.0,0.0
2022-06-29 00:00:00+03:00,9.627674102783203,9.627674102783203,9.483976928951488,9.627674102783203,1118,0.0,0.0
2022-06-30 00:00:00+03:00,9.627674290123077,9.675573348999023,9.627674290123077,9.675573348999023,509,0.0,0.0
2022-07-01 00:00:00+03:00,9.388179964115729,9.675573405449606,9.388179964115729,9.54145622253418,554,0.0,0.0
2022-07-04 00:00:00+03:00,9.560615569644357,10.058764337254773,9.560615569644357,9.771370887756348,1364,0.0,0.0
2022-07-05 00:00:00+03:00,9.579775559290262,9.771370887756348,9.388180230824174,9.771370887756348,810,0.0,0.0
2022-07-06 00:00:00+03:00,9.962966776012644,9.962966776012644,9.86716956319633,9.915068626403809,1851,0.0,0.0
2022-07-07 00:00:00+03:00,9.91506876864931,9.962966918945312,9.57977623498536,9.962966918945312,1031,0.0,0.0
2022-07-08 00:00:00+03:00,9.962966918945312,9.962966918945312,9.867169704754652,9.962966918945312,1757,0.0,0.0
2022-07-11 00:00:00+03:00,9.962966918945312,10.058765046734628,9.867169704754652,9.962966918945312,1573,0.0,0.0
2022-07-12 00:00:00+03:00,9.771371576965336,9.962966918945312,9.675574362774675,9.962966918945312,1663,0.0,0.0
2022-07-13 00:00:00+03:00,9.579775559290262,9.962966216222435,9.579775559290262,9.771370887756348,1386,0.0,0.0
2022-07-14 00:00:00+03:00,9.86716956319633,9.962966776012644,9.541457029703842,9.915068626403809,1503,0.0,0.0
2022-07-15 00:00:00+03:00,9.96296633552317,10.058764457702637,9.96296633552317,10.058764457702637,2674,0.0,0.0
2022-07-18 00:00:00+03:00,10.058764209190516,10.53775298105673,9.915067943070083,10.250359535217285,8494,0.0,0.0
2022-07-19 00:00:00+03:00,10.633552004553069,10.633552004553069,9.962966936072386,10.48985481262207,765,0.0,0.0
2022-07-20 00:00:00+03:00,10.537753290068453,10.585652351379395,10.202460774490469,10.585652351379395,1882,0.0,0.0
2022-07-21 00:00:00+03:00,9.96296608937784,10.489853921150393,9.96296608937784,10.250359535217285,6281,0.0,0.0
2022-07-22 00:00:00+03:00,10.346156884095974,10.537752195846203,10.154561572345745,10.298257827758789,839,0.0,0.0
2022-07-25 00:00:00+03:00,10.298257827758789,10.346156884095974,10.10666251600856,10.298257827758789,362,0.0,0.0
2022-07-26 00:00:00+03:00,10.058764327656139,10.825146554387754,10.058764327656139,10.537753105163574,4596,0.0,0.0
2022-07-27 00:00:00+03:00,10.53775298105673,10.53775298105673,9.915067943070083,10.250359535217285,13776,0.0,0.0
2022-07-28 00:00:00+03:00,10.15456363073551,10.39405804736985,10.15456363073551,10.346158981323242,1819,0.0,0.0
2022-07-29 00:00:00+03:00,10.394056467564122,10.441954612731934,10.298258350031384,10.441954612731934,3036,0.0,0.0
2022-08-01 00:00:00+03:00,10.44195619981776,10.44195619981776,10.20246178318342,10.346158981323242,229,0.0,0.0
2022-08-02 00:00:00+03:00,10.346158981323242,10.489855265864367,10.346158981323242,10.346158981323242,1009,0.0,0.0
2022-08-03 00:00:00+03:00,10.537753105163574,10.537753105163574,10.346157776880318,10.537753105163574,1399,0.0,0.0
2022-08-04 00:00:00+03:00,10.633551226104498,10.633551226104498,10.537753105163574,10.537753105163574,154,0.0,0.0
2022-08-05 00:00:00+03:00,10.346157776880318,10.537753105163574,10.346157776880318,10.537753105163574,936,0.0,0.0
2022-08-08 00:00:00+03:00,10.537753290068453,10.68144956040267,10.537753290068453,10.585652351379395,2768,0.0,0.0
2022-08-09 00:00:00+03:00,10.58565294057607,10.633552004553069,10.250360406335728,10.48985481262207,950,0.0,0.0
2022-08-10 00:00:00+03:00,10.1066633881266,10.72934843344683,10.1066633881266,10.537753105163574,1737,0.0,0.0
2022-08-11 00:00:00+03:00,10.777247493917292,10.777247493917292,10.441954984222651,10.537753105163574,10656,0.0,0.0
2022-08-12 00:00:00+03:00,10.633551226104498,10.633551226104498,10.250359655939395,10.537753105163574,12363,0.0,0.0
2022-08-15 00:00:00+03:00,10.63355202108442,11.256237112957498,10.63355202108442,11.016742706298828,15845,0.0,0.0
2022-08-16 00:00:00+03:00,11.016742706298828,11.11254083440176,10.920944578195897,11.016742706298828,206446,0.0,0.0
2022-08-17 00:00:00+03:00,11.064641770350294,11.064641770350294,10.87304642774309,11.016742706298828,76878,0.0,0.0
2022-08-18 00:00:00+03:00,11.112540463681293,11.112540463681293,10.825147002558761,10.920944213867188,17759,0.0,0.0
2022-08-19 00:00:00+03:00,11.064641770350294,11.064641770350294,10.920944578195897,11.016742706298828,4912,0.0,0.0
2022-08-22 00:00:00+03:00,11.016742338774241,11.016742338774241,10.87304606501229,10.920944213867188,1863,0.0,0.0
2022-08-23 00:00:00+03:00,10.825147363691624,11.016742706298828,10.777248299640158,11.016742706298828,2776,0.0,0.0
2022-08-24 00:00:00+03:00,10.968843642247363,11.016742706298828,10.777248299640158,11.016742706298828,7657,0.0,0.0
2022-08-25 00:00:00+03:00,10.777248299640158,11.064641770350294,10.777248299640158,11.016742706298828,2526,0.0,0.0
2022-08-26 00:00:00+03:00,10.825146242732897,11.016741565500144,10.825146242732897,10.968842506408691,2310,0.0,0.0
2022-08-29 00:00:00+03:00,10.729348368712575,10.968842756021331,10.585652101766755,10.777247428894043,7099,0.0,0.0
2022-08-30 00:00:00+03:00,10.729349136352539,10.873046327177876,10.585652859125853,10.729349136352539,6597,0.0,0.0
2022-08-31 00:00:00+03:00,10.825147002558761,11.016742338774241,10.633551666343283,10.920944213867188,1758,0.0,0.0
2022-09-01 00:00:00+03:00,10.729348808284293,10.968843205404918,10.633551597595215,10.633551597595215,2868,0.0,0.0
2022-09-02 00:00:00+03:00,10.920943761730086,10.920943761730086,10.250359655939395,10.537753105163574,5954,0.0,0.0
2022-09-05 00:00:00+03:00,10.250360388714604,10.394057580398577,9.91506876864931,9.962966918945312,6265,0.0,0.0
2022-09-06 00:00:00+03:00,9.91506921979471,10.05876550441835,9.579776670874619,9.819271087646484,5652,0.0,0.0
2022-09-07 00:00:00+03:00,10.01086508555029,10.01086508555029,9.445658192170757,9.723471641540527,2288,0.0,0.0
2022-09-08 00:00:00+03:00,9.48397779523393,9.962966591227534,9.48397779523393,9.867169380187988,3549,0.0,0.0
2022-09-09 00:00:00+03:00,9.962966918945312,9.962966918945312,9.675574362774675,9.962966918945312,3334,0.0,0.0
2022-09-12 00:00:00+03:00,9.962966151282858,10.058764271690775,9.867168944473525,10.010865211486816,3959,0.0,0.0
2022-09-13 00:00:00+03:00,10.058764641951345,10.106663703918457,9.915068369648631,10.106663703918457,11267,0.0,0.0
2022-09-14 00:00:00+03:00,10.058764641951345,10.106663703918457,9.771371183747299,10.106663703918457,1669,0.0,0.0
2022-09-15 00:00:00+03:00,10.10666351879237,10.154562579882102,10.010865396612903,10.058764457702637,2352,0.0,0.0
2022-09-16 00:00:00+03:00,9.915067729780201,10.058763992809485,9.483977113495234,9.675573348999023,27166,0.0,0.0
2022-09-19 00:00:00+03:00,9.541456807965517,9.771371209699957,9.388180540142557,9.445658683776855,4707,0.0,0.0
2022-09-20 00:00:00+03:00,9.483978354435216,9.560616493225098,9.483978354435216,9.560616493225098,340,0.0,0.0
2022-09-21 00:00:00+03:00,9.40733980979863,9.483977945282227,9.292382606573234,9.38818073272705,4895,0.0,0.0
2022-09-22 00:00:00+03:00,9.3881813261792,9.4648194665073,9.292383193969727,9.292383193969727,1407,0.0,0.0
2022-09-23 00:00:00+03:00,9.468079482070875,9.760906874479792,9.15573075996676,9.604732513427734,4727,0.18,0.0
2022-09-26 00:00:00+03:00,9.155729700725496,9.72186215947873,9.155729700725496,9.409513473510742,2348,0.0,0.0
2022-09-27 00:00:00+03:00,9.409514562112662,9.604732513427734,9.214295679924971,9.604732513427734,2646,0.0,0.0
2022-09-28 00:00:00+03:00,9.585209461322892,9.60473172027858,9.311904352051053,9.565688133239746,3929,0.0,0.0
2022-09-29 00:00:00+03:00,9.292382785493254,9.565687887751139,9.175251096510214,9.272860527038574,2657,0.0,0.0
2022-09-30 00:00:00+03:00,9.272860672877703,9.721862384799314,9.272860672877703,9.702340126037598,4872,0.0,0.0
2022-10-03 00:00:00+03:00,9.70234091639418,9.741384506225586,9.38999219774293,9.741384506225586,1017,0.0,0.0
2022-10-04 00:00:00+03:00,9.682818412780762,9.760905582974761,9.370469732004768,9.682818412780762,4735,0.0,0.0
2022-10-05 00:00:00+03:00,9.741383712688497,9.741383712688497,9.4680786061322,9.702340126037598,468,0.0,0.0
2022-10-06 00:00:00+03:00,9.74138396022463,9.760906219482422,9.663296784938575,9.760906219482422,1649,0.0,0.0
2022-10-07 00:00:00+03:00,9.760906708741594,9.760906708741594,9.487601581541158,9.643775939941406,2144,0.0,0.0
2022-10-10 00:00:00+03:00,9.409514562112662,9.604732513427734,9.409514562112662,9.604732513427734,441,0.0,0.0
2022-10-11 00:00:00+03:00,9.604732350341344,9.663297269305136,9.468079321304826,9.643775939941406,1679,0.0,0.0
2022-10-12 00:00:00+03:00,9.604731944471443,9.624253273010254,9.468078921209509,9.624253273010254,404,0.0,0.0
2022-10-13 00:00:00+03:00,9.409513847523733,9.663296699523926,9.370470260225815,9.663296699523926,840,0.0,0.0
2022-10-14 00:00:00+03:00,9.663296699523926,9.663296699523926,9.468078763034336,9.663296699523926,1380,0.0,0.0
2022-10-17 00:00:00+03:00,9.663296784938575,9.858515654026268,9.663296784938575,9.760906219482422,64,0.0,0.0
2022-10-18 00:00:00+03:00,9.760905787512446,9.956123717088191,9.663296357288315,9.809710502624512,31988,0.0,0.0
2022-10-19 00:00:00+03:00,9.682819044196366,9.809710936754344,9.624253197295547,9.760906219482422,1599,0.0,0.0
2022-10-20 00:00:00+03:00,9.389991281727086,9.663296383885369,9.389991281727086,9.507122039794922,513,0.0,0.0
2022-10-21 00:00:00+03:00,9.429035113167556,9.741383809478227,9.429035113167556,9.565688133239746,579,0.0,0.0
2022-10-24 00:00:00+03:00,9.565689008924515,9.565689008924515,9.468079566955566,9.468079566955566,814,0.0,0.0
2022-10-25 00:00:00+03:00,9.468078138652812,9.760905489512691,9.468078138652812,9.585208892822266,455,0.0,0.0
2022-10-26 00:00:00+03:00,9.585208984602016,9.682818412780762,9.507121814408018,9.682818412780762,459,0.0,0.0
2022-10-27 00:00:00+03:00,9.507122509159695,9.66329686096044,9.507122509159695,9.624253273010254,185,0.0,0.0
2022-10-28 00:00:00+03:00,9.565688294422797,9.565688294422797,9.507122447441434,9.526644706726074,838,0.0,0.0
2022-10-31 00:00:00+02:00,9.741383809478227,9.741383809478227,9.565688133239746,9.565688133239746,21,0.0,0.0
2022-11-01 00:00:00+02:00,9.741384613911976,9.760906874479792,9.585210252859918,9.604732513427734,1271,0.0,0.0
2022-11-02 00:00:00+02:00,9.663297269305136,9.858516148178051,9.565688760741283,9.643775939941406,1401,0.0,0.0
2022-11-03 00:00:00+02:00,9.741384506225586,9.741384506225586,9.565688817420563,9.741384506225586,1045,0.0,0.0
2022-11-04 00:00:00+02:00,9.74138359493014,10.053733215234043,9.682818681098016,9.907319068908691,5183,0.0,0.0
2022-11-07 00:00:00+02:00,10.053733671334866,10.10253838899074,9.409514004720512,9.624253273010254,10932,0.0,0.0
2022-11-08 00:00:00+02:00,9.74138396022463,9.809710936754344,9.526644693624258,9.760906219482422,3023,0.0,0.0
2022-11-09 00:00:00+02:00,9.07764218192238,9.07764218192238,8.511509744829405,8.784814834594727,98768,0.0,0.0
2022-11-10 00:00:00+02:00,8.823858418846916,8.999555013418002,8.687205408528017,8.784814834594727,25809,0.0,0.0
2022-11-11 00:00:00+02:00,8.882424827536719,9.116686348000393,8.843381240792773,8.999555587768555,23317,0.0,0.0
2022-11-14 00:00:00+02:00,9.05812040789364,9.15572983917086,8.901946062548106,9.136207580566406,11982,0.0,0.0
2022-11-15 00:00:00+02:00,9.136206941071752,9.136206941071752,8.96051128029222,9.058119773864746,10629,0.0,0.0
2022-11-16 00:00:00+02:00,9.058120020109026,9.07764227787772,8.882424354553223,8.882424354553223,8249,0.0,0.0
2022-11-17 00:00:00+02:00,8.901945587351292,8.960511429165814,8.784814834594727,8.784814834594727,2205,0.0,0.0
2022-11-18 00:00:00+02:00,8.82385835569873,8.921467781066895,8.82385835569873,8.921467781066895,2781,0.0,0.0
2022-11-21 00:00:00+02:00,8.921467939218122,8.96051152388302,8.823858512119632,8.882424354553223,510,0.0,0.0
2022-11-22 00:00:00+02:00,8.960512161254883,8.960512161254883,8.921468573812767,8.960512161254883,3542,0.0,0.0
2022-11-23 00:00:00+02:00,8.960511365039666,8.960511365039666,8.84338061312135,8.921467781066895,782,0.0,0.0
2022-11-24 00:00:00+02:00,8.940990447998047,8.940990447998047,8.843381938869454,8.940990447998047,3758,0.0,0.0
2022-11-25 00:00:00+02:00,8.96051270834733,9.019077627649965,8.921469118521372,8.940990447998047,6853,0.0,0.0
2022-11-28 00:00:00+02:00,8.940990285395813,9.077643312737779,8.88242536715825,8.980033874511719,8741,0.0,0.0
2022-11-29 00:00:00+02:00,8.980033955365307,9.13620831323508,8.980033955365307,9.077643394470215,3654,0.0,0.0
2022-11-30 00:00:00+02:00,9.11668626989928,9.37047004699707,8.99955551067088,9.37047004699707,27568,0.0,0.0
2022-12-01 00:00:00+02:00,9.468078364938487,9.526644208859173,9.13620742142379,9.175251007080078,6083,0.0,0.0
2022-12-02 00:00:00+02:00,9.175251328097369,9.233817174067115,9.058120567030418,9.097164154052734,2290,0.0,0.0
2022-12-05 00:00:00+02:00,9.077643394470215,9.253339081637408,8.980033955365307,9.077643394470215,2013,0.0,0.0
2022-12-07 00:00:00+02:00,9.077643394470215,9.194774162872545,8.980033955365307,9.077643394470215,2780,0.0,0.0
2022-12-08 00:00:00+02:00,8.999556134505967,9.17525182009125,8.960512545390062,8.980033874511719,2274,0.0,0.0
2022-12-09 00:00:00+02:00,8.960511365039666,8.999554949012438,8.784814771725957,8.921467781066895,5793,0.0,0.0
2022-12-12 00:00:00+02:00,8.86290209678453,8.882424354553223,8.765292669686039,8.882424354553223,1449,0.0,0.0
2022-12-13 00:00:00+02:00,8.765292669686039,8.940989266114329,8.706727758124932,8.882424354553223,2361,0.0,0.0
2022-12-14 00:00:00+02:00,9.019076340107858,9.019076340107858,8.784814834594727,8.784814834594727,702,0.0,0.0
2022-12-15 00:00:00+02:00,8.921468649654058,8.94098997810479,8.765293367685398,8.823859214782715,725,0.0,0.0
2022-12-16 00:00:00+02:00,8.765292577032394,8.823858418846916,8.589596913333784,8.784814834594727,3426,0.0,0.0
2022-12-19 00:00:00+02:00,8.882424489281153,8.882424489281153,8.491987705837559,8.609118461608887,2601,0.0,0.0
2022-12-20 00:00:00+02:00,8.531031705383501,8.667684725855857,8.394379615783691,8.394379615783691,6458,0.0,0.0
2022-12-21 00:00:00+02:00,8.433423202936858,8.472466790090024,8.277247923451647,8.394379615783691,11510,0.0,0.0
2022-12-22 00:00:00+02:00,8.355336492078575,8.394380081397383,8.16011761461193,8.27724838256836,25185,0.0,0.0
2022-12-23 00:00:00+02:00,8.199160663525296,8.706728222088714,8.160117076779844,8.296770095825195,4421,0.0,0.0
2022-12-27 00:00:00+02:00,8.29677016961372,8.433423189874416,8.121073562260335,8.160117149353027,12108,0.0,0.0
2022-12-28 00:00:00+02:00,8.160116831919515,8.199160417493388,8.003942489624023,8.003942489624023,16241,0.0,0.0
2022-12-29 00:00:00+02:00,8.17963973337242,8.17963973337242,7.925855941748967,8.082030296325684,14494,0.0,0.0
2022-12-30 00:00:00+02:00,8.062508744117894,8.082030072462974,7.945377981429741,8.023465156555176,14521,0.0,0.0
2023-01-02 00:00:00+02:00,8.101551918319464,8.394379275535348,8.0820296600979,8.238204002380371,2945,0.0,0.0
2023-01-03 00:00:00+02:00,8.238204734407793,8.296770583403996,8.101552638204302,8.17963981628418,2301,0.0,0.0
2023-01-04 00:00:00+02:00,8.121073497806808,8.179639343417307,8.04298632424117,8.062508583068848,6828,0.0,0.0
2023-01-05 00:00:00+02:00,8.042986484900258,8.218683094368764,8.023465156555176,8.023465156555176,3926,0.0,0.0
2023-01-09 00:00:00+02:00,8.257726191832594,8.257726191832594,8.023464680359789,8.140595436096191,10603,0.0,0.0
2023-01-10 00:00:00+02:00,8.101551850850724,8.218682606587127,8.062508265605256,8.140595436096191,5389,0.0,0.0
2023-01-11 00:00:00+02:00,8.062508489154853,8.218682834466977,8.062508489154853,8.1991605758667,2835,0.0,0.0
2023-01-12 00:00:00+02:00,8.179639021341659,8.179639021341659,8.023464680359789,8.140595436096191,1875,0.0,0.0
2023-01-13 00:00:00+02:00,8.140595756634488,8.218682930200126,8.062508583068848,8.062508583068848,4330,0.0,0.0
2023-01-16 00:00:00+02:00,8.062509049164364,8.17963981628418,8.062509049164364,8.17963981628418,1578,0.0,0.0
2023-01-17 00:00:00+02:00,8.238204734407793,8.257726994364058,8.17963981628418,8.17963981628418,664,0.0,0.0
2023-01-18 00:00:00+02:00,8.179638609520872,8.199159935724515,8.121072769165039,8.121072769165039,2005,0.0,0.0
2023-01-19 00:00:00+02:00,8.199160348528142,8.199160348528142,8.062508265605256,8.140595436096191,2534,0.0,0.0
2023-01-20 00:00:00+02:00,8.218682995428336,8.218682995428336,8.121073562260335,8.160117149353027,1112,0.0,0.0
2023-01-23 00:00:00+02:00,8.179639248138946,8.1991605758667,8.101552075482884,8.1991605758667,1926,0.0,0.0
2023-01-24 00:00:00+02:00,8.1991605758667,8.218682834466977,8.101552075482884,8.1991605758667,2516,0.0,0.0
2023-01-25 00:00:00+02:00,8.121073806691959,8.257726831065694,8.101552477994321,8.218683242797852,4350,0.0,0.0
2023-01-26 00:00:00+02:00,8.238204091915225,8.355335780772602,8.199160505920272,8.335813522338867,424,0.0,0.0
2023-01-27 00:00:00+02:00,8.296770642664063,8.296770642664063,8.140596285388824,8.27724838256836,1475,0.0,0.0
2023-01-30 00:00:00+02:00,8.296770095825195,8.296770095825195,8.179639335588838,8.296770095825195,408,0.0,0.0
2023-01-31 00:00:00+02:00,8.179639654530009,8.218683242797852,8.160117394959801,8.218683242797852,6101,0.0,0.0
2023-02-01 00:00:00+02:00,8.218682767613837,8.218682767613837,8.10155200958252,8.10155200958252,687,0.0,0.0
2023-02-02 00:00:00+02:00,8.19916073644572,8.19916073644572,8.121073562260335,8.160117149353027,7999,0.0,0.0
2023-02-03 00:00:00+02:00,8.179638609520872,8.21868219280061,8.101551442961396,8.121072769165039,5412,0.0,0.0
2023-02-06 00:00:00+02:00,8.082029751141041,8.257726353624276,8.082029751141041,8.10155200958252,1264,0.0,0.0
2023-02-07 00:00:00+02:00,8.199161145367855,8.199161145367855,8.082030378248039,8.17963981628418,765,0.0,0.0
2023-02-08 00:00:00+02:00,8.17963973337242,8.19916106225822,7.964899530393146,8.082030296325684,12193,0.0,0.0
2023-02-09 00:00:00+02:00,8.257726994364058,8.394380021440139,8.082030378248039,8.17963981628418,6617,0.0,0.0
2023-02-10 00:00:00+02:00,8.21868219280061,8.21868219280061,8.06250785968166,8.121072769165039,1721,0.0,0.0
2023-02-13 00:00:00+02:00,8.160117149353027,8.160117149353027,8.121073562260335,8.160117149353027,605,0.0,0.0
2023-02-14 00:00:00+02:00,8.10155271939514,8.14059630882636,8.042986869812012,8.042986869812012,1276,0.0,0.0
2023-02-15 00:00:00+02:00,8.042986707681504,8.101552556084062,8.003943119037325,8.082030296325684,2644,0.0,0.0
2023-02-16 00:00:00+02:00,8.199160656109107,8.628641040793154,7.964899135848285,8.531031608581543,31428,0.0,0.0
2023-02-17 00:00:00+02:00,8.531031537274188,8.667684555053711,8.160117001191939,8.667684555053711,16736,0.0,0.0
2023-02-20 00:00:00+02:00,8.765293282217542,8.765293282217542,8.433423254810577,8.726249694824219,5461,0.0,0.0
2023-02-21 00:00:00+02:00,8.60911824002364,8.901945587351292,8.491987487267075,8.784814834594727,9426,0.0,0.0
2023-02-22 00:00:00+02:00,8.784816115128589,8.784816115128589,8.53103231505989,8.7067289352417,883,0.0,0.0
2023-02-23 00:00:00+02:00,8.784815641212125,8.921468664078436,8.589597702026367,8.589597702026367,16981,0.0,0.0
2023-02-24 00:00:00+02:00,8.687206268310547,8.784815704037772,8.47246699910676,8.687206268310547,3289,0.0,0.0
2023-02-27 00:00:00+02:00,8.843381474106007,8.843381474106007,8.648162604363323,8.823859214782715,5611,0.0,0.0
2023-02-28 00:00:00+02:00,8.843382045496915,8.862903375208965,8.570075982547257,8.804338455200195,3373,0.0,0.0
2023-03-01 00:00:00+02:00,8.784815487315356,8.784815487315356,8.394379615783691,8.394379615783691,441,0.0,0.0
2023-03-02 00:00:00+02:00,8.765292802637324,8.765292802637324,8.589597134416582,8.609118461608887,457,0.0,0.0
2023-03-03 00:00:00+02:00,8.609118869550176,8.706728302754403,8.589597541432857,8.628641128540039,1718,0.0,0.0
2023-03-06 00:00:00+02:00,8.628641191777188,8.784815541350477,8.628641191777188,8.726249694824219,770,0.0,0.0
2023-03-07 00:00:00+02:00,8.726249856426923,8.784815704037772,8.374857563379537,8.687206268310547,690,0.0,0.0
2023-03-08 00:00:00+02:00,8.491988725116446,8.726250264777116,8.491988725116446,8.7067289352417,4610,0.0,0.0
2023-03-09 00:00:00+02:00,8.511510209518558,8.68720588280934,8.511510209518558,8.667684555053711,655,0.0,0.0
2023-03-10 00:00:00+02:00,8.648163169419666,8.648163169419666,8.316293117092904,8.570075988769531,6988,0.0,0.0
2023-03-13 00:00:00+02:00,8.491988118230335,8.667684725855857,8.160117161992147,8.394379615783691,20077,0.0,0.0
2023-03-14 00:00:00+02:00,8.452944594621199,8.511510441227482,8.218683069941166,8.491988182067871,4304,0.0,0.0
2023-03-15 00:00:00+02:00,8.296770562219782,8.628641533648187,8.218683384339286,8.413901329040527,6036,0.0,0.0
2023-03-16 00:00:00+02:00,8.413900856061552,8.413900856061552,8.296770095825195,8.296770095825195,486,0.0,0.0
2023-03-17 00:00:00+02:00,8.199160349784758,8.41390053410399,8.199160349784758,8.374856948852539,5586,0.0,0.0
2023-03-20 00:00:00+02:00,8.374857017313786,8.374857017313786,8.179639089460698,8.238204002380371,1253,0.0,0.0
2023-03-21 00:00:00+02:00,8.394379615783691,8.452944531077168,8.179639421005003,8.394379615783691,1151,0.0,0.0
2023-03-22 00:00:00+02:00,8.316292265723318,8.316292265723318,8.1991605758667,8.1991605758667,478,0.0,0.0
2023-03-23 00:00:00+02:00,8.355335784086632,8.355335784086632,8.10155200958252,8.10155200958252,2768,0.0,0.0
2023-03-24 00:00:00+02:00,8.14059630882636,8.17963989825758,8.023465540532701,8.042986869812012,2236,0.0,0.0
2023-03-27 00:00:00+03:00,8.042986869812012,8.042986869812012,7.964899690949573,8.042986869812012,15524,0.0,0.0
2023-03-28 00:00:00+03:00,8.082029911023989,8.082029911023989,8.003942737458349,8.062508583068848,1501,0.0,0.0
2023-03-29 00:00:00+03:00,8.355335784086632,8.355335784086632,8.023464837561642,8.10155200958252,2750,0.0,0.0
2023-03-30 00:00:00+03:00,8.218683242797852,8.218683242797852,8.218683242797852,8.218683242797852,325,0.0,0.0
2023-03-31 00:00:00+03:00,8.296770007123039,8.296770007123039,7.9648990578985135,8.1991605758667,2860,0.0,0.0
2023-04-03 00:00:00+03:00,8.335814087949137,8.335814087949137,7.964899530393146,8.082030296325684,976,0.0,0.0
2023-04-04 00:00:00+03:00,8.31629161643618,8.31629161643618,8.121072769165039,8.121072769165039,2881,0.0,0.0
2023-04-05 00:00:00+03:00,8.277247519019078,8.296769777078062,8.140595436096191,8.140595436096191,2535,0.0,0.0
2023-04-06 00:00:00+03:00,8.257726420795008,8.257726420795008,8.1991605758667,8.1991605758667,282,0.0,0.0
2023-04-11 00:00:00+03:00,8.160116763282675,8.160116763282675,8.121073178037209,8.140595436096191,1052,0.0,0.0
2023-04-12 00:00:00+03:00,8.199159935724515,8.199159935724515,8.06250785968166,8.121072769165039,3935,0.0,0.0
2023-04-13 00:00:00+03:00,8.190147154986715,8.209881959535446,8.071735504537893,8.1112060546875,1406,0.09,0.0
2023-04-14 00:00:00+03:00,8.19014781077977,8.19014781077977,8.170412063598633,8.170412063598633,224,0.0,0.0
2023-04-17 00:00:00+03:00,8.367764228692575,8.367764228692575,8.269088323036161,8.288823127746582,1983,0.0,0.0
2023-04-18 00:00:00+03:00,8.328293800354004,8.367764351405837,8.269088444302339,8.328293800354004,1264,0.0,0.0
2023-04-19 00:00:00+03:00,8.269088323036161,8.328293678219579,8.209882026800589,8.288823127746582,745,0.0,0.0
2023-04-20 00:00:00+03:00,8.348029546406003,8.348029546406003,8.229617893250506,8.328293800354004,258,0.0,0.0
2023-04-21 00:00:00+03:00,8.348030090332031,8.348030090332031,8.288823789370541,8.348030090332031,422,0.0,0.0
2023-04-24 00:00:00+03:00,8.269088077005744,8.348029175603001,8.209881782531738,8.209881782531738,991,0.0,0.0
2023-04-25 00:00:00+03:00,8.209882026800589,8.308558873509158,8.209882026800589,8.288823127746582,1096,0.0,0.0
2023-04-26 00:00:00+03:00,8.58485264051055,8.821675940967578,8.486176735846191,8.565117835998535,14504,0.0,0.0
2023-04-27 00:00:00+03:00,8.565118604004786,8.66379451751709,8.48617749677405,8.66379451751709,16972,0.0,0.0
2023-04-28 00:00:00+03:00,8.663794277344623,8.663794277344623,8.407236156482998,8.584853172302246,3309,0.0,0.0
2023-05-02 00:00:00+03:00,8.584853236176501,8.644059535924901,8.19014770802787,8.446706771850586,1127,0.0,0.0
2023-05-03 00:00:00+03:00,8.426970481872559,8.4467062275343,8.288823085396825,8.426970481872559,5181,0.0,0.0
2023-05-04 00:00:00+03:00,8.249352949181139,8.407236099243164,8.249352949181139,8.407236099243164,1021,0.0,0.0
2023-05-05 00:00:00+03:00,8.426970481872559,8.426970481872559,8.288823085396825,8.426970481872559,15672,0.0,0.0
2023-05-08 00:00:00+03:00,8.387499931601228,8.426970481872559,8.387499931601228,8.426970481872559,7906,0.0,0.0
2023-05-09 00:00:00+03:00,8.446706771850586,8.446706771850586,8.387500472102186,8.446706771850586,2577,0.0,0.0
2023-05-10 00:00:00+03:00,8.387500219300119,8.486177068889228,8.367764472961426,8.367764472961426,3589,0.0,0.0
2023-05-11 00:00:00+03:00,8.308558670566109,8.525647163391113,8.308558670566109,8.525647163391113,6,0.0,0.0
2023-05-12 00:00:00+03:00,8.525647163391113,8.525647163391113,8.525647163391113,8.525647163391113,0,0.0,0.0
2023-05-15 00:00:00+03:00,8.288822964499987,8.54538200804767,8.288822964499987,8.387499809265137,136,0.0,0.0
2023-05-16 00:00:00+03:00,8.466441577731914,8.466441577731914,8.19014770802787,8.446706771850586,1200,0.0,0.0
2023-05-17 00:00:00+03:00,8.28882324930217,8.367764351405837,8.150676791146841,8.328293800354004,4895,0.0,0.0
2023-05-19 00:00:00+03:00,8.328293800354004,8.328293800354004,8.051999942991177,8.328293800354004,8848,0.0,0.0
2023-05-22 00:00:00+03:00,8.091470611584974,8.367764472961426,8.091470611584974,8.367764472961426,146,0.0,0.0
2023-05-23 00:00:00+03:00,8.091470430654908,8.288823184368022,8.091470430654908,8.150676727294922,2882,0.0,0.0
2023-05-24 00:00:00+03:00,8.150676772052815,8.150676772052815,7.913853466296609,8.012529373168945,11402,0.0,0.0
2023-05-25 00:00:00+03:00,7.913853699256725,7.93358850479126,7.913853699256725,7.93358850479126,180,0.0,0.0
2023-05-26 00:00:00+03:00,7.953324368796194,8.170411938141994,7.815176963806152,7.815176963806152,6469,0.0,0.0
2023-05-29 00:00:00+03:00,7.854646889024656,8.071735382080078,7.815176339473864,8.071735382080078,3842,0.0,0.0
2023-05-30 00:00:00+03:00,7.894117649178414,8.012529300989831,7.834911823272705,7.834911823272705,7520,0.0,0.0
2023-05-31 00:00:00+03:00,7.933588487580221,7.933588487580221,7.420470840590866,7.617823600769043,38201,0.0,0.0
2023-06-01 00:00:00+03:00,7.854647159576416,7.854647159576416,7.65729440502468,7.854647159576416,245,0.0,0.0
2023-06-02 00:00:00+03:00,7.874382435031589,7.874382435031589,7.65729440502468,7.854647159576416,799,0.0,0.0
2023-06-05 00:00:00+03:00,7.854647068629869,7.854647068629869,7.499411644023823,7.519146919250488,3946,0.0,0.0
2023-06-06 00:00:00+03:00,7.538882194477154,7.578352744930483,7.400735267890498,7.519146919250488,5901,0.0,0.0
2023-06-07 00:00:00+03:00,7.51914696947101,7.51914696947101,7.282323665169284,7.38100004196167,9171,0.0,0.0
2023-06-08 00:00:00+03:00,7.381000401859319,7.4994120597839355,7.302059296576241,7.4994120597839355,2531,0.0,0.0
2023-06-09 00:00:00+03:00,7.30205906047317,7.479676541617053,7.30205906047317,7.420470714569092,2185,0.0,0.0
2023-06-12 00:00:00+03:00,7.459941387176514,7.499411939183313,7.420470835169715,7.459941387176514,2547,0.0,0.0
2023-06-13 00:00:00+03:00,7.4796766025597075,7.4796766025597075,7.420470775029351,7.440206050872803,1813,0.0,0.0
2023-06-14 00:00:00+03:00,7.479676783463166,7.4994120597839355,7.479676783463166,7.4994120597839355,1441,0.0,0.0
2023-06-15 00:00:00+03:00,7.519147336104705,7.519147336104705,7.479676783463166,7.4994120597839355,247,0.0,0.0
2023-06-16 00:00:00+03:00,7.4994119334675675,7.4994119334675675,7.282323897595626,7.302059173583984,3564,0.0,0.0
2023-06-19 00:00:00+03:00,7.3020590006603925,7.440205929307377,7.3020590006603925,7.400735378265381,1308,0.0,0.0
2023-06-20 00:00:00+03:00,7.321794327958235,7.420470706261025,7.2625885009765625,7.2625885009765625,6544,0.0,0.0
2023-06-21 00:00:00+03:00,7.2625886094117,7.420470817053445,7.10470593124386,7.144176483154297,1847,0.0,0.0
2023-06-22 00:00:00+03:00,7.144176495151023,7.302059173583984,7.144176495151023,7.302059173583984,2496,0.0,0.0
2023-06-26 00:00:00+03:00,7.282324014119583,7.282324014119583,6.946823846423082,7.183647632598877,715,0.0,0.0
2023-06-27 00:00:00+03:00,7.183647383552757,7.183647383552757,7.0060294324471295,7.104705810546875,4401,0.0,0.0
2023-06-28 00:00:00+03:00,7.104705810546875,7.144176361786773,6.8086766762476385,7.104705810546875,7484,0.0,0.0
2023-06-29 00:00:00+03:00,7.10470593124386,7.144176483154297,7.10470593124386,7.144176483154297,868,0.0,0.0
2023-06-30 00:00:00+03:00,7.124441086166824,7.124441086166824,7.084970534926926,7.104705810546875,827,0.0,0.0
2023-07-03 00:00:00+03:00,7.104705810546875,7.104705810546875,6.907353054347384,7.104705810546875,1633,0.0,0.0
2023-07-04 00:00:00+03:00,7.10470593124386,7.183647505590827,6.986294275512551,7.144176483154297,967,0.0,0.0
2023-07-05 00:00:00+03:00,6.907353235963977,7.163912296295166,6.907353235963977,7.163912296295166,10830,0.0,0.0
2023-07-06 00:00:00+03:00,7.163912168952772,7.18364744474082,6.946823664758154,7.124441146850586,1815,0.0,0.0
2023-07-07 00:00:00+03:00,7.20338249206543,7.20338249206543,7.104705645728748,7.20338249206543,7272,0.0,0.0
2023-07-10 00:00:00+03:00,7.223117889177534,7.242853164672852,6.986294112707638,7.242853164672852,1518,0.0,0.0
2023-07-11 00:00:00+03:00,7.006029329222139,7.63755861028181,6.986294053892965,7.223117828369141,929,0.0,0.0
2023-07-12 00:00:00+03:00,7.381000277537417,7.381000277537417,7.025764839220874,7.302059173583984,828,0.0,0.0
2023-07-13 00:00:00+03:00,7.302059173583984,7.302059173583984,7.302059173583984,7.302059173583984,400,0.0,0.0
2023-07-14 00:00:00+03:00,7.617823589397717,7.617823589397717,7.144176495151023,7.302059173583984,1411,0.0,0.0
2023-07-17 00:00:00+03:00,7.381000398816675,7.381000398816675,7.1244413362263295,7.341529846191406,948,0.0,0.0
2023-07-18 00:00:00+03:00,7.2231180098055665,7.282323837280273,7.203382733980665,7.282323837280273,1170,0.0,0.0
2023-07-19 00:00:00+03:00,7.302058911836739,7.302058911836739,7.025764587377585,7.065235137939453,2517,0.0,0.0
2023-07-20 00:00:00+03:00,7.144176483154297,7.144176483154297,7.144176483154297,7.144176483154297,55,0.0,0.0
2023-07-21 00:00:00+03:00,7.144176538624635,7.144176538624635,6.946823777540126,7.0060296058654785,504,0.0,0.0
2023-07-24 00:00:00+03:00,7.045500218446728,7.104706047279344,7.0257649421691895,7.0257649421691895,331,0.0,0.0
2023-07-25 00:00:00+03:00,6.986294086918032,7.084970464030361,6.927088260650635,6.927088260650635,1849,0.0,0.0
2023-07-26 00:00:00+03:00,6.927088617760112,6.946823894199983,6.887618064880371,6.887618064880371,1283,0.0,0.0
2023-07-27 00:00:00+03:00,6.848147512000629,6.9665591706398535,6.808676959120888,6.887618064880371,5287,0.0,0.0
2023-07-28 00:00:00+03:00,6.828411883538306,6.986294086918032,6.80867660811584,6.927088260650635,2788,0.0,0.0
2023-07-31 00:00:00+03:00,6.927088496652288,6.927088496652288,6.710000459609107,6.848147392272949,2911,0.0,0.0
2023-08-01 00:00:00+03:00,6.848147086827338,6.848147086827338,6.7494707107543945,6.7494707107543945,4661,0.0,0.0
2023-08-02 00:00:00+03:00,6.749471127721632,6.8086769570230015,6.729735851287842,6.729735851287842,917,0.0,0.0
2023-08-03 00:00:00+03:00,6.769206168173931,6.927088374140315,6.769206168173931,6.808676719665527,4321,0.0,0.0
2023-08-04 00:00:00+03:00,6.8284118732361785,6.8284118732361785,6.7692060470581055,6.7692060470581055,658,0.0,0.0
2023-08-07 00:00:00+03:00,6.8284118233528455,6.907352924346924,6.8284118233528455,6.907352924346924,2324,0.0,0.0
2023-08-08 00:00:00+03:00,6.907353225323224,7.084970710299283,6.907353225323224,7.0060296058654785,1727,0.0,0.0
2023-08-09 00:00:00+03:00,7.0060296058654785,7.0060296058654785,7.0060296058654785,7.0060296058654785,0,0.0,0.0
2023-08-10 00:00:00+03:00,6.986294329757028,7.0060296058654785,6.867882673106322,7.0060296058654785,996,0.0,0.0
2023-08-11 00:00:00+03:00,6.907353225323224,7.0060296058654785,6.907353225323224,7.0060296058654785,3750,0.0,0.0
2023-08-14 00:00:00+03:00,7.06523512633508,7.203382523600794,6.907352924346924,6.907352924346924,2448,0.0,0.0
2023-08-15 00:00:00+03:00,6.986294086918032,6.986294086918032,6.907352985228169,6.927088260650635,514,0.0,0.0
2023-08-16 00:00:00+03:00,6.986294086918032,6.986294086918032,6.907352985228169,6.927088260650635,310,0.0,0.0
2023-08-17 00:00:00+03:00,6.927088447646897,7.163912229635608,6.907353171691678,7.144176483154297,2384,0.0,0.0
2023-08-18 00:00:00+03:00,7.163912285259184,7.163912285259184,7.0060296058654785,7.0060296058654785,621,0.0,0.0
2023-08-21 00:00:00+03:00,6.927088199595443,6.966558750092482,6.907352924346924,6.907352924346924,657,0.0,0.0
2023-08-22 00:00:00+03:00,6.946823894199983,6.9665591706398535,6.749471129801275,6.887618064880371,1162,0.0,0.0
2023-08-23 00:00:00+03:00,6.946823474843963,6.946823474843963,6.769205997607287,6.907352924346924,3024,0.0,0.0
2023-08-24 00:00:00+03:00,6.749470841000108,6.946823596954346,6.749470841000108,6.946823596954346,3355,0.0,0.0
2023-08-25 00:00:00+03:00,6.927088374140315,6.927088374140315,6.808676719665527,6.808676719665527,703,0.0,0.0
2023-08-28 00:00:00+03:00,6.966558750092482,6.966558750092482,6.848147098601365,6.907352924346924,3026,0.0,0.0
2023-08-29 00:00:00+03:00,6.907353281112357,6.907353281112357,6.808676899773115,6.86788272857666,3533,0.0,0.0
2023-08-30 00:00:00+03:00,6.808676548104326,6.907352924346924,6.808676548104326,6.907352924346924,277,0.0,0.0
2023-08-31 00:00:00+03:00,6.828412235560759,6.887618064880371,6.7297358533614045,6.887618064880371,3123,0.0,0.0
2023-09-01 00:00:00+03:00,6.808676896272642,6.808676896272642,6.650794215684924,6.710000514984131,13448,0.0,0.0
2023-09-04 00:00:00+03:00,6.907352924346924,6.907352924346924,6.808676548104326,6.907352924346924,198,0.0,0.0
2023-09-05 00:00:00+03:00,6.9073533391919515,6.9073533391919515,6.710000574854052,6.729735851287842,4513,0.0,0.0
2023-09-06 00:00:00+03:00,6.729735851287842,6.729735851287842,6.710000574854052,6.729735851287842,727,0.0,0.0
2023-09-07 00:00:00+03:00,6.907353098394517,6.907353098394517,6.69026506519074,6.808676719665527,5116,0.0,0.0
2023-09-08 00:00:00+03:00,6.769205997607287,6.907352924346924,6.769205997607287,6.907352924346924,7202,0.0,0.0
2023-09-11 00:00:00+03:00,6.808676899773115,6.86788272857666,6.788941623505266,6.86788272857666,1827,0.0,0.0
2023-09-12 00:00:00+03:00,6.887617761210604,6.887617761210604,6.788941383361816,6.788941383361816,91,0.0,0.0
2023-09-13 00:00:00+03:00,6.788941620014939,6.788941620014939,6.710000514984131,6.710000514984131,539,0.0,0.0
2023-09-14 00:00:00+03:00,6.760000228881836,6.840000152587891,6.539999961853027,6.840000152587891,4898,0.09,0.0
2023-09-15 00:00:00+03:00,6.820000171661377,6.820000171661377,6.800000190734863,6.800000190734863,228,0.0,0.0
2023-09-18 00:00:00+03:00,6.800000190734863,7.0,6.800000190734863,6.980000019073486,805,0.0,0.0
2023-09-19 00:00:00+03:00,6.980000019073486,6.980000019073486,6.760000228881836,6.760000228881836,106,0.0,0.0
2023-09-20 00:00:00+03:00,6.880000114440918,6.880000114440918,6.699999809265137,6.699999809265137,812,0.0,0.0
2023-09-21 00:00:00+03:00,6.659999847412109,6.880000114440918,6.659999847412109,6.739999771118164,936,0.0,0.0
2023-09-22 00:00:00+03:00,6.699999809265137,6.699999809265137,6.699999809265137,6.699999809265137,418,0.0,0.0
2023-09-25 00:00:00+03:00,6.699999809265137,6.699999809265137,6.599999904632568,6.659999847412109,3042,0.0,0.0
2023-09-26 00:00:00+03:00,6.599999904632568,6.679999828338623,6.559999942779541,6.559999942779541,1398,0.0,0.0
2023-09-27 00:00:00+03:00,6.559999942779541,6.679999828338623,6.460000038146973,6.5,8427,0.0,0.0
2023-09-28 00:00:00+03:00,6.480000019073486,6.480000019073486,6.199999809265137,6.300000190734863,5487,0.0,0.0
2023-09-29 00:00:00+03:00,6.300000190734863,6.300000190734863,6.139999866485596,6.21999979019165,12985,0.0,0.0
2023-10-02 00:00:00+03:00,6.21999979019165,6.440000057220459,6.199999809265137,6.21999979019165,779,0.0,0.0
2023-10-03 00:00:00+03:00,6.159999847412109,6.199999809265137,6.0,6.199999809265137,1927,0.0,0.0
2023-10-04 00:00:00+03:00,6.420000076293945,6.420000076293945,6.139999866485596,6.340000152587891,893,0.0,0.0
2023-10-05 00:00:00+03:00,6.300000190734863,6.320000171661377,6.139999866485596,6.320000171661377,402,0.0,0.0
2023-10-06 00:00:00+03:00,6.320000171661377,6.320000171661377,6.179999828338623,6.300000190734863,688,0.0,0.0
2023-10-09 00:00:00+03:00,6.440000057220459,6.440000057220459,6.300000190734863,6.300000190734863,214,0.0,0.0
2023-10-10 00:00:00+03:00,6.440000057220459,6.440000057220459,6.300000190734863,6.340000152587891,237,0.0,0.0
2023-10-11 00:00:00+03:00,6.440000057220459,6.440000057220459,6.099999904632568,6.300000190734863,2763,0.0,0.0
2023-10-12 00:00:00+03:00,6.420000076293945,6.420000076293945,6.28000020980835,6.28000020980835,390,0.0,0.0
2023-10-13 00:00:00+03:00,6.28000020980835,6.400000095367432,6.139999866485596,6.260000228881836,2323,0.0,0.0
2023-10-16 00:00:00+03:00,6.260000228881836,6.400000095367432,6.159999847412109,6.159999847412109,612,0.0,0.0
2023-10-17 00:00:00+03:00,6.159999847412109,6.159999847412109,6.059999942779541,6.059999942779541,1613,0.0,0.0
2023-10-18 00:00:00+03:00,6.199999809265137,6.199999809265137,6.079999923706055,6.079999923706055,454,0.0,0.0
2023-10-19 00:00:00+03:00,6.019999980926514,6.099999904632568,5.900000095367432,6.019999980926514,2639,0.0,0.0
2023-10-20 00:00:00+03:00,6.019999980926514,6.019999980926514,5.860000133514404,5.920000076293945,2388,0.0,0.0
2023-10-23 00:00:00+03:00,6.059999942779541,6.059999942779541,5.860000133514404,6.059999942779541,258,0.0,0.0
2023-10-24 00:00:00+03:00,5.920000076293945,6.039999961853027,5.760000228881836,5.980000019073486,9847,0.0,0.0
2023-10-25 00:00:00+03:00,5.980000019073486,6.199999809265137,5.980000019073486,6.179999828338623,5742,0.0,0.0
2023-10-26 00:00:00+03:00,6.239999771118164,6.440000057220459,6.239999771118164,6.260000228881836,4881,0.0,0.0
2023-10-27 00:00:00+03:00,6.260000228881836,6.440000057220459,6.239999771118164,6.239999771118164,2647,0.0,0.0
2023-10-30 00:00:00+02:00,6.400000095367432,6.400000095367432,6.079999923706055,6.119999885559082,3044,0.0,0.0
2023-10-31 00:00:00+02:00,6.119999885559082,6.119999885559082,6.0,6.099999904632568,3324,0.0,0.0
2023-11-01 00:00:00+02:00,6.099999904632568,6.099999904632568,6.0,6.019999980926514,3157,0.0,0.0
2023-11-02 00:00:00+02:00,6.099999904632568,6.099999904632568,5.860000133514404,6.059999942779541,7718,0.0,0.0
2023-11-03 00:00:00+02:00,6.059999942779541,6.079999923706055,5.960000038146973,6.079999923706055,8501,0.0,0.0
2023-11-06 00:00:00+02:00,6.079999923706055,6.239999771118164,6.019999980926514,6.039999961853027,9089,0.0,0.0
2023-11-07 00:00:00+02:00,6.119999885559082,6.239999771118164,6.059999942779541,6.179999828338623,3643,0.0,0.0
2023-11-08 00:00:00+02:00,6.179999828338623,6.179999828338623,6.059999942779541,6.179999828338623,749,0.0,0.0
2023-11-09 00:00:00+02:00,6.179999828338623,6.179999828338623,6.059999942779541,6.159999847412109,2781,0.0,0.0
2023-11-10 00:00:00+02:00,6.159999847412109,6.179999828338623,6.099999904632568,6.139999866485596,2587,0.0,0.0
2023-11-13 00:00:00+02:00,6.139999866485596,6.179999828338623,6.119999885559082,6.139999866485596,5105,0.0,0.0
