Date,Open,High,Low,Close,Volume,Dividends,Stock Splits
2021-06-24 00:00:00+03:00,6.383140313376324,6.776311331245255,6.35958626935753,6.577008247375488,2636532,0.0,0.0
2021-06-28 00:00:00+03:00,6.794430452787663,7.0480893797621675,6.703838133146145,6.885928630828857,781921,0.0,0.0
2021-06-29 00:00:00+03:00,6.975614968566686,7.518263450386721,6.9747091101830465,7.248298645019531,924014,0.0,0.0
2021-06-30 00:00:00+03:00,7.34160808470187,7.417705367965797,7.051712252910854,7.09972620010376,533438,0.0,0.0
2021-07-01 00:00:00+03:00,7.193942394123651,7.201189692739737,7.098820357850135,7.121468544006348,182095,0.0,0.0
2021-07-02 00:00:00+03:00,7.2020957052991825,7.2020957052991825,7.098820509868254,7.178541660308838,202464,0.0,0.0
2021-07-05 00:00:00+03:00,7.238332473572743,7.368785576529123,7.212060854106872,7.360632419586182,270457,0.0,0.0
2021-07-06 00:00:00+03:00,7.385092932068304,7.478402821916372,7.361538887023926,7.361538887023926,235109,0.0,0.0
2021-07-07 00:00:00+03:00,7.428576823271137,7.446695718448446,7.256451638869076,7.2845354080200195,140985,0.0,0.0
2021-07-08 00:00:00+03:00,7.292688584561501,7.292688584561501,7.091573340134949,7.194848537445068,192427,0.0,0.0
2021-07-09 00:00:00+03:00,7.227462097861809,7.283629204857735,7.2020959034969065,7.220214366912842,45277,0.0,0.0
2021-07-12 00:00:00+03:00,7.247392122276299,7.259168712864242,7.039029581481726,7.113315582275391,128466,0.0,0.0
2021-07-13 00:00:00+03:00,7.113315867463112,7.156800094074586,6.930319081173354,6.97561502456665,153267,0.0,0.0
2021-07-14 00:00:00+03:00,6.975615075248165,6.975615075248165,6.794430436402078,6.879587173461914,171060,0.0,0.0
2021-07-15 00:00:00+03:00,6.877774663792782,6.943907070946732,6.795335511429061,6.843349456787109,135454,0.0,0.0
2021-07-16 00:00:00+03:00,6.841537999210264,6.841537999210264,6.794429910361846,6.810736656188965,109530,0.0,0.0
2021-07-19 00:00:00+03:00,6.812548422016811,6.827043019315615,6.721956108953733,6.749133586883545,88306,0.0,0.0
2021-07-20 00:00:00+03:00,6.773593880765966,6.925788879394531,6.749133546007766,6.925788879394531,97903,0.0,0.0
2021-07-21 00:00:00+03:00,6.930318603999644,6.931224462328183,6.813454240053604,6.910387992858887,140737,0.0,0.0
2021-07-22 00:00:00+03:00,6.930319081173354,7.002792936185228,6.913106475811296,6.97561502456665,87177,0.0,0.0
2021-07-23 00:00:00+03:00,6.975614249668794,7.193036222529981,6.939377326188297,7.150457859039307,119671,0.0,0.0
2021-07-26 00:00:00+03:00,7.156799763994986,7.2020957052991825,7.111503390712559,7.178541660308838,88339,0.0,0.0
2021-07-27 00:00:00+03:00,7.178541857858367,7.242862554177321,7.12146889248838,7.220214366912842,213241,0.0,0.0
2021-07-28 00:00:00+03:00,7.224744172934674,7.224744172934674,7.165859058168573,7.202095985412598,50701,0.0,0.0
2021-07-29 00:00:00+03:00,7.183977553052557,7.275476161923395,7.1568000734903965,7.230179786682129,149009,0.0,0.0
2021-07-30 00:00:00+03:00,7.22927410770254,7.2374272653778755,7.174918715251034,7.2156853675842285,73152,0.0,0.0
2021-08-02 00:00:00+03:00,7.265510434150943,7.283628463745117,7.193036155883252,7.283628463745117,189699,0.0,0.0
2021-08-03 00:00:00+03:00,7.292688032033892,7.70035364019406,7.283628585107654,7.691294193267822,232474,0.0,0.0
2021-08-04 00:00:00+03:00,7.691294453821035,8.153315895233831,7.65505752884492,7.963071823120117,188970,0.0,0.0
2021-08-05 00:00:00+03:00,7.963072651854533,7.9721321000305085,7.7728285599417,7.781888008117676,81048,0.0,0.0
2021-08-06 00:00:00+03:00,7.790946742727827,7.910528683037404,7.63331529635538,7.6623053550720215,71085,0.0,0.0
2021-08-09 00:00:00+03:00,7.664117741274058,8.017428443033532,7.664117741274058,7.769205093383789,46841,0.0,0.0
2021-08-10 00:00:00+03:00,7.856173702835056,8.08084301009394,7.769205245300068,8.062724113464355,108029,0.0,0.0
2021-08-11 00:00:00+03:00,8.062723351132785,8.129762052784564,8.017427841754609,8.100772857666016,82396,0.0,0.0
2021-08-12 00:00:00+03:00,8.135196495743006,8.142444225870875,7.91777495938362,7.97213077545166,80858,0.0,0.0
2021-08-13 00:00:00+03:00,7.972131763566244,7.972131763566244,7.80181829203734,7.854361534118652,73855,0.0,0.0
2021-08-16 00:00:00+03:00,7.854360706099217,7.867043586090639,7.745649935905713,7.805440902709961,84627,0.0,0.0
2021-08-17 00:00:00+03:00,7.881538577630701,8.042793456403789,7.818124174495668,7.966695308685303,91178,0.0,0.0
2021-08-18 00:00:00+03:00,7.999308161803525,8.042792814170323,7.836241579384415,8.002931594848633,73593,0.0,0.0
2021-08-19 00:00:00+03:00,7.970318686124688,8.15331500774136,7.761955742225108,7.901468276977539,143848,0.0,0.0
2021-08-20 00:00:00+03:00,7.8996579699733385,8.108020087092461,7.894221955672701,8.040982246398926,139460,0.0,0.0
2021-08-23 00:00:00+03:00,8.062722694060007,8.459517993619816,8.053664111296479,8.363490104675293,269148,0.0,0.0
2021-08-24 00:00:00+03:00,8.425093159136573,8.55192196298815,8.289204044208757,8.372549057006836,99344,0.0,0.0
2021-08-25 00:00:00+03:00,8.376172859761203,8.506625953133574,8.262026079076737,8.381608009338379,104317,0.0,0.0
2021-08-26 00:00:00+03:00,8.484883881518423,8.484883881518423,8.198611926910598,8.283768653869629,169289,0.0,0.0
2021-08-27 00:00:00+03:00,8.289204391726262,8.289204391726262,8.209483672807744,8.243908882141113,73536,0.0,0.0
2021-08-30 00:00:00+03:00,8.28920419647491,8.310946524379265,8.22578979338425,8.236660957336426,53353,0.0,0.0
2021-08-31 00:00:00+03:00,8.236660948842847,8.24390867945564,8.10620784550769,8.137009620666504,95530,0.0,0.0
2021-09-01 00:00:00+03:00,8.153316140727364,8.231226006947892,8.153316140727364,8.182305335998535,250326,0.0,0.0
2021-09-02 00:00:00+03:00,8.19861187892089,8.234848802179782,8.13519661525053,8.17143440246582,60590,0.0,0.0
2021-09-03 00:00:00+03:00,8.211295459762717,8.238472938537598,8.176870250134845,8.238472938537598,323599,0.0,0.0
2021-09-06 00:00:00+03:00,8.216730443028714,8.216730443028714,8.084465621332786,8.144256591796875,124278,0.0,0.0
2021-09-07 00:00:00+03:00,8.144256687201667,8.189553060741298,8.0464170732882,8.082653999328613,308129,0.0,0.0
2021-09-08 00:00:00+03:00,8.062723580906985,8.062723580906985,7.937706485455327,7.95944881439209,297940,0.0,0.0
2021-09-09 00:00:00+03:00,7.944954197540913,7.944954197540913,7.763768699469412,7.83805513381958,94285,0.0,0.0
2021-09-10 00:00:00+03:00,7.854361324787033,7.881538803487078,7.809064950982645,7.825371265411377,72033,0.0,0.0
2021-09-13 00:00:00+03:00,7.881538708724515,7.881538708724515,7.548158645629883,7.548158645629883,124033,0.0,0.0
2021-09-14 00:00:00+03:00,7.5481586759890655,7.680423498949189,7.395963241364928,7.430388450622559,230430,0.0,0.0
2021-09-15 00:00:00+03:00,7.428576842106261,7.428576842106261,7.039029666349409,7.129621982574463,1031174,0.0,0.0
2021-09-16 00:00:00+03:00,7.129621749192327,7.386904523619081,7.011851525965747,7.075266361236572,196788,0.0,0.0
2021-09-17 00:00:00+03:00,7.087949605550933,7.156800026347611,6.812548786320712,6.819796085357666,194535,0.0,0.0
2021-09-20 00:00:00+03:00,6.812548372843682,6.968367236583116,6.602374121658739,6.810736656188965,303597,0.0,0.0
2021-09-21 00:00:00+03:00,6.794430274525539,6.984674356770514,6.721956420713786,6.915823936462402,261060,0.0,0.0
2021-09-22 00:00:00+03:00,6.97561502456665,7.093385254950071,6.921259633307745,6.97561502456665,169175,0.0,0.0
2021-09-23 00:00:00+03:00,7.084326068392832,7.13868145834225,6.895893704318919,6.912200450897217,131547,0.0,0.0
2021-09-24 00:00:00+03:00,6.957496281568444,6.961120146964891,6.8125485773623,6.952060699462891,86216,0.0,0.0
2021-09-27 00:00:00+03:00,6.952060541869467,7.05352401890938,6.805301124281044,6.8451619148254395,75864,0.0,0.0
2021-09-28 00:00:00+03:00,6.975614889922326,6.982862620866217,6.604186174166716,6.794430255889893,326692,0.0,0.0
2021-09-29 00:00:00+03:00,6.7763116299841455,6.881398974389806,6.6567296879947815,6.830667018890381,61744,0.0,0.0
2021-09-30 00:00:00+03:00,6.952061058020873,6.993733568327255,6.794430464764593,6.92307186126709,91663,0.0,0.0
2021-10-01 00:00:00+03:00,6.881398915416343,7.12056279734544,6.71108501938714,7.066207408905029,155413,0.0,0.0
2021-10-04 00:00:00+03:00,7.066207554999265,7.066207554999265,6.827043236147203,6.877775192260742,85178,0.0,0.0
2021-10-05 00:00:00+03:00,6.881399335017096,7.002793000071633,6.821608360889003,6.966556072235107,77738,0.0,0.0
2021-10-06 00:00:00+03:00,6.921259499712596,6.921259499712596,6.769064493521,6.794430255889893,62859,0.0,0.0
2021-10-07 00:00:00+03:00,6.794430436402078,6.904953368482969,6.767252524586039,6.879587173461914,49260,0.0,0.0
2021-10-08 00:00:00+03:00,6.930318786496738,7.111503416322467,6.868715666773404,7.026346683502197,81502,0.0,0.0
2021-10-11 00:00:00+03:00,7.029970582690358,7.116939032633562,6.984674209027022,7.039029598236084,78189,0.0,0.0
2021-10-12 00:00:00+03:00,7.138681512243257,7.202095918340606,7.046277046246771,7.111503601074219,152808,0.0,0.0
2021-10-13 00:00:00+03:00,7.120563226665559,7.316242896036088,7.080702433281306,7.162235736846924,255933,0.0,0.0
2021-10-14 00:00:00+03:00,7.202095098988373,7.424952649286183,7.202095098988373,7.397775173187256,121675,0.0,0.0
2021-10-15 00:00:00+03:00,7.437635849777411,7.69673033403154,7.437635849777411,7.642374515533447,129783,0.0,0.0
2021-10-18 00:00:00+03:00,7.642375123196026,7.687671498219983,7.4720616516207015,7.5934553146362305,82359,0.0,0.0
2021-10-19 00:00:00+03:00,7.593455344017116,7.669552632303127,7.5735247315799,7.636940002441406,74637,0.0,0.0
2021-10-20 00:00:00+03:00,7.636939722461198,7.636939722461198,7.497427168428394,7.6133856773376465,91033,0.0,0.0
2021-10-21 00:00:00+03:00,7.613386004134554,7.6731769778641565,7.548159016089623,7.671365261077881,71614,0.0,0.0
2021-10-22 00:00:00+03:00,7.671365379171166,7.70035457611084,7.577149193182455,7.70035457611084,65253,0.0,0.0
2021-10-25 00:00:00+03:00,7.700353535695619,7.700353535695619,7.569900439179923,7.653245449066162,70279,0.0,0.0
2021-10-26 00:00:00+03:00,7.609761642967734,7.81450118932174,7.5372877883837734,7.745650768280029,63826,0.0,0.0
2021-10-27 00:00:00+03:00,7.745650586408699,7.790946960449218,7.660493852469889,7.790946960449219,37756,0.0,0.0
2021-10-28 00:00:00+03:00,7.790946606176368,7.790946606176368,7.622443998733072,7.7891340255737305,50740,0.0,0.0
2021-10-29 00:00:00+03:00,7.783698444035016,7.783698444035016,7.3687851165861975,7.397775173187256,100273,0.0,0.0
2021-11-01 00:00:00+02:00,7.428577406726877,7.4666260528398745,7.292689138050014,7.337985515594482,61580,0.0,0.0
2021-11-02 00:00:00+02:00,7.337985515594482,7.356103548238345,7.247392760505546,7.337985515594482,72615,0.0,0.0
2021-11-03 00:00:00+02:00,7.337985515594482,7.392340477482611,7.270946807712146,7.337985515594482,38428,0.0,0.0
2021-11-04 00:00:00+02:00,7.337985057323045,7.374221984304245,7.263698622648572,7.328925609588623,38104,0.0,0.0
2021-11-05 00:00:00+02:00,7.337984912266211,7.3687858244152915,7.274569643335335,7.35610294342041,53565,0.0,0.0
2021-11-08 00:00:00+02:00,7.356102628295295,7.356102628295295,7.247391854157701,7.319865703582764,49796,0.0,0.0
2021-11-09 00:00:00+02:00,7.3379849253841485,7.3379849253841485,7.247392177581787,7.247392177581787,35493,0.0,0.0
2021-11-10 00:00:00+02:00,7.2473924096992635,7.281817620408463,7.116939297943112,7.171294689178467,51658,0.0,0.0
2021-11-11 00:00:00+02:00,7.171294246434458,7.19122485770838,7.12781002252647,7.183977127075195,38777,0.0,0.0
2021-11-12 00:00:00+02:00,7.247392108200265,7.252827258317268,7.142304763663372,7.156799793243408,99503,0.0,0.0
2021-11-15 00:00:00+02:00,7.174918324922487,7.283629103911437,7.120562935428012,7.247392177581787,121882,0.0,0.0
2021-11-16 00:00:00+02:00,7.247392638506684,7.337985392070628,7.122375105124965,7.191225528717041,92885,0.0,0.0
2021-11-17 00:00:00+02:00,7.191224923274466,7.310806432117165,7.080701997860281,7.240144729614258,110517,0.0,0.0
2021-11-18 00:00:00+02:00,7.337985515594482,7.428577406726877,7.109692342981681,7.337985515594482,137660,0.0,0.0
2021-11-19 00:00:00+02:00,7.374222506356266,7.374222506356266,7.138682032325331,7.211155891418457,59849,0.0,0.0
2021-11-22 00:00:00+02:00,7.211154870434622,7.270945838918837,7.124185992649303,7.154987335205078,84537,0.0,0.0
2021-11-23 00:00:00+02:00,7.138681330252037,7.294500198373477,7.075266493793121,7.156799793243408,123328,0.0,0.0
2021-11-24 00:00:00+02:00,7.15679960282581,7.1767297819925755,6.9430014860291145,7.006416320800781,144536,0.0,0.0
2021-11-25 00:00:00+02:00,7.015475001954446,7.145928098599882,6.939377290248242,6.948436737060547,160441,0.0,0.0
2021-11-26 00:00:00+02:00,6.885021962115502,6.993732732890909,6.676659435473537,6.843349456787109,312188,0.0,0.0
2021-11-29 00:00:00+02:00,6.77631179292363,6.975614890372159,6.749133881827891,6.9248833656311035,139090,0.0,0.0
2021-11-30 00:00:00+02:00,6.930318552063271,7.020910863911649,6.740074481192569,6.667600631713867,193658,0.0,0.0
2021-12-01 00:00:00+02:00,6.696590654825022,6.970179323229957,6.649482563476005,6.946625709533691,151553,0.0,0.0
2021-12-02 00:00:00+02:00,6.948437028233196,6.962931625366438,6.731015047387052,6.8324785232543945,116097,0.0,0.0
2021-12-03 00:00:00+02:00,6.830666646389866,6.8759630173306725,6.676659503564974,6.694777965545654,69076,0.0,0.0
2021-12-07 00:00:00+02:00,6.729203797570775,7.127810430126404,6.729203797570775,7.093385219573975,139610,0.0,0.0
2021-12-08 00:00:00+02:00,7.147740345758606,7.241956526105031,7.093384956784493,7.156799793243408,75940,0.0,0.0
2021-12-09 00:00:00+02:00,7.156800042346691,7.202095985412598,7.087949621396097,7.202095985412598,65868,0.0,0.0
2021-12-10 00:00:00+02:00,7.189412290777498,7.296311343647958,7.102443848021387,7.283628463745117,112066,0.0,0.0
2021-12-13 00:00:00+02:00,7.2926883356592995,7.464813514642056,7.2564514104020645,7.28000545501709,117526,0.0,0.0
2021-12-14 00:00:00+02:00,7.278193953742402,7.368785837588291,7.247392177581787,7.247392177581787,140807,0.0,0.0
2021-12-15 00:00:00+02:00,7.247392146533171,7.37422182012183,7.183977309738841,7.365162372589111,144451,0.0,0.0
2021-12-16 00:00:00+02:00,7.5644655263735645,8.106207675622045,7.5644655263735645,8.042793273925781,696946,0.0,0.0
2021-12-17 00:00:00+02:00,8.042793706962131,8.34899543217311,7.950389242403501,8.108019828796387,490616,0.0,0.0
2021-12-20 00:00:00+02:00,7.899658127532073,7.995686030512455,7.790947342872577,7.82174825668335,107014,0.0,0.0
2021-12-21 00:00:00+02:00,7.836242546536707,8.151504587193,7.836242546536707,8.146068572998047,245511,0.0,0.0
2021-12-22 00:00:00+02:00,8.0627239102401,8.198613039667205,8.026486981850843,8.117079734802246,94283,0.0,0.0
2021-12-23 00:00:00+02:00,8.117079239600038,8.234849465669393,8.066347715741383,8.126138687133789,127115,0.0,0.0
2021-12-27 00:00:00+02:00,8.1261386565155,8.309135003434124,8.082653999682517,8.243908882141113,93003,0.0,0.0
2021-12-28 00:00:00+02:00,8.243909377904806,8.479448979364202,8.216731033771536,8.334501266479492,127854,0.0,0.0
2021-12-29 00:00:00+02:00,8.336312463931625,8.560981750488281,8.329065597112791,8.560981750488281,106301,0.0,0.0
2021-12-30 00:00:00+02:00,8.560982207591934,8.560982207591934,8.39066873286516,8.470390319824219,76231,0.0,0.0
2022-01-03 00:00:00+02:00,8.479448544086441,8.566417858518063,8.314571090715518,8.368926048278809,58732,0.0,0.0
2022-01-04 00:00:00+02:00,8.36892545168887,8.4522704627735,8.245720083635563,8.278332710266113,373230,0.0,0.0
2022-01-05 00:00:00+02:00,8.289204563919599,8.45227116647424,8.263838801558917,8.276521682739258,152928,0.0,0.0
2022-01-07 00:00:00+02:00,8.24390847272388,8.24390847272388,7.979377975402557,7.9993085861206055,83462,0.0,0.0
2022-01-10 00:00:00+02:00,8.153316805987766,8.153316805987766,7.569901643933298,7.65505838394165,231484,0.0,0.0
2022-01-11 00:00:00+02:00,7.685860019560134,8.013804091538567,7.685860019560134,7.865232944488525,109071,0.0,0.0
2022-01-12 00:00:00+02:00,7.247391861925029,7.555406154289872,7.207531071907237,7.450318813323975,1760272,0.0,0.0
2022-01-13 00:00:00+02:00,7.526416767326077,7.526416767326077,7.222026745060158,7.274569988250732,522268,0.0,0.0
2022-01-14 00:00:00+02:00,7.247391978308885,7.283628903642171,7.183977142986522,7.205719470977783,271236,0.0,0.0
2022-01-17 00:00:00+02:00,7.2745696563399065,7.2818173871884255,7.1894129226630525,7.247392177581787,269978,0.0,0.0
2022-01-18 00:00:00+02:00,7.247392120652301,7.247392120652301,7.048089027404785,7.048089027404785,306512,0.0,0.0
2022-01-19 00:00:00+02:00,7.04808884264837,7.113315394215193,6.915823590875213,6.932130336761475,235222,0.0,0.0
2022-01-20 00:00:00+02:00,6.979238310994026,7.202095439861404,6.921259059004156,7.176729679107666,263960,0.0,0.0
2022-01-21 00:00:00+02:00,7.111503299688745,7.301747805852964,6.99554522489772,7.031782150268555,477902,0.0,0.0
2022-01-24 00:00:00+02:00,6.9937333533255694,6.9937333533255694,6.712896954586176,6.794430255889893,368622,0.0,0.0
2022-01-25 00:00:00+02:00,6.836102524682786,7.031782181748239,6.758193091588886,6.979238510131836,249474,0.0,0.0
2022-01-26 00:00:00+02:00,7.066207442806461,7.11512724943971,6.953872800032709,7.078890323638916,163504,0.0,0.0
2022-01-27 00:00:00+02:00,7.048088795175912,7.069830690899596,6.879586619442604,6.9629316329956055,74678,0.0,0.0
2022-01-28 00:00:00+02:00,6.984674616606679,7.049901173859392,6.850597636484556,7.013664245605469,126624,0.0,0.0
2022-01-31 00:00:00+02:00,7.113315281522136,7.267322426725553,7.066207193249174,7.2419562339782715,199118,0.0,0.0
2022-02-01 00:00:00+02:00,7.2836288181330335,7.319865743040902,7.082513582509611,7.158611297607422,152380,0.0,0.0
2022-02-02 00:00:00+02:00,7.202095734732721,7.283629034183008,7.140493046957705,7.156799793243408,77643,0.0,0.0
2022-02-03 00:00:00+02:00,7.2020956641673335,7.2020956641673335,6.959308348857408,6.970179080963135,57822,0.0,0.0
2022-02-04 00:00:00+02:00,6.975614842546249,7.097008935303928,6.915823870523802,7.02091121673584,84515,0.0,0.0
2022-02-07 00:00:00+02:00,7.05714814395977,7.098820652705946,6.941190065351306,7.086137771606445,50053,0.0,0.0
2022-02-08 00:00:00+02:00,7.089761734008789,7.1568000058707355,7.0027928498794365,7.089761734008789,158656,0.0,0.0
2022-02-09 00:00:00+02:00,7.11150346733231,7.227461976835116,7.091573287501992,7.125998497009277,69950,0.0,0.0
2022-02-10 00:00:00+02:00,7.1259985783025295,7.1259985783025295,6.939377930938405,7.042653560638428,92637,0.0,0.0
2022-02-11 00:00:00+02:00,7.042653364049696,7.066207408905029,6.914011975689298,7.066207408905029,66187,0.0,0.0
2022-02-14 00:00:00+02:00,6.986485768958245,6.986485768958245,6.7400745903445145,6.836102485656738,193965,0.0,0.0
2022-02-15 00:00:00+02:00,6.830666980082681,7.211155132242857,6.830666980082681,7.122374534606934,124367,0.0,0.0
2022-02-16 00:00:00+02:00,7.1567998398156565,7.183977318490452,7.029970598050727,7.060771942138672,72489,0.0,0.0
2022-02-17 00:00:00+02:00,7.0662076734459465,7.147740543169832,6.979238789498457,7.002792835235596,109757,0.0,0.0
2022-02-18 00:00:00+02:00,6.957496663344598,7.087949777079727,6.731015647105771,6.783559322357178,107905,0.0,0.0
2022-02-21 00:00:00+02:00,6.776311437000048,6.825231242424638,6.52808811261704,6.615056991577148,101732,0.0,0.0
2022-02-22 00:00:00+02:00,6.477357265505483,6.754569813116892,6.370458196301537,6.613245964050293,93094,0.0,0.0
2022-02-23 00:00:00+02:00,6.600562620193079,6.770876529803732,6.488228400978562,6.535336494445801,69464,0.0,0.0
2022-02-24 00:00:00+02:00,6.332408410215066,6.47735654069993,6.118610727709048,6.34146785736084,238391,0.0,0.0
2022-02-25 00:00:00+02:00,6.350527910463324,6.645858917548428,6.268994606284456,6.522653102874756,92133,0.0,0.0
2022-02-28 00:00:00+02:00,6.316102585552967,6.658541679382324,6.196520638630501,6.658541679382324,265420,0.0,0.0
2022-03-01 00:00:00+02:00,6.658541226187164,6.658541226187164,6.220074261307245,6.267182350158691,177949,0.0,0.0
2022-03-02 00:00:00+02:00,6.267182509566388,6.640422932605343,6.178401911548055,6.5045342445373535,202384,0.0,0.0
2022-03-03 00:00:00+02:00,6.519029796500816,6.654918495458643,6.194708722243789,6.22188663482666,182764,0.0,0.0
2022-03-04 00:00:00+02:00,6.1639069684261925,6.205579476979134,6.008088098528801,6.1167988777160645,140691,0.0,0.0
2022-03-07 00:00:00+02:00,6.0062759588593115,6.0062759588593115,5.636658990067299,5.738122463226318,395407,0.0,0.0
2022-03-08 00:00:00+02:00,5.701885556424642,6.033453453786668,5.660213050681594,5.903000354766846,191185,0.0,0.0
2022-03-09 00:00:00+02:00,5.979098083624858,6.221885820328543,5.915683682530088,6.098680019378662,298873,0.0,0.0
2022-03-10 00:00:00+02:00,6.100491986318088,6.1947077268504165,5.9283663862265215,5.970038890838623,227561,0.0,0.0
2022-03-11 00:00:00+02:00,6.024394874874196,6.3142902874777675,5.999029112667031,6.16028356552124,165685,0.0,0.0
2022-03-14 00:00:00+02:00,6.332409016086011,6.415754037097244,6.2273220974054935,6.3577752113342285,188394,0.0,0.0
2022-03-15 00:00:00+02:00,6.296171173478935,6.421188686837102,6.1167982758752455,6.19651985168457,123050,0.0,0.0
2022-03-16 00:00:00+02:00,6.287112488269329,6.36139805437141,6.165718833623209,6.332408428192139,184852,0.0,0.0
2022-03-17 00:00:00+02:00,6.522652802869013,6.522652802869013,6.256311436897244,6.377705097198486,129135,0.0,0.0
2022-03-18 00:00:00+02:00,6.379516116876633,6.520840373650732,6.261746334876405,6.345091342926025,67863,0.0,0.0
2022-03-21 00:00:00+02:00,6.341468270667376,6.453802917122749,6.317914224927085,6.4157538414001465,51195,0.0,0.0
2022-03-22 00:00:00+02:00,6.432060374698588,6.567949062384956,6.3740811206498,6.513593673706055,68587,0.0,0.0
2022-03-23 00:00:00+02:00,6.531712464290679,6.604186319498513,6.408506651250411,6.571573257446289,121151,0.0,0.0
2022-03-24 00:00:00+02:00,6.477357081872268,6.477357081872268,6.091433327178998,6.114987373352051,277834,0.0,0.0
2022-03-25 00:00:00+02:00,6.160283159398527,6.1802133381076345,5.874011199138317,6.011711597442627,336833,0.0,0.0
2022-03-28 00:00:00+03:00,6.183837496113879,6.283488826355981,5.9790983895900505,6.069690704345703,255089,0.0,0.0
2022-03-29 00:00:00+03:00,6.114987392113821,6.143977020721772,5.970039681052311,6.10592794418335,240721,0.0,0.0
2022-03-30 00:00:00+03:00,6.134916920053466,6.165718694157243,6.006275969766887,6.042512893676758,143335,0.0,0.0
2022-03-31 00:00:00+03:00,6.4791683987281115,6.653105727127443,6.029830264364986,6.087809085845947,773960,0.0,0.0
2022-04-01 00:00:00+03:00,6.250875857173197,6.63136401668487,6.210109206942913,6.427530765533447,719536,0.0,0.0
2022-04-04 00:00:00+03:00,6.6268342928863415,6.6268342928863415,6.341468173252586,6.427530765533447,321459,0.0,0.0
2022-04-05 00:00:00+03:00,6.463768286738103,6.495475490169899,6.232757550933811,6.291642665863037,289089,0.0,0.0
2022-04-06 00:00:00+03:00,6.3595859213806225,6.4682966884521775,6.232756693130475,6.3233489990234375,143517,0.0,0.0
2022-04-07 00:00:00+03:00,6.3414681018961145,6.423001401439242,6.241816339340985,6.287112712860107,168592,0.0,0.0
2022-04-08 00:00:00+03:00,6.3097607465215315,6.368645857876326,6.1784017848772095,6.214638710021973,151064,0.0,0.0
2022-04-11 00:00:00+03:00,6.23728707846803,6.28711274400329,6.1602835022910245,6.169342517852783,63981,0.0,0.0
2022-04-12 00:00:00+03:00,6.12404642900005,6.21010901867176,6.096868519011063,6.146694183349609,86435,0.0,0.0
2022-04-13 00:00:00+03:00,6.164812637867697,6.182931100510332,5.988157735096571,6.0470428466796875,121375,0.0,0.0
2022-04-14 00:00:00+03:00,6.069690767595009,6.173872254633308,6.0515723044550755,6.06063175201416,74645,0.0,0.0
2022-04-19 00:00:00+03:00,6.164812742833695,6.164812742833695,6.033453778443442,6.069690704345703,118753,0.0,0.0
2022-04-20 00:00:00+03:00,6.151224003614906,6.164812742833695,6.060631688859253,6.069690704345703,117805,0.0,0.0
2022-04-21 00:00:00+03:00,6.155753781292181,6.318819949281359,6.114987131300328,6.219168186187744,106004,0.0,0.0
2022-04-22 00:00:00+03:00,6.237287128671149,6.30976098166149,6.196520478369522,6.268994331359863,49443,0.0,0.0
2022-04-25 00:00:00+03:00,6.241816519079176,6.241816519079176,6.133105737876746,6.191990852355957,83075,0.0,0.0
2022-04-26 00:00:00+03:00,6.191990935575054,6.332408921854155,6.191990935575054,6.223698139190674,63346,0.0,0.0
2022-04-27 00:00:00+03:00,6.214639007726702,6.214639007726702,6.033453941345215,6.033453941345215,177760,0.0,0.0
2022-04-28 00:00:00+03:00,6.069690786040454,6.133105623212056,6.024394844042084,6.051572322845459,82779,0.0,0.0
2022-04-29 00:00:00+03:00,6.160283528729032,6.160283528729032,5.942861538596664,5.951920986175537,154862,0.0,0.0
2022-05-02 00:00:00+03:00,6.010806182242733,6.010806182242733,5.788854465265746,5.933802604675293,130307,0.0,0.0
2022-05-03 00:00:00+03:00,5.9383318332033665,6.006276394320693,5.9383318332033665,5.942861557006836,88503,0.0,0.0
2022-05-04 00:00:00+03:00,5.979098618448453,6.010806253810259,5.7480878829956055,5.7480878829956055,95481,0.0,0.0
2022-05-05 00:00:00+03:00,5.888506212147478,5.888506212147478,5.666554927825928,5.666554927825928,80276,0.0,0.0
2022-05-06 00:00:00+03:00,5.662025387563718,5.716380779446939,5.548784879812443,5.621258735656738,169782,0.0,0.0
2022-05-09 00:00:00+03:00,5.625788074193057,5.671084446981407,5.489899387806233,5.494429111480713,85082,0.0,0.0
2022-05-10 00:00:00+03:00,5.503488458338649,5.634847428963032,5.503488458338649,5.521606922149658,69725,0.0,0.0
2022-05-11 00:00:00+03:00,5.526136935688521,5.671085085750709,5.517077919297413,5.616729259490967,88377,0.0,0.0
2022-05-12 00:00:00+03:00,5.616728833562437,5.793384175564762,5.571432891085239,5.76620626449585,63288,0.0,0.0
2022-05-13 00:00:00+03:00,5.870387231441961,5.888505693218891,5.775265199118527,5.784324645996094,62022,0.0,0.0
2022-05-16 00:00:00+03:00,5.960980001776175,6.028924562683018,5.911154336027079,5.951920986175537,109397,0.0,0.0
2022-05-17 00:00:00+03:00,5.983627784328666,6.169342127361306,5.983627784328666,6.042512893676758,137073,0.0,0.0
2022-05-18 00:00:00+03:00,6.047043012653769,6.155753791493374,6.033453841315142,6.06063175201416,84390,0.0,0.0
2022-05-19 00:00:00+03:00,6.056102397508779,6.056102397508779,5.79791417402699,5.870388031005859,113745,0.0,0.0
2022-05-20 00:00:00+03:00,5.920213700033593,6.028924917486575,5.820562362670898,5.820562362670898,121599,0.0,0.0
2022-05-23 00:00:00+03:00,5.941147075469002,5.959698648349364,5.848388768762806,5.862302780151367,66325,0.15,0.0
2022-05-24 00:00:00+03:00,5.862302812277263,5.91795753122334,5.7509929320807185,5.839113235473633,107780,0.0,0.0
2022-05-25 00:00:00+03:00,5.013567850773942,5.07849813863921,4.767758942327272,4.781672954559326,1684317,0.0,0.0
2022-05-27 00:00:00+03:00,4.814138221633732,4.902258089835379,4.758483498195151,4.809500217437744,500938,0.0,0.0
2022-05-30 00:00:00+03:00,4.82341366434225,4.8419652383472425,4.749207368322279,4.781672954559326,322559,0.0,0.0
2022-05-31 00:00:00+03:00,4.841965100286653,4.911533832550049,4.693552512478449,4.911533832550049,594176,0.0,0.0
2022-06-01 00:00:00+03:00,4.9161717801491776,4.93936091500013,4.7584831862580845,4.777034759521484,195217,0.0,0.0
2022-06-02 00:00:00+03:00,4.786310785357215,4.95327540309117,4.786310785357215,4.897620677947998,211257,0.0,0.0
2022-06-03 00:00:00+03:00,4.953275012639433,5.046032880566231,4.906895857523833,4.948637008666992,141353,0.0,0.0
2022-06-06 00:00:00+03:00,4.9625507137314795,4.971826721929547,4.879068851470947,4.879068851470947,141901,0.0,0.0
2022-06-07 00:00:00+03:00,4.888344526592119,4.897620534997455,4.712104347630576,4.749207496643066,330317,0.0,0.0
2022-06-08 00:00:00+03:00,4.735293674121647,4.800224402587287,4.702828531041028,4.730655670166016,146244,0.0,0.0
2022-06-09 00:00:00+03:00,4.739931681847953,4.744569243502872,4.651811375838454,4.670362949371338,154942,0.0,0.0
2022-06-10 00:00:00+03:00,4.670363339553832,4.670363339553832,4.572967459793217,4.619346618652344,248550,0.0,0.0
2022-06-13 00:00:00+03:00,4.589663504296352,4.661087259531373,4.535863809793521,4.64253568649292,268863,0.0,0.0
2022-06-14 00:00:00+03:00,4.636042764221546,4.636042764221546,4.428264964510487,4.444961071014404,294842,0.0,0.0
2022-06-15 00:00:00+03:00,4.476498889192437,4.632332008954163,4.476498889192437,4.532153606414795,182811,0.0,0.0
2022-06-16 00:00:00+03:00,4.591518706102844,4.591518706102844,4.266865944248854,4.3763203620910645,530853,0.0,0.0
2022-06-17 00:00:00+03:00,4.3781753769081995,4.608215244787698,4.3781753769081995,4.504326343536377,475788,0.0,0.0
2022-06-20 00:00:00+03:00,4.517312208195723,4.617491055813533,4.498760635274557,4.552560329437256,83324,0.0,0.0
2022-06-21 00:00:00+03:00,4.563692147483733,4.593374757729595,4.443106681580062,4.457948207855225,88126,0.0,0.0
2022-06-22 00:00:00+03:00,4.45794760065857,4.511746854452952,4.372610273689296,4.474643707275391,145720,0.0,0.0
2022-06-23 00:00:00+03:00,4.4746438631093675,4.556271143586279,4.452382239410189,4.509891986846924,139057,0.0,0.0
2022-06-27 00:00:00+03:00,4.554415690364619,4.712104292991441,4.5451401243712635,4.67500114440918,228520,0.0,0.0
2022-06-28 00:00:00+03:00,4.675000732501788,4.735293454211766,4.595228925848059,4.613780498504639,135019,0.0,0.0
2022-06-29 00:00:00+03:00,4.637897720295577,4.637897720295577,4.4727885862221,4.49876070022583,190711,0.0,0.0
2022-06-30 00:00:00+03:00,4.496905969482482,4.4987609942312945,4.37261046522355,4.426409721374512,206292,0.0,0.0
2022-07-01 00:00:00+03:00,4.4264090854666485,4.448671148471878,4.341071767019079,4.361478805541992,84592,0.0,0.0
2022-07-04 00:00:00+03:00,4.446817144915301,4.446817144915301,4.2390393168448615,4.2779974937438965,123647,0.0,0.0
2022-07-05 00:00:00+03:00,4.277997018163121,4.35034828919336,4.17410811567713,4.270576477050781,136454,0.0,0.0
2022-07-06 00:00:00+03:00,4.333652075746716,4.424554927753437,4.2854178913225605,4.385596752166748,110656,0.0,0.0
2022-07-07 00:00:00+03:00,4.407857994438565,4.422699518828745,4.3058245599139635,4.368899822235107,102243,0.0,0.0
2022-07-08 00:00:00+03:00,4.3689001961964875,4.420844430247329,4.316955519841201,4.407858371734619,45187,0.0,0.0
2022-07-11 00:00:00+03:00,4.40600287989729,4.40600287989729,4.265010833740234,4.265010833740234,121310,0.0,0.0
2022-07-12 00:00:00+03:00,4.261300151119997,4.322520384763654,4.211210949466892,4.313244819641113,115588,0.0,0.0
2022-07-13 00:00:00+03:00,4.303968936350471,4.365189171759859,4.2483142170968815,4.341072082519531,197075,0.0,0.0
2022-07-14 00:00:00+03:00,4.359623687358871,4.3633341789245605,4.283562369849597,4.3633341789245605,405797,0.0,0.0
2022-07-15 00:00:00+03:00,4.3633341122150355,4.4319748878479,4.316954958722771,4.4319748878479,97025,0.0,0.0
2022-07-18 00:00:00+03:00,4.433830514104756,4.465368144999014,4.374465301654147,4.4523820877075195,125204,0.0,0.0
2022-07-19 00:00:00+03:00,4.452381833072373,4.452381833072373,4.361478994926309,4.441250801086426,51369,0.0,0.0
2022-07-20 00:00:00+03:00,4.4523822105661335,4.4802093505859375,4.418989111777069,4.4802093505859375,106026,0.0,0.0
2022-07-21 00:00:00+03:00,4.480209255811143,4.502471321199586,4.417133993616432,4.489485263824463,129965,0.0,0.0
2022-07-22 00:00:00+03:00,4.452382388877835,4.572967404300275,4.443106380296798,4.559981346130371,165944,0.0,0.0
2022-07-25 00:00:00+03:00,4.563691558713395,4.563691558713395,4.465368173755119,4.489485263824463,84271,0.0,0.0
2022-07-26 00:00:00+03:00,4.489485143201665,4.496905684030303,4.3559136390686035,4.3559136390686035,86512,0.0,0.0
2022-07-27 00:00:00+03:00,4.359623688330725,4.443105988989988,4.3299415250161735,4.3559136390686035,117480,0.0,0.0
2022-07-28 00:00:00+03:00,4.370754777161084,4.452382054243256,4.370754777161084,4.444961071014404,87718,0.0,0.0
2022-07-29 00:00:00+03:00,4.469078091387922,4.619346143721844,4.452381985143125,4.6045050621032715,105451,0.0,0.0
2022-08-01 00:00:00+03:00,4.610070160668662,4.716742038726807,4.610070160668662,4.716742038726807,87028,0.0,0.0
2022-08-02 00:00:00+03:00,4.712104278698205,4.712104278698205,4.470933813645047,4.509891986846924,107909,0.0,0.0
2022-08-03 00:00:00+03:00,4.524732997393823,4.604505251870619,4.521022947988473,4.585953235626221,109257,0.0,0.0
2022-08-04 00:00:00+03:00,4.585953262120208,4.679639087017134,4.572967204517635,4.661087512969971,170881,0.0,0.0
2022-08-05 00:00:00+03:00,4.684276577981664,4.716741718431811,4.554415131572345,4.571111679077148,163879,0.0,0.0
2022-08-08 00:00:00+03:00,4.593374029737145,4.621201168348068,4.546994875646415,4.6045050621032715,49846,0.0,0.0
2022-08-09 00:00:00+03:00,4.61934654983958,4.6657257080078125,4.617491525050269,4.6657257080078125,53522,0.0,0.0
2022-08-10 00:00:00+03:00,4.665725288373475,4.800224304199219,4.598939536616221,4.800224304199219,355356,0.0,0.0
2022-08-11 00:00:00+03:00,4.80022420597405,4.8512409204831926,4.730655476402257,4.846602916717529,186168,0.0,0.0
2022-08-12 00:00:00+03:00,4.846603470722077,4.860517041305112,4.753845596327788,4.763121604919434,65701,0.0,0.0
2022-08-15 00:00:00+03:00,4.777034568668942,4.837327289942268,4.6750006986445145,4.712103843688965,96736,0.0,0.0
2022-08-16 00:00:00+03:00,4.786310516332264,4.786310516332264,4.716742224389645,4.781672954559326,62358,0.0,0.0
2022-08-17 00:00:00+03:00,4.786310624894427,4.786310624894427,4.6119259137530175,4.651811599731445,288327,0.0,0.0
2022-08-18 00:00:00+03:00,4.651811121949084,4.823413278338551,4.621201005175264,4.772396564483643,324891,0.0,0.0
2022-08-19 00:00:00+03:00,4.6842770640430045,4.702828637982991,4.567401661686234,4.585953235626221,122946,0.0,0.0
2022-08-22 00:00:00+03:00,4.600794932005977,4.600794932005977,4.446816818322381,4.493195533752441,126092,0.0,0.0
2022-08-23 00:00:00+03:00,4.49319528425096,4.511746857853724,4.418988989839901,4.4523820877075195,64620,0.0,0.0
2022-08-24 00:00:00+03:00,4.452382143385322,4.541429520870383,4.40600298764623,4.534008979797363,56903,0.0,0.0
2022-08-25 00:00:00+03:00,4.572966995920141,4.591518569121067,4.465368048276525,4.476499080657959,251758,0.0,0.0
2022-08-26 00:00:00+03:00,4.476499110128782,4.530298363152578,4.443106012764636,4.513602256774902,116678,0.0,0.0
2022-08-29 00:00:00+03:00,4.452382125304697,4.452382125304697,4.346637756802041,4.368899822235107,132970,0.0,0.0
2022-08-30 00:00:00+03:00,4.368899377343043,4.47093324378178,4.368899377343043,4.41342306137085,54819,0.0,0.0
2022-08-31 00:00:00+03:00,4.4060026488725,4.47093337345388,4.381885560511219,4.4115681648254395,76610,0.0,0.0
2022-09-01 00:00:00+03:00,4.36147922968293,4.389306368841215,4.181528568267822,4.181528568267822,1284425,0.0,0.0
2022-09-02 00:00:00+03:00,4.229762620165555,4.229762620165555,4.036826349635069,4.168542385101318,268607,0.0,0.0
2022-09-05 00:00:00+03:00,4.116597967829794,4.151845645253052,4.059087784631169,4.103611469268799,102756,0.0,0.0
2022-09-06 00:00:00+03:00,4.103612200862963,4.2000805700299,4.099902151159279,4.107322692871094,58373,0.0,0.0
2022-09-07 00:00:00+03:00,4.107322362591913,4.712104203800779,4.081350247536814,4.585953235626221,616443,0.0,0.0
2022-09-08 00:00:00+03:00,4.624912207137367,4.670363411988505,4.329942026055286,4.385596752166748,476079,0.0,0.0
2022-09-09 00:00:00+03:00,4.374465573552119,4.556271271542115,4.374465573552119,4.515457630157471,203660,0.0,0.0
2022-09-12 00:00:00+03:00,4.54699514910905,4.716742297140329,4.54699514910905,4.67500114440918,157882,0.0,0.0
2022-09-13 00:00:00+03:00,4.693552865385775,4.693552865385775,4.5210231748558245,4.545140266418457,122328,0.0,0.0
2022-09-14 00:00:00+03:00,4.54328479444954,4.665725719231687,4.500616570366152,4.567401885986328,98486,0.0,0.0
2022-09-15 00:00:00+03:00,4.656449129925083,4.7538449963224005,4.5006160090720035,4.561836242675781,302760,0.0,0.0
2022-09-16 00:00:00+03:00,4.565546352940951,4.6564491922827465,4.480209029665337,4.636042594909668,168372,0.0,0.0
2022-09-19 00:00:00+03:00,4.63604287700871,4.712104197367488,4.519167917115917,4.684277057647705,251999,0.0,0.0
2022-09-20 00:00:00+03:00,4.66108703685679,4.832689189840613,4.6323319452143705,4.72137975692749,168384,0.0,0.0
2022-09-21 00:00:00+03:00,4.721380356035911,4.767759071149312,4.628622041200259,4.749207496643066,160799,0.0,0.0
2022-09-22 00:00:00+03:00,4.637898164090293,4.749207613875396,4.582243439197742,4.5970845222473145,112361,0.0,0.0
2022-09-23 00:00:00+03:00,4.5636913935509025,4.6425356895930765,4.508036674398378,4.574822425842285,234886,0.0,0.0
2022-09-26 00:00:00+03:00,4.574822298871975,4.608214952514949,4.435685283700099,4.45609188079834,122715,0.0,0.0
2022-09-27 00:00:00+03:00,4.456092384486621,4.559981290891804,4.446816818322381,4.493195533752441,73446,0.0,0.0
2022-09-28 00:00:00+03:00,4.506181468567953,4.517312501504267,4.3039691779063025,4.465368270874023,257867,0.0,0.0
2022-09-29 00:00:00+03:00,4.452382380126868,4.452382380126868,4.2872732315270605,4.394872188568115,149433,0.0,0.0
2022-09-30 00:00:00+03:00,4.394872022503428,4.4987609260373596,4.316955234276875,4.4727888107299805,174432,0.0,0.0
2022-10-03 00:00:00+03:00,4.470933870444587,4.611925924881583,4.424554713116023,4.5692572593688965,83673,0.0,0.0
2022-10-04 00:00:00+03:00,4.6193459810778394,4.716741847395616,4.613780465090734,4.712103843688965,117384,0.0,0.0
2022-10-05 00:00:00+03:00,4.7260174125045395,4.758482996146717,4.65644912612229,4.712103843688965,156709,0.0,0.0
2022-10-06 00:00:00+03:00,4.721380295079912,4.800224596289632,4.698190716670392,4.735293865203857,68698,0.0,0.0
2022-10-07 00:00:00+03:00,4.749207441573703,4.79558659845374,4.619346421535787,4.67500114440918,95967,0.0,0.0
2022-10-10 00:00:00+03:00,4.693552432561329,4.693552432561329,4.628621705348616,4.6341872215271,52562,0.0,0.0
2022-10-11 00:00:00+03:00,4.651810933346489,4.726017220419334,4.60821476180641,4.707465648651123,63622,0.0,0.0
2022-10-12 00:00:00+03:00,4.70282903080307,4.716742601844136,4.571112535213999,4.587809085845947,69670,0.0,0.0
2022-10-13 00:00:00+03:00,4.637898289766374,4.661087869676096,4.50247174462765,4.610070705413818,75918,0.0,0.0
2022-10-14 00:00:00+03:00,4.684276961249302,4.767758820995077,4.611925691779736,4.670362949371338,90005,0.0,0.0
2022-10-17 00:00:00+03:00,4.67500092064589,4.7121040674522545,4.600794627033162,4.693552494049072,55433,0.0,0.0
2022-10-18 00:00:00+03:00,4.716742257501231,4.758483409881592,4.6703631010109605,4.758483409881592,144701,0.0,0.0
2022-10-19 00:00:00+03:00,4.777593629003159,4.863590460125803,4.733639763971315,4.834924697875977,123588,0.15,0.0
2022-10-20 00:00:00+03:00,4.830146918514742,4.830146918514742,4.683952672419565,4.760394096374512,77099,0.0,0.0
2022-10-21 00:00:00+03:00,4.77568276400506,4.806259425413251,4.682041880825858,4.710707187652588,72941,0.0,0.0
2022-10-24 00:00:00+03:00,4.710707239451641,4.882700904810612,4.710707239451641,4.825369834899902,128844,0.0,0.0
2022-10-25 00:00:00+03:00,4.830146593384352,4.916143417358398,4.811036238681986,4.916143417358398,83539,0.0,0.0
2022-10-26 00:00:00+03:00,4.916143945459304,4.9639200651608135,4.873145528853314,4.940032005310059,144918,0.0,0.0
2022-10-27 00:00:00+03:00,4.901811022553914,5.006917751121002,4.882700666848369,4.944809436798096,100583,0.0,0.0
2022-10-28 00:00:00+03:00,4.854035260120794,4.873145617222574,4.76421662730511,4.839702606201172,78130,0.0,0.0
2022-10-31 00:00:00+02:00,4.839702569523792,4.9065890466865545,4.8253699157127885,4.873145580291748,64946,0.0,0.0
2022-11-01 00:00:00+02:00,4.873145580291748,5.030806139093331,4.844480272669742,4.873145580291748,89273,0.0,0.0
2022-11-02 00:00:00+02:00,4.85403507037158,4.968697208500003,4.815814357662106,4.892255783081055,299607,0.0,0.0
2022-11-03 00:00:00+02:00,4.892255647770713,4.997362832628124,4.750839105782334,4.9686970710754395,130537,0.0,0.0
2022-11-04 00:00:00+02:00,4.963919993135953,5.030806012995358,4.954364587083559,5.006917953491211,49625,0.0,0.0
2022-11-07 00:00:00+02:00,5.002140591249439,5.11680272748465,4.973474829377223,5.083359718322754,149094,0.0,0.0
2022-11-08 00:00:00+02:00,5.121580741544879,5.121580741544879,5.026028955543956,5.045139312744141,66543,0.0,0.0
2022-11-09 00:00:00+02:00,5.054693798631652,5.054693798631652,4.959142021418985,5.011695384979248,52170,0.0,0.0
2022-11-10 00:00:00+02:00,4.992585351463572,5.121580600738525,4.925699330915235,5.121580600738525,81301,0.0,0.0
2022-11-11 00:00:00+02:00,5.217131885816103,5.331794014913275,5.1645785238865995,5.2123541831970215,92547,0.0,0.0
2022-11-14 00:00:00+02:00,5.207576599213403,5.2649081206948765,5.145468286257626,5.226686954498291,130393,0.0,0.0
2022-11-15 00:00:00+02:00,5.2314652601739535,5.2457979143828135,5.169356484433076,5.183689594268799,84327,0.0,0.0
2022-11-16 00:00:00+02:00,5.183689285393721,5.217132295097282,5.1024701570049285,5.1311354637146,65403,0.0,0.0
2022-11-17 00:00:00+02:00,5.116802400539417,5.159800812786884,5.05947133608506,5.064249038696289,104538,0.0,0.0
2022-11-18 00:00:00+02:00,5.0642497369237445,5.092915045289719,5.021251318747921,5.035583972930908,41241,0.0,0.0
2022-11-21 00:00:00+02:00,5.016473276585119,5.016473276585119,4.940031851937448,4.959142208099365,67908,0.0,0.0
2022-11-22 00:00:00+02:00,4.959142191184493,4.968697141419446,4.87792306386666,4.901811122894287,81058,0.0,0.0
2022-11-23 00:00:00+02:00,4.983030179665193,4.983030179665193,4.834924580292168,4.9686970710754395,84163,0.0,0.0
2022-11-24 00:00:00+02:00,4.9686973063351685,5.092914852900258,4.963920058872545,5.088137149810791,60068,0.0,0.0
2022-11-25 00:00:00+02:00,5.088137200865107,5.112025260925293,5.059471893294363,5.112025260925293,27102,0.0,0.0
2022-11-28 00:00:00+02:00,5.016473359543605,5.083359835029848,4.949586884057362,5.006917953491211,63256,0.0,0.0
2022-11-29 00:00:00+02:00,4.987807418816725,5.241020202636719,4.98303017158804,5.241020202636719,135239,0.0,0.0
2022-11-30 00:00:00+02:00,5.24102042331077,5.3174618497101696,5.159801293854698,5.303129196166992,104853,0.0,0.0
2022-12-01 00:00:00+02:00,5.30312909231543,5.379570517217871,5.221909964449878,5.255352973937988,76003,0.0,0.0
2022-12-02 00:00:00+02:00,5.255353076853947,5.398680979166241,5.193244303997725,5.303129196166992,82100,0.0,0.0
2022-12-05 00:00:00+02:00,5.29357356265931,5.29357356265931,5.1168026577974794,5.150245666503906,112078,0.0,0.0
2022-12-07 00:00:00+02:00,5.150245805700635,5.245797587177794,5.140690855366336,5.164578914642334,108602,0.0,0.0
2022-12-08 00:00:00+02:00,5.169355956271179,5.21713207292183,5.131135245201385,5.159801006317139,64919,0.0,0.0
2022-12-09 00:00:00+02:00,5.159801242120732,5.198021954937217,5.112025123286707,5.188466548919678,44613,0.0,0.0
2022-12-12 00:00:00+02:00,5.188466465971227,5.188466465971227,5.059471676184549,5.140690803527832,62875,0.0,0.0
2022-12-13 00:00:00+02:00,5.140690532335524,5.255352662902974,5.088136714105339,5.145468235015869,150730,0.0,0.0
2022-12-14 00:00:00+02:00,5.1311354637146,5.13591316670849,5.045139087958752,5.1311354637146,55636,0.0,0.0
2022-12-15 00:00:00+02:00,5.413013201419102,5.714001635605142,5.413013201419102,5.656670570373535,481764,0.0,0.0
2022-12-16 00:00:00+02:00,5.656670894495331,6.186983619994207,5.632782835373364,5.914660930633545,698092,0.0,0.0
2022-12-19 00:00:00+02:00,5.905105592910732,5.905105592910732,5.647115553793924,5.666225910186768,237403,0.0,0.0
2022-12-20 00:00:00+02:00,5.647115471151268,5.699669292182616,5.532453334472227,5.618450164794922,117344,0.0,0.0
2022-12-21 00:00:00+02:00,5.63756067527854,5.71400210182439,5.5706741992375,5.599339962005615,76010,0.0,0.0
2022-12-22 00:00:00+02:00,5.618449925425221,5.690113643889736,5.542008504229255,5.647115230560303,74599,0.0,0.0
2022-12-23 00:00:00+02:00,5.64711562578335,5.6948917451879275,5.589784555873963,5.599339962005615,35511,0.0,0.0
2022-12-27 00:00:00+02:00,5.637560846793593,5.7617783965231695,5.503788346268511,5.546786308288574,127673,0.0,0.0
2022-12-28 00:00:00+02:00,5.546786154390238,5.608894927531788,5.484677381248689,5.565896511077881,71027,0.0,0.0
2022-12-29 00:00:00+02:00,5.546786305954564,5.642338547630557,5.465567173906083,5.637560844421387,66222,0.0,0.0
2022-12-30 00:00:00+02:00,5.61367247592217,5.68533619761938,5.5850067138671875,5.5850067138671875,76721,0.0,0.0
2023-01-02 00:00:00+02:00,5.628005148150805,5.771333047656299,5.618450197851416,5.733112335205078,47339,0.0,0.0
2023-01-03 00:00:00+02:00,5.747444918856256,5.776110680660896,5.651893138885498,5.651893138885498,72817,0.0,0.0
2023-01-04 00:00:00+02:00,5.675781549061656,5.80477634609902,5.656671191884756,5.785665988922119,114122,0.0,0.0
2023-01-05 00:00:00+02:00,5.785665800731683,6.019768238067627,5.72833473106579,6.019768238067627,112987,0.0,0.0
2023-01-09 00:00:00+02:00,6.077098918687914,6.172650695347338,6.067543513208566,6.158318042755127,182925,0.0,0.0
2023-01-10 00:00:00+02:00,6.143985240812052,6.148762943789893,6.048433459389398,6.120097637176514,133416,0.0,0.0
2023-01-11 00:00:00+02:00,6.115320035926423,6.143985343016648,5.90032841024238,5.986324787139893,90478,0.0,0.0
2023-01-12 00:00:00+02:00,6.01021249305018,6.115319675990559,5.971991782094918,6.091431617736816,74358,0.0,0.0
2023-01-13 00:00:00+02:00,6.096209373208498,6.15354044013696,6.067543611930857,6.115319728851318,73736,0.0,0.0
2023-01-16 00:00:00+02:00,6.115319964697516,6.172651033837035,6.096209608317676,6.143985271453857,69618,0.0,0.0
2023-01-17 00:00:00+02:00,6.1439851183395735,6.1678731771257675,6.091431753511407,6.163095474243164,91385,0.0,0.0
2023-01-18 00:00:00+02:00,6.163095597096582,6.1917613593367955,6.1105422312208315,6.120097637176514,46295,0.0,0.0
2023-01-19 00:00:00+02:00,6.105764334526841,6.105764334526841,5.933771133422852,5.933771133422852,36790,0.0,0.0
2023-01-20 00:00:00+02:00,5.9719921188659635,6.03410089157739,5.938549108800903,6.019768238067627,40434,0.0,0.0
2023-01-23 00:00:00+02:00,6.048433373194065,6.1439851532550245,6.048433373194065,6.129652500152588,34402,0.0,0.0
2023-01-24 00:00:00+02:00,6.1965391815038675,6.1965391815038675,6.115320051825669,6.134430408477783,44257,0.0,0.0
2023-01-25 00:00:00+02:00,6.134430097775235,6.134430097775235,6.057988675038455,6.081876277923584,35452,0.0,0.0
2023-01-26 00:00:00+02:00,6.115319934198673,6.196539062314637,6.081876468980618,6.120097637176514,89237,0.0,0.0
2023-01-27 00:00:00+02:00,6.115319898918529,6.15354061126709,6.072321483619691,6.15354061126709,39752,0.0,0.0
2023-01-30 00:00:00+02:00,6.143985238711688,6.143985238711688,6.029323101043701,6.029323101043701,32264,0.0,0.0
2023-01-31 00:00:00+02:00,6.029323035009171,6.096209509063024,6.019768084788237,6.038878440856934,48524,0.0,0.0
2023-02-01 00:00:00+02:00,6.038878324160563,6.191761169755801,6.034100621329007,6.1726508140563965,55338,0.0,0.0
2023-02-02 00:00:00+02:00,6.201316241564979,6.311201130714439,6.172650935266392,6.2777581214904785,118404,0.0,0.0
2023-02-03 00:00:00+02:00,6.210871338499862,6.25864745412366,6.0985980590987845,6.225203990936279,75563,0.0,0.0
2023-02-06 00:00:00+02:00,6.229982069125244,6.306423494229248,6.201316306897825,6.268202781677246,41986,0.0,0.0
2023-02-07 00:00:00+02:00,6.287312918661645,6.301645571462037,6.220426901841937,6.296868324279785,29113,0.0,0.0
2023-02-08 00:00:00+02:00,6.2968684251542895,6.497527390081563,6.277758069238683,6.401975154876709,99506,0.0,0.0
2023-02-09 00:00:00+02:00,6.411530631199127,6.411530631199127,6.268202732441519,6.335089206695557,53775,0.0,0.0
2023-02-10 00:00:00+02:00,6.306423546210178,6.363754615510735,6.22042717007276,6.292090892791748,78424,0.0,0.0
2023-02-13 00:00:00+02:00,6.29209087321729,6.392420358087854,6.282535467216839,6.382864952087402,49363,0.0,0.0
2023-02-14 00:00:00+02:00,6.3828651941568335,6.401975551255659,6.292091111844125,6.3541998863220215,46816,0.0,0.0
2023-02-15 00:00:00+02:00,5.924215930949787,5.962436643617062,5.78088848626092,5.847774505615234,901383,0.0,0.0
2023-02-16 00:00:00+02:00,5.905105729612173,5.962436800117901,5.866885015941687,5.91943883895874,182297,0.0,0.0
2023-02-17 00:00:00+02:00,5.881217816999779,5.938548884500261,5.847774352571047,5.866884708404541,108373,0.0,0.0
2023-02-20 00:00:00+02:00,5.876440250819719,6.038878506996117,5.876440250819719,6.029323101043701,103466,0.0,0.0
2023-02-21 00:00:00+02:00,6.010212468106448,6.029322823504767,5.895550335716535,5.943325996398926,72146,0.0,0.0
2023-02-22 00:00:00+02:00,5.905105441579495,6.02932298276305,5.876440135538258,6.014990329742432,112007,0.0,0.0
2023-02-23 00:00:00+02:00,6.014990483344236,6.038878542739833,5.9385490577797935,5.995880126953125,50891,0.0,0.0
2023-02-24 00:00:00+02:00,6.000657881512329,6.038878594622925,5.99110247542126,6.019768238067627,78272,0.0,0.0
2023-02-27 00:00:00+02:00,6.019768333753141,6.143985425523612,6.019768333753141,6.124875068664551,61463,0.0,0.0
2023-02-28 00:00:00+02:00,6.115319660839878,6.225204090657316,6.067543544450759,6.182205677032471,93869,0.0,0.0
2023-03-01 00:00:00+02:00,6.177428752842378,6.244314772531678,6.177428752842378,6.2013163566589355,74147,0.0,0.0
2023-03-02 00:00:00+02:00,6.182206204750467,6.225204622045691,6.139208243082096,6.206094264984131,105599,0.0,0.0
2023-03-03 00:00:00+02:00,6.210871916165564,6.287313343771921,6.206094213033454,6.272980690002441,54569,0.0,0.0
2023-03-06 00:00:00+02:00,6.272980690002441,6.287313343771921,6.2013165099013445,6.272980690002441,56394,0.0,0.0
2023-03-07 00:00:00+02:00,6.272980534989118,6.28731318840442,6.19176140625768,6.2013163566589355,33735,0.0,0.0
2023-03-08 00:00:00+02:00,6.1917614784341275,6.1917614784341275,6.077099338521439,6.134430408477783,61976,0.0,0.0
2023-03-09 00:00:00+02:00,6.1153200208441145,6.1153200208441145,6.0054351289310235,6.019768238067627,42439,0.0,0.0
2023-03-10 00:00:00+02:00,5.9719920820575645,5.9719920820575645,5.852552240416413,5.962436676025391,80595,0.0,0.0
2023-03-13 00:00:00+02:00,5.933771478135726,5.933771478135726,5.694891790467224,5.77133321762085,142591,0.0,0.0
2023-03-14 00:00:00+02:00,5.757000410826587,5.862107598180878,5.73311235156968,5.790443420410156,71556,0.0,0.0
2023-03-15 00:00:00+02:00,5.795220832657459,5.799998535394523,5.618449932027365,5.737889766693115,90050,0.0,0.0
2023-03-16 00:00:00+02:00,5.799998944497258,5.900328430918298,5.73311246834095,5.895550727844238,117422,0.0,0.0
2023-03-17 00:00:00+02:00,5.909883193674527,5.957659311643527,5.757000345176655,5.799998760223389,45103,0.0,0.0
2023-03-20 00:00:00+02:00,5.795221277513069,5.8907730614551,5.618450363313599,5.77133321762085,87418,0.0,0.0
2023-03-21 00:00:00+02:00,5.766555161687661,5.919438462267521,5.757000211691505,5.876440048217773,39787,0.0,0.0
2023-03-22 00:00:00+02:00,5.8764398042810475,5.8764398042810475,5.561118721841274,5.575451374053955,108556,0.0,0.0
2023-03-23 00:00:00+02:00,5.589784099789925,5.656670570373535,5.570673744712723,5.656670570373535,92533,0.0,0.0
2023-03-24 00:00:00+02:00,5.656670759415107,5.752222537994385,5.594561989431871,5.752222537994385,59495,0.0,0.0
2023-03-27 00:00:00+03:00,5.761778394098694,5.785665998890836,5.62322819042073,5.637560844421387,66034,0.0,0.0
2023-03-28 00:00:00+03:00,5.694891589247615,5.694891589247615,5.60411705598992,5.618450164794922,48943,0.0,0.0
2023-03-29 00:00:00+03:00,5.632782936096191,5.680559055194435,5.561119213075664,5.632782936096191,88721,0.0,0.0
2023-03-30 00:00:00+03:00,5.685336334055103,5.876440355878463,5.637560670319394,5.83821964263916,151945,0.0,0.0
2023-03-31 00:00:00+03:00,5.976769923159009,6.473639657640643,5.97199222003254,6.421085834503174,397860,0.0,0.0
2023-04-03 00:00:00+03:00,6.425863263986354,6.425863263986354,6.096209507954569,6.186983585357666,163036,0.0,0.0
2023-04-04 00:00:00+03:00,6.167873198005515,6.349421807517621,6.048433359297038,6.311201095581055,72260,0.0,0.0
2023-04-05 00:00:00+03:00,6.311201164245084,6.392420291900635,6.253870095716488,6.392420291900635,84984,0.0,0.0
2023-04-06 00:00:00+03:00,6.392420086372584,6.39719778916973,6.296868308563757,6.3876423835754395,41116,0.0,0.0
2023-04-11 00:00:00+03:00,6.387642823871583,6.497527717646142,6.387642823871583,6.421085834503174,66530,0.0,0.0
2023-04-12 00:00:00+03:00,6.42586314274615,6.42586314274615,6.292090652813553,6.320755958557129,50919,0.0,0.0
2023-04-13 00:00:00+03:00,6.301645823590906,6.392420358087854,6.268202813842997,6.382864952087402,79933,0.0,0.0
2023-04-14 00:00:00+03:00,6.397198011391993,6.4784171392575445,6.382864902502661,6.449751377105713,98875,0.0,0.0
2023-04-17 00:00:00+03:00,6.449751546069001,6.516638022424269,6.406753129528246,6.487972259521484,191851,0.0,0.0
2023-04-18 00:00:00+03:00,6.497527495483155,6.535748207934375,6.406752961691382,6.449751377105713,98484,0.0,0.0
2023-04-19 00:00:00+03:00,6.4497514792975155,6.4497514792975155,6.354199696655512,6.406753063201904,70774,0.0,0.0
2023-04-20 00:00:00+03:00,6.425863419730305,6.473639538864726,6.363754647106293,6.406753063201904,158169,0.0,0.0
2023-04-21 00:00:00+03:00,6.406752762677337,6.53574800491333,6.349421695781391,6.53574800491333,95536,0.0,0.0
2023-04-24 00:00:00+03:00,6.526192937135612,6.626522423304136,6.497527630017085,6.612189769744873,153788,0.0,0.0
2023-04-25 00:00:00+03:00,6.588301674282899,6.645632743835449,6.497527594731405,6.645632743835449,72263,0.0,0.0
2023-04-26 00:00:00+03:00,6.645632779925434,6.655188186049504,6.550080996818944,6.612189769744873,89837,0.0,0.0
2023-04-27 00:00:00+03:00,6.640855005096476,6.679075717926025,6.535748272628634,6.679075717926025,86039,0.0,0.0
2023-04-28 00:00:00+03:00,6.6838534724783845,6.760294898726954,6.631300105839203,6.702963829040527,169793,0.0,0.0
2023-05-02 00:00:00+03:00,6.702963813387999,6.769850289012727,6.597857080355077,6.645632743835449,261825,0.0,0.0
2023-05-03 00:00:00+03:00,6.659965191437011,6.6934086560289545,6.607411826545135,6.640854835510254,177180,0.0,0.0
2023-05-04 00:00:00+03:00,6.64085480496761,6.765072345733643,6.602634093289881,6.765072345733643,79487,0.0,0.0
2023-05-05 00:00:00+03:00,6.7650723157416985,6.889289855957031,6.688630892725131,6.889289855957031,163081,0.0,0.0
2023-05-08 00:00:00+03:00,6.894067764282227,6.913178120605958,6.831958992323388,6.894067764282227,36544,0.0,0.0
2023-05-09 00:00:00+03:00,6.894067425169204,6.965731143951416,6.84629130889652,6.965731143951416,58537,0.0,0.0
2023-05-10 00:00:00+03:00,6.965731384437842,6.965731384437842,6.7985154273372626,6.937066078186035,73513,0.0,0.0
2023-05-11 00:00:00+03:00,6.937066480981887,7.0135079095943285,6.927511074591904,7.003952503204346,62810,0.0,0.0
2023-05-12 00:00:00+03:00,7.008729557471469,7.0517279709915215,6.932288135936625,6.965731143951416,71955,0.0,0.0
2023-05-15 00:00:00+03:00,6.970509221867862,7.037395241497355,6.956176568465375,7.008729934692383,205326,0.0,0.0
2023-05-16 00:00:00+03:00,6.9848421460512355,7.051728623900549,6.817626634868233,7.003952503204346,254273,0.0,0.0
2023-05-17 00:00:00+03:00,6.975286719838855,6.975286719838855,6.645632511884011,6.855846881866455,147918,0.0,0.0
2023-05-19 00:00:00+03:00,6.898845011643034,6.980064139925604,6.860624298995569,6.894067764282227,84207,0.0,0.0
2023-05-22 00:00:00+03:00,6.987032002470201,7.055532485484521,6.889174502893575,7.040853977203369,60130,0.17,0.0
2023-05-23 00:00:00+03:00,7.04085403239041,7.153390041130259,7.04085403239041,7.094675540924072,64839,0.0,0.0
2023-05-24 00:00:00+03:00,7.070210987928442,7.079996971188708,6.928317497004142,6.957674980163574,57265,0.0,0.0
2023-05-25 00:00:00+03:00,6.95767526063391,6.987032278355386,6.923424784463676,6.9772467613220215,41369,0.0,0.0
2023-05-26 00:00:00+03:00,6.977246680190532,7.02128267288208,6.913639187038451,7.02128267288208,43680,0.0,0.0
2023-05-29 00:00:00+03:00,7.021282756971954,7.084889784264442,7.021282756971954,7.060425758361816,110731,0.0,0.0
2023-05-30 00:00:00+03:00,7.0555325660598145,7.104461549717587,6.972353573814424,6.9968180656433105,64342,0.0,0.0
2023-05-31 00:00:00+03:00,6.9870322988310765,6.996818282514503,6.903853304007496,6.9625678062438965,243430,0.0,0.0
2023-06-01 00:00:00+03:00,6.962567438743022,6.97724641349337,6.801102449460081,6.903852939605713,70582,0.0,0.0
2023-06-02 00:00:00+03:00,6.903852993656203,6.903852993656203,6.7032450033778215,6.791316986083984,230013,0.0,0.0
2023-06-05 00:00:00+03:00,6.796210200772571,6.987032214070645,6.796210200772571,6.92342472076416,66383,0.0,0.0
2023-06-06 00:00:00+03:00,6.918532195603184,6.9332107043288715,6.869603211022387,6.92342472076416,23012,0.0,0.0
2023-06-07 00:00:00+03:00,6.967460522213605,7.055532505391747,6.967460522213605,7.026175022125244,46323,0.0,0.0
2023-06-08 00:00:00+03:00,7.040854082311641,7.079997082726631,7.011496598689712,7.0653181076049805,59019,0.0,0.0
2023-06-09 00:00:00+03:00,7.094675770336941,7.172961773143307,7.089782778506198,7.143604755401611,95015,0.0,0.0
2023-06-12 00:00:00+03:00,7.192532986162056,7.251247485918401,7.153389986324493,7.207211494445801,301796,0.0,0.0
2023-06-13 00:00:00+03:00,7.241461869865991,7.280604869166237,7.163175871265498,7.265926361083984,148655,0.0,0.0
2023-06-14 00:00:00+03:00,7.280605310680362,7.3246413042189324,6.889174827319215,7.031068325042725,378735,0.0,0.0
2023-06-15 00:00:00+03:00,7.084889609055693,7.153390093104632,6.884281615238323,6.898960590362549,201220,0.0,0.0
2023-06-16 00:00:00+03:00,6.898960372408869,7.075103868742465,6.859817373223625,7.0163893699646,196094,0.0,0.0
2023-06-19 00:00:00+03:00,7.0163897291030946,7.0457467466840065,6.864710249530444,6.908746242523193,92663,0.0,0.0
2023-06-20 00:00:00+03:00,6.908745911544766,6.987031910171913,6.8696029122311915,6.918531894683838,114619,0.0,0.0
2023-06-21 00:00:00+03:00,6.9038529996370235,6.957674974280244,6.854924483241162,6.874495983123779,106985,0.0,0.0
2023-06-22 00:00:00+03:00,6.850031606524539,6.903853115449252,6.76195962226467,6.898960590362549,96656,0.0,0.0
2023-06-26 00:00:00+03:00,6.89896038812026,6.923424412700733,6.82067392295013,6.835352897644043,68368,0.0,0.0
2023-06-27 00:00:00+03:00,6.869603041491341,6.874496033152945,6.801102558092985,6.8451385498046875,72314,0.0,0.0
2023-06-28 00:00:00+03:00,6.825567138639996,7.011496624609214,6.80599563836015,6.967460632324219,126482,0.0,0.0
2023-06-29 00:00:00+03:00,6.967460552106278,7.035961035607762,6.9038530602737636,7.011496543884277,105156,0.0,0.0
2023-06-30 00:00:00+03:00,7.045746412593522,7.089782403498203,6.967460413928028,7.0848894119262695,68864,0.0,0.0
2023-07-03 00:00:00+03:00,7.084889719872163,7.138711696260091,6.982139692123675,7.006603717803955,67830,0.0,0.0
2023-07-04 00:00:00+03:00,7.016389535553248,7.040854027276733,6.972353543775249,7.011496543884277,26389,0.0,0.0
2023-07-05 00:00:00+03:00,6.996818146560241,6.996818146560241,6.938103645464714,6.952782154083252,33461,0.0,0.0
2023-07-06 00:00:00+03:00,6.9527820947090495,6.957675086413903,6.8059956099130465,6.815781593322754,59001,0.0,0.0
2023-07-07 00:00:00+03:00,6.815781791889181,6.87938928604126,6.781531315578748,6.87938928604126,50270,0.0,0.0
2023-07-10 00:00:00+03:00,6.913639287690922,6.9625678062438965,6.840245809929383,6.9625678062438965,54518,0.0,0.0
2023-07-11 00:00:00+03:00,6.9870321705896385,7.128925665045277,6.9870321705896385,7.119140148162842,90337,0.0,0.0
2023-07-12 00:00:00+03:00,7.11914031394837,7.11914031394837,6.967460832456715,7.1142473220825195,79095,0.0,0.0
2023-07-13 00:00:00+03:00,7.133818510802523,7.138711502454293,7.075104010845381,7.109354019165039,38149,0.0,0.0
2023-07-14 00:00:00+03:00,7.08978246955166,7.138711452484131,7.011496470156798,7.138711452484131,55276,0.0,0.0
2023-07-17 00:00:00+03:00,7.138711452484131,7.138711452484131,7.079996952937984,7.138711452484131,48638,0.0,0.0
2023-07-18 00:00:00+03:00,7.079997067366165,7.1631760597229,7.079997067366165,7.1631760597229,48800,0.0,0.0
2023-07-19 00:00:00+03:00,7.168068693090227,7.270819187164307,7.163176167941082,7.270819187164307,95968,0.0,0.0
2023-07-20 00:00:00+03:00,7.2708190215855355,7.358891004963758,7.2121045215405095,7.275712013244629,111642,0.0,0.0
2023-07-21 00:00:00+03:00,7.2463549965328005,7.300176504918732,6.9821395130195,7.275712013244629,122544,0.0,0.0
2023-07-24 00:00:00+03:00,7.275712018505154,7.388248493638847,7.251247526813364,7.358891010284424,118385,0.0,0.0
2023-07-25 00:00:00+03:00,7.358891121457898,7.368677104931002,7.2708191366854615,7.300176620483398,61355,0.0,0.0
2023-07-26 00:00:00+03:00,7.300176480371241,7.373569488525391,7.2952834887286,7.373569488525391,42959,0.0,0.0
2023-07-27 00:00:00+03:00,7.3637839966228515,7.378462504978766,7.2463549965328005,7.275712013244629,33459,0.0,0.0
2023-07-28 00:00:00+03:00,7.275711927332708,7.275711927332708,7.221890419582302,7.236568927764893,31097,0.0,0.0
2023-07-31 00:00:00+03:00,7.231676021555518,7.290390521600544,7.18274750482868,7.275712013244629,62518,0.0,0.0
2023-08-01 00:00:00+03:00,7.275712128422013,7.314855129071679,7.2512476363606275,7.300176620483398,65220,0.0,0.0
2023-08-02 00:00:00+03:00,7.280605262733331,7.280605262733331,7.16317625848474,7.226783752441406,28780,0.0,0.0
2023-08-03 00:00:00+03:00,7.22678347436522,7.22678347436522,6.92831751677453,6.942996025085449,84106,0.0,0.0
2023-08-04 00:00:00+03:00,6.898960564949136,7.03596106592098,6.898960564949136,6.9968180656433105,48516,0.0,0.0
2023-08-07 00:00:00+03:00,6.996818090189434,7.070211099312197,6.928317606152515,7.0653181076049805,69651,0.0,0.0
2023-08-08 00:00:00+03:00,7.0653180876030115,7.1240330546806465,7.016389570533477,7.0799970626831055,41362,0.0,0.0
2023-08-09 00:00:00+03:00,7.09467559122691,7.114247091434405,7.0457466073974855,7.0653181076049805,42579,0.0,0.0
2023-08-10 00:00:00+03:00,7.079996997010271,7.079996997010271,6.996818005480107,7.026175022125244,51896,0.0,0.0
2023-08-11 00:00:00+03:00,7.0261751414273705,7.133818626403809,7.0261751414273705,7.133818626403809,57783,0.0,0.0
2023-08-14 00:00:00+03:00,7.045746668000277,7.094675652250555,7.021282642496514,7.035961151123047,24835,0.0,0.0
2023-08-15 00:00:00+03:00,7.026175248961847,7.040854224379685,6.9234247541438885,6.991925239562988,41562,0.0,0.0
2023-08-16 00:00:00+03:00,6.987032128346343,6.987032128346343,6.864710135016505,6.884281635284424,48148,0.0,0.0
2023-08-17 00:00:00+03:00,6.884281549854785,6.898960524839598,6.815781533077798,6.8451385498046875,118338,0.0,0.0
2023-08-18 00:00:00+03:00,6.845138407130213,6.850031398689831,6.717923426308275,6.752173900604248,67032,0.0,0.0
2023-08-21 00:00:00+03:00,6.771745474043643,6.8206739903091504,6.6249589920043945,6.6249589920043945,41540,0.0,0.0
2023-08-22 00:00:00+03:00,6.620065957519544,6.75706692206701,6.595601466234542,6.737495422363281,51643,0.0,0.0
2023-08-23 00:00:00+03:00,6.737495672664107,6.781531198667416,6.6445306956516825,6.771745681762695,40870,0.0,0.0
2023-08-24 00:00:00+03:00,6.771745566300661,6.850031566689117,6.727709574426812,6.747281074523926,43670,0.0,0.0
2023-08-25 00:00:00+03:00,6.732602536060917,6.825567044451995,6.732602536060917,6.761959552764893,47581,0.0,0.0
2023-08-28 00:00:00+03:00,6.805995664236778,6.889174657397714,6.761959671784356,6.869603157043457,29287,0.0,0.0
2023-08-29 00:00:00+03:00,6.884281722917035,7.006603717803955,6.879389197753807,7.006603717803955,80379,0.0,0.0
2023-08-30 00:00:00+03:00,6.996818317030431,7.143604806656236,6.977246816188416,7.1142473220825195,85553,0.0,0.0
2023-08-31 00:00:00+03:00,7.114247325611762,7.280605316162109,7.0946758247600386,7.280605316162109,103775,0.0,0.0
2023-09-01 00:00:00+03:00,7.2414621697839285,7.285498162475874,7.221890669323217,7.270819187164307,61587,0.0,0.0
2023-09-04 00:00:00+03:00,7.280605316162109,7.363784311437283,7.261033815310386,7.280605316162109,59580,0.0,0.0
2023-09-05 00:00:00+03:00,7.280605285481486,7.319748287019984,7.2316763002476705,7.295283794403076,46220,0.0,0.0
2023-09-06 00:00:00+03:00,7.31485521055186,7.31485521055186,7.221890699628714,7.25614070892334,36600,0.0,0.0
2023-09-07 00:00:00+03:00,7.251247679387369,7.251247679387369,6.796210177479597,6.85492467880249,252887,0.0,0.0
2023-09-08 00:00:00+03:00,6.957675055598244,6.957675055598244,6.786424079657819,6.830460071563721,169496,0.0,0.0
2023-09-11 00:00:00+03:00,6.903853055139192,6.967460546924399,6.845138555019316,6.928317546844482,381141,0.0,0.0
2023-09-12 00:00:00+03:00,6.947889276979162,6.987032278355386,6.9136392674303115,6.9772467613220215,115560,0.0,0.0
2023-09-13 00:00:00+03:00,7.265926619362953,7.525249115600459,7.212104643445907,7.466534614562988,410234,0.0,0.0
2023-09-14 00:00:00+03:00,7.486105968821714,7.760106968316269,7.4518554939188695,7.4567484855651855,326197,0.0,0.0
2023-09-15 00:00:00+03:00,7.515462996376263,7.730749962913289,7.490998971351871,7.623106479644775,195938,0.0,0.0
2023-09-18 00:00:00+03:00,7.623106443807767,7.6916069267695875,7.515462961045297,7.554605960845947,94170,0.0,0.0
2023-09-19 00:00:00+03:00,7.574177657341302,7.627999633430221,7.437177154483048,7.535034656524658,97190,0.0,0.0
2023-09-20 00:00:00+03:00,7.569285030639943,7.7845715322427536,7.569285030639943,7.760107040405273,178397,0.0,0.0
2023-09-21 00:00:00+03:00,7.760107125166045,7.892214635937207,7.657356631623419,7.79925012588501,212501,0.0,0.0
2023-09-22 00:00:00+03:00,7.828607788355862,7.897107807866289,7.725857292468836,7.877536773681641,88045,0.0,0.0
2023-09-25 00:00:00+03:00,7.828607701717155,7.857964719290622,7.667142705198949,7.755214691162109,74652,0.0,0.0
2023-09-26 00:00:00+03:00,7.799250105765358,7.877536573622708,7.755214580036153,7.813929080963135,100171,0.0,0.0
2023-09-27 00:00:00+03:00,7.730749888440834,7.764999896442134,7.608427898011774,7.750321388244629,64826,0.0,0.0
2023-09-28 00:00:00+03:00,7.769893253434488,7.848179722952521,7.745428760873939,7.8090362548828125,63370,0.0,0.0
2023-09-29 00:00:00+03:00,7.828607623711267,7.931357650815956,7.784571631168471,7.882429599761963,92181,0.0,0.0
2023-10-02 00:00:00+03:00,7.8873226117498465,7.9411436546958605,7.8188216602615705,7.867750644683838,103140,0.0,0.0
2023-10-03 00:00:00+03:00,7.867750754706172,7.88242973021095,7.706285757124699,7.725857257843018,121956,0.0,0.0
2023-10-04 00:00:00+03:00,7.72585722457402,7.7650002258421,7.642678230224005,7.6573567390441895,73062,0.0,0.0
2023-10-05 00:00:00+03:00,7.652463938482024,7.8726434293472805,7.618213463638901,7.720963954925537,79720,0.0,0.0
2023-10-06 00:00:00+03:00,7.75032155827148,7.828607559204102,7.647571065392071,7.828607559204102,85307,0.0,0.0
2023-10-09 00:00:00+03:00,7.828607524225943,7.857964541133823,7.735643015189163,7.760107040405273,47420,0.0,0.0
2023-10-10 00:00:00+03:00,7.82860739367425,7.882429368143433,7.7747858858264305,7.833500385284424,57101,0.0,0.0
2023-10-11 00:00:00+03:00,7.848179306993221,8.034108320707693,7.843286315416167,7.946036338806152,80566,0.0,0.0
2023-10-12 00:00:00+03:00,7.946036544895116,7.994965528691966,7.9264655113220215,7.9264655113220215,62708,0.0,0.0
2023-10-13 00:00:00+03:00,7.926465633049478,7.970501625818634,7.828607663952963,7.853071689605713,96811,0.0,0.0
2023-10-16 00:00:00+03:00,7.8530714988218895,7.85796449048212,7.779678490403904,7.789464473724365,38026,0.0,0.0
2023-10-17 00:00:00+03:00,7.7894643578012985,7.818821374083054,7.657356384669319,7.764999866485596,50563,0.0,0.0
2023-10-18 00:00:00+03:00,7.875,7.889999866485596,7.744999885559082,7.800000190734863,79000,0.17,0.0
2023-10-19 00:00:00+03:00,7.78000020980835,7.84499979019165,7.739999771118164,7.78000020980835,135981,0.0,0.0
2023-10-20 00:00:00+03:00,7.78000020980835,7.855000019073486,7.699999809265137,7.775000095367432,53255,0.0,0.0
2023-10-23 00:00:00+03:00,7.775000095367432,7.820000171661377,7.65500020980835,7.769999980926514,69508,0.0,0.0
2023-10-24 00:00:00+03:00,7.769999980926514,7.840000152587891,7.610000133514404,7.800000190734863,59708,0.0,0.0
2023-10-25 00:00:00+03:00,7.829999923706055,7.840000152587891,7.744999885559082,7.78000020980835,64201,0.0,0.0
2023-10-26 00:00:00+03:00,7.699999809265137,7.889999866485596,7.599999904632568,7.699999809265137,67775,0.0,0.0
2023-10-27 00:00:00+03:00,7.699999809265137,7.75,7.585000038146973,7.675000190734863,132575,0.0,0.0
2023-10-30 00:00:00+02:00,7.675000190734863,7.84499979019165,7.675000190734863,7.809999942779541,51122,0.0,0.0
2023-10-31 00:00:00+02:00,7.849999904632568,8.03499984741211,7.784999847412109,7.90500020980835,141750,0.0,0.0
2023-11-01 00:00:00+02:00,7.875,7.875,7.650000095367432,7.800000190734863,71484,0.0,0.0
2023-11-02 00:00:00+02:00,7.800000190734863,7.994999885559082,7.800000190734863,7.994999885559082,56123,0.0,0.0
2023-11-03 00:00:00+02:00,8.0,8.039999961853027,7.985000133514404,8.010000228881836,79278,0.0,0.0
2023-11-06 00:00:00+02:00,8.010000228881836,8.010000228881836,7.829999923706055,7.934999942779541,58978,0.0,0.0
2023-11-07 00:00:00+02:00,7.934999942779541,8.0,7.869999885559082,7.914999961853027,45326,0.0,0.0
2023-11-08 00:00:00+02:00,7.909999847412109,8.140000343322754,7.900000095367432,8.0649995803833,141575,0.0,0.0
2023-11-09 00:00:00+02:00,8.0649995803833,8.170000076293945,8.03499984741211,8.164999961853027,98189,0.0,0.0
2023-11-10 00:00:00+02:00,8.164999961853027,8.164999961853027,8.045000076293945,8.045000076293945,29528,0.0,0.0
2023-11-13 00:00:00+02:00,8.100000381469727,8.170000076293945,8.079999923706055,8.164999961853027,51964,0.0,0.0
