Date,Open,High,Low,Close,Volume,Dividends,Stock Splits
2021-03-25 00:00:00+02:00,8.155009062055997,8.155009062055997,7.867185029813487,7.873900890350342,1895038,0.0,0.0
2021-03-26 00:00:00+02:00,7.9026841352849315,8.158846642985308,7.877739379088941,8.155009269714355,185349,0.0,0.0
2021-03-29 00:00:00+03:00,8.155009014608021,8.212574186708544,7.92475015614067,7.9381818771362305,440450,0.0,0.0
2021-03-30 00:00:00+03:00,7.9631263298098,7.982314109802246,7.867184684945561,7.982314109802246,53218,0.0,0.0
2021-03-31 00:00:00+03:00,8.001504115614507,8.135821342468262,7.982315417511122,8.135821342468262,44362,0.0,0.0
2021-04-01 00:00:00+03:00,8.155009042096218,8.193385518636799,7.9631266593933105,7.9631266593933105,30983,0.0,0.0
2021-04-06 00:00:00+03:00,7.9631266593933105,8.039879612474474,7.9631266593933105,7.9631266593933105,42100,0.0,0.0
2021-04-07 00:00:00+03:00,7.982314625259881,8.059067580120658,7.963126844028384,8.03987979888916,18982,0.0,0.0
2021-04-08 00:00:00+03:00,8.059068265441448,8.250951583878008,7.982315304053814,8.231762886047363,38784,0.0,0.0
2021-04-09 00:00:00+03:00,8.212574518030884,8.442833385787639,8.174198040071426,8.385268211364746,75003,0.0,0.0
2021-04-12 00:00:00+03:00,8.4620214844259,9.210364205133079,8.4620214844259,8.864974975585938,64435,0.0,0.0
2021-04-13 00:00:00+03:00,8.884162790573894,9.459809924378476,8.884162790573894,9.421433448791504,33872,0.0,0.0
2021-04-14 00:00:00+03:00,9.459810132358765,9.64209908163014,9.114421844482422,9.114421844482422,32588,0.0,0.0
2021-04-15 00:00:00+03:00,9.114421173250486,9.133609867536371,8.673091269315455,8.711467742919922,21727,0.0,0.0
2021-04-16 00:00:00+03:00,8.711468733514485,8.826598167419434,8.634715777577853,8.826598167419434,6925,0.0,0.0
2021-04-19 00:00:00+03:00,8.845787082415903,9.13361113177246,8.730657645666767,8.960916519165039,10747,0.0,0.0
2021-04-20 00:00:00+03:00,9.018481167175297,9.05685764773899,8.67309284210205,8.67309284210205,18221,0.0,0.0
2021-04-21 00:00:00+03:00,8.6539043308403,8.80741024017334,8.6539043308403,8.80741024017334,8460,0.0,0.0
2021-04-22 00:00:00+03:00,8.864973637337792,8.864973637337792,8.653903489996871,8.711467742919922,11665,0.0,0.0
2021-04-23 00:00:00+03:00,8.730656670772131,8.845786094665527,8.692280196140999,8.845786094665527,8221,0.0,0.0
2021-04-26 00:00:00+03:00,8.845786863887296,8.845786863887296,8.730657429982347,8.826598167419434,23737,0.0,0.0
2021-04-27 00:00:00+03:00,8.845786531526223,8.864974312305739,8.73065710194701,8.78822135925293,16800,0.0,0.0
2021-04-28 00:00:00+03:00,8.711469322665746,8.788222283793132,8.577151183209082,8.67309284210205,15895,0.0,0.0
2021-04-29 00:00:00+03:00,8.577150748079989,8.807410534748266,8.577150748079989,8.730657577514648,4615,0.0,0.0
2021-04-30 00:00:00+03:00,8.730656771034173,8.749844551086426,8.69228029596233,8.749844551086426,5198,0.0,0.0
2021-05-03 00:00:00+03:00,8.769034385681152,8.86497512834502,8.59633976793175,8.769034385681152,78595,0.0,0.0
2021-05-04 00:00:00+03:00,8.86497512834502,8.86497512834502,8.653904945504037,8.769034385681152,18196,0.0,0.0
2021-05-05 00:00:00+03:00,8.769033907950663,8.826598167419434,8.730657429982347,8.826598167419434,6879,0.0,0.0
2021-05-06 00:00:00+03:00,8.730657577514648,8.749845359339341,8.673092402105723,8.730657577514648,5276,0.0,0.0
2021-05-07 00:00:00+03:00,8.749845471258595,8.749845471258595,8.538774378682623,8.634716033935547,11843,0.0,0.0
2021-05-10 00:00:00+03:00,8.653904796382063,8.864974975585938,8.653904796382063,8.864974975585938,17855,0.0,0.0
2021-05-11 00:00:00+03:00,8.86497524492052,8.86497524492052,8.55796340041097,8.67309284210205,48555,0.0,0.0
2021-05-12 00:00:00+03:00,8.538774378682623,8.711468992150913,8.538774378682623,8.634716033935547,12279,0.0,0.0
2021-05-14 00:00:00+03:00,8.653903588348753,8.711467841926021,8.538773251259585,8.61552619934082,12785,0.0,0.0
2021-05-17 00:00:00+03:00,8.634715703407714,8.634715703407714,8.538774051827335,8.596339225769043,5019,0.0,0.0
2021-05-18 00:00:00+03:00,8.59633841980417,8.634714893844787,8.46202030317835,8.61552619934082,7298,0.0,0.0
2021-05-19 00:00:00+03:00,8.615527416850338,8.653904811281599,7.8671856098221715,8.42364501953125,36176,0.0,0.0
2021-05-20 00:00:00+03:00,8.557963187644962,8.557963187644962,8.34689209230851,8.538774490356445,19927,0.0,0.0
2021-05-21 00:00:00+03:00,8.557963007492067,8.557963007492067,8.404457092285156,8.404457092285156,5035,0.0,0.0
2021-05-24 00:00:00+03:00,8.50039779084637,8.980104231040198,8.404457051788057,8.730657577514648,51327,0.0,0.0
2021-05-25 00:00:00+03:00,8.730657577514648,8.730657577514648,8.653904620281029,8.730657577514648,10424,0.0,0.0
2021-05-26 00:00:00+03:00,8.730658020431326,8.730658020431326,8.55796340041097,8.67309284210205,16623,0.0,0.0
2021-05-27 00:00:00+03:00,8.615526631131482,8.615526631131482,8.404456470813384,8.442832946777344,22173,0.0,0.0
2021-05-28 00:00:00+03:00,8.442832660114142,8.653903728233011,8.423643965300005,8.519585609436035,37543,0.0,0.0
2021-05-31 00:00:00+03:00,8.423643733402761,8.711467742919922,8.27013783898489,8.711467742919922,110389,0.0,0.0
2021-06-01 00:00:00+03:00,8.538773722040615,8.596338893759025,8.481209465289568,8.557962417602539,43587,0.0,0.0
2021-06-02 00:00:00+03:00,8.57714986394379,8.57714986394379,8.500396914621897,8.519585609436035,8648,0.0,0.0
2021-06-03 00:00:00+03:00,8.538774490356445,8.634716146864136,8.500398010746858,8.538774490356445,5356,0.0,0.0
2021-06-04 00:00:00+03:00,8.538773722040615,8.557962417602539,8.538773722040615,8.557962417602539,5232,0.0,0.0
2021-06-07 00:00:00+03:00,8.634715517551289,8.634715517551289,8.538773868035989,8.577150344848633,15695,0.0,0.0
2021-06-08 00:00:00+03:00,8.557962417602539,8.557962417602539,8.500397245884129,8.557962417602539,2893,0.0,0.0
2021-06-09 00:00:00+03:00,8.557962417602539,8.596338893759025,8.500397245884129,8.557962417602539,9353,0.0,0.0
2021-06-10 00:00:00+03:00,8.557962781433343,8.577150562843649,8.27013874053955,8.27013874053955,33556,0.0,0.0
2021-06-11 00:00:00+03:00,8.270138633407754,8.442833238700416,8.270138633407754,8.366080284118652,8790,0.0,0.0
2021-06-14 00:00:00+03:00,8.36608042986872,8.40445690782818,8.346891733405288,8.385268211364746,12508,0.0,0.0
2021-06-15 00:00:00+03:00,8.25095034015183,8.36607976487898,8.25095034015183,8.308514595031738,13739,0.0,0.0
2021-06-16 00:00:00+03:00,8.308514926756976,8.346891403198242,8.308514926756976,8.346891403198242,6758,0.0,0.0
2021-06-17 00:00:00+03:00,8.250950480689667,8.308514736550062,8.078255883173778,8.212574005126953,13213,0.0,0.0
2021-06-18 00:00:00+03:00,8.212574005126953,8.212574005126953,8.059067187908747,8.212574005126953,11976,0.0,0.0
2021-06-21 00:00:00+03:00,8.346891994520815,8.557963087384474,8.15500959872087,8.19338607788086,11541,0.0,0.0
2021-06-22 00:00:00+03:00,8.231761785424634,8.250950480689667,8.212574005126953,8.212574005126953,2995,0.0,0.0
2021-06-23 00:00:00+03:00,8.442833649904506,8.442833649904506,8.05906794333718,8.19338607788086,8252,0.0,0.0
2021-06-24 00:00:00+03:00,8.25095014496284,8.270137924479782,8.135819807991941,8.17419719696045,8990,0.0,0.0
2021-06-28 00:00:00+03:00,8.17419773912234,8.17419773912234,7.867185011782535,8.02069091796875,15295,0.0,0.0
2021-06-29 00:00:00+03:00,8.020691727122289,8.059068207540387,7.943938766286092,8.001503944396973,12785,0.0,0.0
2021-06-30 00:00:00+03:00,8.001503682080914,8.19338607788086,8.001503682080914,8.19338607788086,6673,0.0,0.0
2021-07-01 00:00:00+03:00,8.212574443615642,8.212574443615642,8.020691140589621,8.155009269714355,6696,0.0,0.0
2021-07-02 00:00:00+03:00,8.21257488833881,8.21257488833881,8.001503792560811,8.097444534301758,2665,0.0,0.0
2021-07-05 00:00:00+03:00,8.155008937596671,8.174197633104761,8.09744376603976,8.116632461547852,4856,0.0,0.0
2021-07-06 00:00:00+03:00,8.059067580120658,8.097444057551046,8.001503321458772,8.03987979888916,5248,0.0,0.0
2021-07-07 00:00:00+03:00,8.059067393261078,8.059067393261078,7.9631266593933105,7.9631266593933105,3946,0.0,0.0
2021-07-08 00:00:00+03:00,7.9631266593933105,8.097443869801658,7.943937963639333,7.9631266593933105,6882,0.0,0.0
2021-07-09 00:00:00+03:00,7.9631263298098,8.13582000961116,7.9631263298098,7.982314109802246,6371,0.0,0.0
2021-07-12 00:00:00+03:00,8.001504115614507,8.155010040571646,8.001504115614507,8.135821342468262,7064,0.0,0.0
2021-07-13 00:00:00+03:00,8.135820627583344,8.135820627583344,8.068662020057616,8.107038497924805,4268,0.0,0.0
2021-07-14 00:00:00+03:00,8.087850770955084,8.087850770955084,8.011097814703692,8.059067726135254,5235,0.0,0.0
2021-07-15 00:00:00+03:00,8.00150326829223,8.097444003747018,8.00150326829223,8.087850570678711,25188,0.0,0.0
2021-07-16 00:00:00+03:00,8.030285542190425,8.126227194342102,8.030285542190425,8.107038497924805,11462,0.0,0.0
2021-07-19 00:00:00+03:00,8.030285596282836,8.087850770955084,7.943938291758169,8.059067726135254,27168,0.0,0.0
2021-07-20 00:00:00+03:00,8.049474716186523,8.049474716186523,8.001503887264555,8.049474716186523,25876,0.0,0.0
2021-07-21 00:00:00+03:00,8.049474386592738,8.078256516780423,8.01109790802002,8.01109790802002,31657,0.0,0.0
2021-07-22 00:00:00+03:00,7.972720577327751,8.078255653381348,7.972720577327751,8.078255653381348,21097,0.0,0.0
2021-07-23 00:00:00+03:00,8.087850865165457,8.13582077715579,8.01109790802002,8.01109790802002,36300,0.0,0.0
2021-07-26 00:00:00+03:00,8.059067393261078,8.13582034634224,7.9631266593933105,7.9631266593933105,43000,0.0,0.0
2021-07-27 00:00:00+03:00,7.963127063843034,8.039880020822503,7.790432453155518,7.790432453155518,21672,0.0,0.0
2021-07-28 00:00:00+03:00,7.800026322231405,7.800026322231405,7.73286771774292,7.73286771774292,8062,0.0,0.0
2021-07-29 00:00:00+03:00,7.732867956290391,7.85759082134013,7.694491478974919,7.819214344024658,14384,0.0,0.0
2021-07-30 00:00:00+03:00,7.8192139600481365,7.895966910909989,7.771244051984989,7.828808307647705,7841,0.0,0.0
2021-08-02 00:00:00+03:00,7.77124465213758,7.953532695770264,7.77124465213758,7.953532695770264,10016,0.0,0.0
2021-08-03 00:00:00+03:00,7.943938291758169,8.116632900807502,7.91515616190575,8.059067726135254,19606,0.0,0.0
2021-08-04 00:00:00+03:00,8.155008937596671,8.155008937596671,8.068661637744986,8.116632461547852,7082,0.0,0.0
2021-08-05 00:00:00+03:00,8.135820519899678,8.202980041503906,8.135820519899678,8.202980041503906,26114,0.0,0.0
2021-08-06 00:00:00+03:00,8.279732942383891,8.279732942383891,8.212574336183751,8.250950813293457,9964,0.0,0.0
2021-08-09 00:00:00+03:00,8.260544392350697,8.27013874053955,8.250950959129245,8.27013874053955,177850,0.0,0.0
2021-08-10 00:00:00+03:00,8.270138120122688,8.433238367227986,8.270138120122688,8.308514595031738,10708,0.0,0.0
2021-08-11 00:00:00+03:00,8.442832714697081,8.442832714697081,8.308514595031738,8.308514595031738,6362,0.0,0.0
2021-08-12 00:00:00+03:00,8.490804699052234,8.490804699052234,8.298921383280181,8.327704429626465,8110,0.0,0.0
2021-08-13 00:00:00+03:00,8.433238651189043,8.45242734677335,8.337297003202236,8.394862174987793,6819,0.0,0.0
2021-08-16 00:00:00+03:00,8.394863037483264,8.394863037483264,7.876780098054423,8.049474716186523,45765,0.0,0.0
2021-08-17 00:00:00+03:00,8.15500879640542,8.15500879640542,7.934344291687012,7.934344291687012,9692,0.0,0.0
2021-08-18 00:00:00+03:00,8.049474386592738,8.049474386592738,7.963127081062265,8.01109790802002,25531,0.0,0.0
2021-08-19 00:00:00+03:00,8.011097590992343,8.011097590992343,7.828808638760184,7.867185115814209,10256,0.0,0.0
2021-08-20 00:00:00+03:00,8.039879720041014,8.039879720041014,7.780837813700806,7.867185115814209,6821,0.0,0.0
2021-08-23 00:00:00+03:00,7.86718501055817,8.001503135933891,7.86718501055817,7.9631266593933105,5117,0.0,0.0
2021-08-24 00:00:00+03:00,7.963126279590763,8.049473576430566,7.963126279590763,8.030284881591797,18350,0.0,0.0
2021-08-25 00:00:00+03:00,8.097443625845163,8.21257396696568,7.886373468714687,7.934344291687012,285106,0.0,0.0
2021-08-26 00:00:00+03:00,8.059066958662154,8.135819907604283,8.011097051798815,8.078255653381348,21704,0.0,0.0
2021-08-27 00:00:00+03:00,8.107038497924805,8.155009324000641,8.059067671848966,8.107038497924805,38379,0.0,0.0
2021-08-30 00:00:00+03:00,8.222167473494085,8.500397151273717,8.15500886970956,8.490803718566895,102201,0.0,0.0
2021-08-31 00:00:00+03:00,8.500397245884129,8.5771501981971,8.318109212882664,8.557962417602539,116060,0.0,0.0
2021-09-01 00:00:00+03:00,8.442832989133082,8.557962417602539,8.442832989133082,8.557962417602539,6421,0.0,0.0
2021-09-02 00:00:00+03:00,8.567557057986756,8.567557057986756,8.462021058726581,8.481209754943848,28374,0.0,0.0
2021-09-03 00:00:00+03:00,8.442832714697081,8.442832714697081,8.17419739033373,8.308514595031738,9416,0.0,0.0
2021-09-06 00:00:00+03:00,8.308514645914114,8.346891121058187,8.250950390681675,8.260543823242188,4404,0.0,0.0
2021-09-07 00:00:00+03:00,8.250950801321844,8.260544234359811,7.867185115814209,7.867185115814209,13541,0.0,0.0
2021-09-08 00:00:00+03:00,7.876779793726545,8.250951146900428,7.876779793726545,7.905561923980713,12268,0.0,0.0
2021-09-09 00:00:00+03:00,8.44283312977082,8.44283312977082,7.905561539662978,7.91515588760376,10035,0.0,0.0
2021-09-10 00:00:00+03:00,7.91515550737768,8.318108951859749,7.895966812417898,7.982314109802246,8821,0.0,0.0
2021-09-13 00:00:00+03:00,7.915156108588858,8.107038497924805,7.915156108588858,8.107038497924805,2347,0.0,0.0
2021-09-14 00:00:00+03:00,8.011097833129813,8.059067744671708,7.886374050192577,7.895967483520508,26469,0.0,0.0
2021-09-15 00:00:00+03:00,7.895967055076759,7.895967055076759,7.684896893836561,7.73286771774292,9732,0.0,0.0
2021-09-16 00:00:00+03:00,7.713679260063562,7.780837866623046,7.694491478889734,7.761650085449219,6325,0.0,0.0
2021-09-17 00:00:00+03:00,7.867184834888217,8.039879432948345,7.780837535858154,7.780837535858154,18605,0.0,0.0
2021-09-20 00:00:00+03:00,7.780837773109133,7.867185074772072,7.694491386413574,7.694491386413574,14754,0.0,0.0
2021-09-21 00:00:00+03:00,7.694491334879233,7.857590674190063,7.684896986988192,7.8000264167785645,3390,0.0,0.0
2021-09-22 00:00:00+03:00,7.819214436897986,7.867185262853951,7.771244525909424,7.771244525909424,1323,0.0,0.0
2021-09-23 00:00:00+03:00,7.780837720996481,7.905561498677895,7.7040847678029,7.8000264167785645,6231,0.0,0.0
2021-09-24 00:00:00+03:00,7.8192141884591315,7.8192141884591315,7.579361438751221,7.579361438751221,6982,0.0,0.0
2021-09-27 00:00:00+03:00,7.579361875366481,7.75205602979849,7.579361875366481,7.742461681365967,1008,0.0,0.0
2021-09-28 00:00:00+03:00,7.723273642589866,7.723273642589866,7.608143752647402,7.65611457824707,2834,0.0,0.0
2021-09-29 00:00:00+03:00,7.627332155697275,7.74246159063614,7.627332155697275,7.675302982330322,2639,0.0,0.0
2021-09-30 00:00:00+03:00,7.742461330343824,7.742461330343824,7.627331899275473,7.646520137786865,2200,0.0,0.0
2021-10-01 00:00:00+03:00,7.675302557682603,7.713679033872321,7.627331733703613,7.627331733703613,7562,0.0,0.0
2021-10-04 00:00:00+03:00,7.627332155697275,7.675302982330322,7.61773826486089,7.675302982330322,4051,0.0,0.0
2021-10-05 00:00:00+03:00,7.579361217346685,7.828808307647705,7.540984741915759,7.828808307647705,5341,0.0,0.0
2021-10-06 00:00:00+03:00,7.828808462441477,7.828808462441477,7.627331733703613,7.627331733703613,2019,0.0,0.0
2021-10-07 00:00:00+03:00,7.790432307311368,7.809621003680715,7.550579092498946,7.771244525909424,10935,0.0,0.0
2021-10-08 00:00:00+03:00,7.7712440929970965,7.886373519897461,7.540984781712691,7.886373519897461,6301,0.0,0.0
2021-10-11 00:00:00+03:00,7.886373379905343,7.982314109802246,7.771243955048656,7.982314109802246,3056,0.0,0.0
2021-10-12 00:00:00+03:00,7.99190953848667,8.049474716186523,7.886374446832309,8.049474716186523,6353,0.0,0.0
2021-10-13 00:00:00+03:00,8.049473939520265,8.346891403198242,7.9823144195225195,8.346891403198242,6473,0.0,0.0
2021-10-14 00:00:00+03:00,8.14541478880785,8.346891521727395,7.972721099853516,7.972721099853516,16165,0.0,0.0
2021-10-15 00:00:00+03:00,7.972721229800514,8.155009269714355,7.972721229800514,8.155009269714355,2213,0.0,0.0
2021-10-18 00:00:00+03:00,8.174197887632248,8.174197887632248,7.915155980011171,7.924750328063965,780,0.0,0.0
2021-10-19 00:00:00+03:00,8.155008552105127,8.155008552105127,7.924749706696667,8.126226425170898,624,0.0,0.0
2021-10-20 00:00:00+03:00,8.126227140247412,8.155009269714355,7.867185230142723,8.155009269714355,3164,0.0,0.0
2021-10-21 00:00:00+03:00,8.155009269714355,8.155009269714355,7.924750404044008,8.155009269714355,2613,0.0,0.0
2021-10-22 00:00:00+03:00,8.202980095470862,8.202980095470862,7.982314662977896,8.155009269714355,3753,0.0,0.0
2021-10-25 00:00:00+03:00,8.20298031577276,8.289327621459961,8.068662183040733,8.289327621459961,7613,0.0,0.0
2021-10-26 00:00:00+03:00,8.20298013315238,8.279733088728404,8.20298013315238,8.27013874053955,5623,0.0,0.0
2021-10-27 00:00:00+03:00,8.020691035667829,8.250950813293457,8.020691035667829,8.250950813293457,3079,0.0,0.0
2021-10-28 00:00:00+03:00,8.116632792102632,8.260544354404749,8.087850662635688,8.155009269714355,65398,0.0,0.0
2021-10-29 00:00:00+03:00,8.155008990166609,8.155008990166609,8.059067341942407,8.0686616897583,2197,0.0,0.0
2021-11-01 00:00:00+02:00,8.068661849089686,8.107038326143712,7.867185115814209,7.867185115814209,4138,0.0,0.0
2021-11-02 00:00:00+02:00,7.924750926976391,8.097444630141032,7.90556222942062,8.049474716186523,8662,0.0,0.0
2021-11-03 00:00:00+02:00,8.049474146988606,8.068661928220102,7.867185192968717,8.03987979888916,7698,0.0,0.0
2021-11-04 00:00:00+02:00,8.05906805461189,8.097444534301758,7.867185656162549,8.097444534301758,231624,0.0,0.0
2021-11-05 00:00:00+02:00,8.107038943871297,8.107038943871297,7.991909503936768,7.991909503936768,2163,0.0,0.0
2021-11-08 00:00:00+02:00,7.9919089344987375,8.011097630604324,7.895967283905585,7.924750328063965,6356,0.0,0.0
2021-11-09 00:00:00+02:00,7.915156254104511,8.01109790802002,7.895967557334441,8.01109790802002,7078,0.0,0.0
2021-11-10 00:00:00+02:00,8.107038943871297,8.145415423849473,7.876780064002237,7.991909503936768,248234,0.0,0.0
2021-11-11 00:00:00+02:00,8.145414694219228,8.145414694219228,7.905561487098751,7.9631266593933105,13543,0.0,0.0
2021-11-12 00:00:00+02:00,7.963126712340289,8.059067446845967,7.838402934012265,7.91515588760376,4184,0.0,0.0
2021-11-15 00:00:00+02:00,7.86718477353882,7.934344291687012,7.732867567177125,7.934344291687012,7435,0.0,0.0
2021-11-16 00:00:00+02:00,7.9055616856609205,7.915156033778889,7.847997426887908,7.876779556274414,18604,0.0,0.0
2021-11-17 00:00:00+02:00,7.92475052968224,7.953532659605493,7.838403224945068,7.838403224945068,32789,0.0,0.0
2021-11-18 00:00:00+02:00,7.876779463819561,7.886373811824915,7.819214290754831,7.867185115814209,1587,0.0,0.0
2021-11-19 00:00:00+02:00,7.867185427146757,8.01109790802002,7.79043247000132,8.01109790802002,3894,0.0,0.0
2021-11-22 00:00:00+02:00,7.790431873330148,7.943937775863967,7.790431873330148,7.886373519897461,4080,0.0,0.0
2021-11-23 00:00:00+02:00,7.847997199360671,7.847997199360671,7.684896945953369,7.684896945953369,3630,0.0,0.0
2021-11-24 00:00:00+02:00,7.732868009934214,7.771244487515908,7.569767293986466,7.713679313659668,8864,0.0,0.0
2021-11-25 00:00:00+02:00,7.588955714378189,7.608143953628203,7.560173584245022,7.569767475128174,8452,0.0,0.0
2021-11-26 00:00:00+02:00,7.569767177212689,7.569767177212689,7.3491022057801505,7.4258551597595215,19324,0.0,0.0
2021-11-29 00:00:00+02:00,7.425854868616564,7.483420039327846,7.301131552031916,7.445043563842773,6671,0.0,0.0
2021-11-30 00:00:00+02:00,7.435449298249412,7.54098483573935,7.061278429400678,7.291537284851074,41651,0.0,0.0
2021-12-01 00:00:00+02:00,7.473826189373302,7.723273754119873,7.464232298605044,7.723273754119873,60338,0.0,0.0
2021-12-02 00:00:00+02:00,7.675302777940397,7.675302777940397,7.4738260434207655,7.540985107421875,4087,0.0,0.0
2021-12-03 00:00:00+02:00,7.46423235160907,7.675302982330322,7.46423235160907,7.675302982330322,3872,0.0,0.0
2021-12-07 00:00:00+02:00,7.656114485784407,7.656114485784407,7.4930142296957305,7.646520137786865,9146,0.0,0.0
2021-12-08 00:00:00+02:00,7.540984962199261,7.6273318056993284,7.540984962199261,7.579361438751221,4773,0.0,0.0
2021-12-09 00:00:00+02:00,7.54098530823498,7.675302982330322,7.32991422003002,7.675302982330322,19574,0.0,0.0
2021-12-10 00:00:00+02:00,7.349102577608939,7.857591152191162,7.349102577608939,7.857591152191162,14896,0.0,0.0
2021-12-13 00:00:00+02:00,7.857590632233112,7.857590632233112,7.675302598113558,7.684896945953369,17904,0.0,0.0
2021-12-14 00:00:00+02:00,7.675302344372042,7.8096204647867955,7.445043493633042,7.493013858795166,5869,0.0,0.0
2021-12-15 00:00:00+02:00,7.761650287276325,7.761650287276325,7.598550025704412,7.675302982330322,14213,0.0,0.0
2021-12-16 00:00:00+02:00,7.675302873997494,7.790432307311368,7.675302873997494,7.771244525909424,19387,0.0,0.0
2021-12-17 00:00:00+02:00,7.675302690502974,7.694491386413574,7.617737975222245,7.694491386413574,4493,0.0,0.0
2021-12-20 00:00:00+02:00,7.579361564987099,7.579361564987099,7.35869659239626,7.483420372009277,9084,0.0,0.0
2021-12-21 00:00:00+02:00,7.579361438751221,7.579361438751221,7.445043770819359,7.579361438751221,15348,0.0,0.0
2021-12-22 00:00:00+02:00,7.57936153173884,7.723273549316125,7.531390706718514,7.646520137786865,7438,0.0,0.0
2021-12-23 00:00:00+02:00,7.598549865625125,7.876779556274414,7.598549865625125,7.876779556274414,5850,0.0,0.0
2021-12-27 00:00:00+02:00,7.876779793726545,7.91515627238791,7.8192146182507845,7.905561923980713,7593,0.0,0.0
2021-12-28 00:00:00+02:00,7.847997294616887,7.847997294616887,7.71367916813134,7.752055644989014,20025,0.0,0.0
2021-12-29 00:00:00+02:00,7.7520556846521345,7.867185115814209,7.732867903608814,7.867185115814209,4529,0.0,0.0
2021-12-30 00:00:00+02:00,7.732868102371835,7.752055883908351,7.675302927827469,7.723273754119873,7064,0.0,0.0
2022-01-03 00:00:00+02:00,7.7232736999534595,7.7808379591266945,7.704085003584112,7.771244525909424,2370,0.0,0.0
2022-01-04 00:00:00+02:00,7.771244525909424,7.847997481452007,7.761650177724751,7.771244525909424,2595,0.0,0.0
2022-01-05 00:00:00+02:00,7.790432453155518,7.84799762837383,7.790432453155518,7.790432453155518,2293,0.0,0.0
2022-01-07 00:00:00+02:00,7.886374106863564,7.886374106863564,7.7328681929046255,7.790432453155518,2540,0.0,0.0
2022-01-10 00:00:00+02:00,7.732868048138132,7.771244525909424,7.675302873997494,7.771244525909424,2984,0.0,0.0
2022-01-11 00:00:00+02:00,7.77124437433645,7.77124437433645,7.57936153173884,7.646520137786865,2672,0.0,0.0
2022-01-12 00:00:00+02:00,7.646519960221265,7.73286771774292,7.617737831864395,7.73286771774292,5876,0.0,0.0
2022-01-13 00:00:00+02:00,7.704084873199463,7.704084873199463,7.608143680394952,7.704084873199463,2188,0.0,0.0
2022-01-14 00:00:00+02:00,7.704084779568926,7.704084779568926,7.5985496975084175,7.636926174163818,594,0.0,0.0
2022-01-17 00:00:00+02:00,7.636926412223209,7.665708541870117,7.5985499343715315,7.665708541870117,1087,0.0,0.0
2022-01-18 00:00:00+02:00,7.627331952584791,7.627331952584791,7.502608630130869,7.540985107421875,892,0.0,0.0
2022-01-19 00:00:00+02:00,7.502608940735893,7.531391071153869,7.4354498739544255,7.521797180175781,5194,0.0,0.0
2022-01-20 00:00:00+02:00,7.406667013377661,7.665708465021453,7.406667013377661,7.435449600219727,2347,0.0,0.0
2022-01-21 00:00:00+02:00,7.579361961011264,7.579361961011264,7.090061165032699,7.253161430358887,16398,0.0,0.0
2022-01-24 00:00:00+02:00,7.157220168837946,7.157220168837946,6.7254845529698155,6.802237510681152,10591,0.0,0.0
2022-01-25 00:00:00+02:00,6.821425324604497,7.540984944489419,6.744672371680828,6.754266262054443,13419,0.0,0.0
2022-01-26 00:00:00+02:00,6.754266354525993,7.022902150920367,6.744672464021028,6.763860702514648,18247,0.0,0.0
2022-01-27 00:00:00+02:00,6.811831401653213,6.936555186675993,6.763861031825484,6.802237510681152,4892,0.0,0.0
2022-01-28 00:00:00+02:00,6.802237218920583,7.0804669074322515,6.802237218920583,6.878990173339844,4257,0.0,0.0
2022-01-31 00:00:00+02:00,6.869395954383766,7.138031757383019,6.869395954383766,7.003714084625244,2906,0.0,0.0
2022-02-01 00:00:00+02:00,7.07087254506165,7.186001976457277,7.04209041595459,7.04209041595459,916,0.0,0.0
2022-02-02 00:00:00+02:00,7.051684326077288,7.176408105844072,7.042090435509524,7.0996551513671875,39698,0.0,0.0
2022-02-03 00:00:00+02:00,7.099654848240068,7.099654848240068,6.955742835998535,6.955742835998535,33063,0.0,0.0
2022-02-04 00:00:00+02:00,6.926960427202738,6.946148665492021,6.773454520888475,6.811830997467041,9567,0.0,0.0
2022-02-07 00:00:00+02:00,6.859801654498913,6.9461484959513,6.792642593383789,6.792642593383789,5636,0.0,0.0
2022-02-08 00:00:00+02:00,6.907772356570276,6.907772356570276,6.8022372721596485,6.831019401550293,2083,0.0,0.0
2022-02-09 00:00:00+02:00,6.821425292972714,7.022902022204915,6.821425292972714,6.859801769256592,1940,0.0,0.0
2022-02-10 00:00:00+02:00,6.907772577704415,6.965337753295898,6.850207859596646,6.965337753295898,7355,0.0,0.0
2022-02-11 00:00:00+02:00,7.19559656904305,7.19559656904305,6.850207805633545,6.850207805633545,1352,0.0,0.0
2022-02-14 00:00:00+02:00,6.8502077142232185,6.907772431109365,6.744672628673803,6.7830491065979,2128,0.0,0.0
2022-02-15 00:00:00+02:00,6.907772394653921,7.138031718467025,6.907772394653921,6.946148872375488,12613,0.0,0.0
2022-02-16 00:00:00+02:00,7.099655372952551,7.099655372952551,6.850207805633545,6.850207805633545,167,0.0,0.0
2022-02-17 00:00:00+02:00,6.821425345353526,6.8789900602213745,6.715889806020627,6.811830997467041,2417,0.0,0.0
2022-02-18 00:00:00+02:00,6.715890095691437,6.9077724868605666,6.715890095691437,6.73507833480835,433,0.0,0.0
2022-02-21 00:00:00+02:00,6.715890041488878,6.7830491065979,6.408877760612397,6.7830491065979,5326,0.0,0.0
2022-02-22 00:00:00+02:00,6.428066085351641,6.859802153984449,6.428066085351641,6.850207805633545,2359,0.0,0.0
2022-02-23 00:00:00+02:00,6.907772337042969,7.013307878638961,6.763860775529167,6.773454666137695,622,0.0,0.0
2022-02-24 00:00:00+02:00,6.5144129726686355,6.6199485103398255,6.236183293113055,6.524007320404053,3545,0.0,0.0
2022-02-25 00:00:00+02:00,6.428065774197696,7.272349173893517,6.428065774197696,6.811830997467041,4214,0.0,0.0
2022-02-28 00:00:00+02:00,6.802237065065357,7.0804667472839355,6.437660082336294,7.0804667472839355,5027,0.0,0.0
2022-03-01 00:00:00+02:00,6.859801586263723,6.859801586263723,6.619948387145996,6.619948387145996,3855,0.0,0.0
2022-03-02 00:00:00+02:00,6.677513088732107,6.715889563927283,6.236183166503906,6.236183166503906,57639,0.0,0.0
2022-03-03 00:00:00+02:00,6.706295162018058,6.706295162018058,6.255371353388583,6.284153938293457,4994,0.0,0.0
2022-03-04 00:00:00+02:00,6.236183289644371,6.236183289644371,6.073083038102437,6.140242099761963,44730,0.0,0.0
2022-03-07 00:00:00+02:00,6.092271412886352,6.092271412886352,5.324741419107831,5.881200790405273,7596,0.0,0.0
2022-03-08 00:00:00+02:00,5.881200494527216,6.284153938293457,5.881200494527216,6.284153938293457,7319,0.0,0.0
2022-03-09 00:00:00+02:00,6.140242022252199,6.45684817360939,5.919577059566328,6.351312637329102,37293,0.0,0.0
2022-03-10 00:00:00+02:00,6.399283885264616,6.543195906567966,6.178618907928467,6.178618907928467,1168,0.0,0.0
2022-03-11 00:00:00+02:00,6.907772269744253,6.907772269744253,6.380095481872559,6.380095481872559,208,0.0,0.0
2022-03-14 00:00:00+02:00,6.715889754118742,6.715889754118742,6.476036548614502,6.476036548614502,1910,0.0,0.0
2022-03-15 00:00:00+02:00,6.504819521037203,6.524007760318222,6.437660454811783,6.466442584991455,2558,0.0,0.0
2022-03-16 00:00:00+02:00,6.495225222352088,6.802237510681152,6.485631331380028,6.802237510681152,1262,0.0,0.0
2022-03-17 00:00:00+02:00,6.524007403283438,6.821425324604497,6.476036578964302,6.754266262054443,2245,0.0,0.0
2022-03-18 00:00:00+02:00,6.7542664029610675,6.7542664029610675,6.437660236804095,6.495224952697754,15130,0.0,0.0
2022-03-21 00:00:00+02:00,6.495225118258892,6.504819466560907,6.284154487935355,6.293748378753662,9025,0.0,0.0
2022-03-22 00:00:00+02:00,6.274560174979952,6.476036915620165,6.255371935751537,6.408877849578857,7204,0.0,0.0
2022-03-23 00:00:00+02:00,6.245777825832853,6.360907257165627,6.2169952392578125,6.2169952392578125,5823,0.0,0.0
2022-03-24 00:00:00+02:00,6.236183166503906,6.284153989239712,6.216994928906318,6.236183166503906,2202,0.0,0.0
2022-03-25 00:00:00+02:00,6.159430557449863,6.236183512093624,6.053895016072843,6.111459732055664,7613,0.0,0.0
2022-03-28 00:00:00+03:00,6.140242099761963,6.140242099761963,6.111459514055401,6.140242099761963,2381,0.0,0.0
2022-03-29 00:00:00+03:00,6.1690242279848455,6.3321244795267795,6.130647752031883,6.140242099761963,20635,0.0,0.0
2022-03-30 00:00:00+03:00,6.159430216113553,6.447253780077377,6.159430216113553,6.236183166503906,6390,0.0,0.0
2022-03-31 00:00:00+03:00,6.322530516486958,6.322530516486958,6.169024156958795,6.1882123947143555,1880,0.0,0.0
2022-04-01 00:00:00+03:00,6.284154727737062,6.4088780580367075,6.23618389936385,6.2649664878845215,9070,0.0,0.0
2022-04-04 00:00:00+03:00,6.514413130995018,6.514413130995018,6.236183444677339,6.322530746459961,6747,0.0,0.0
2022-04-05 00:00:00+03:00,6.332124966705439,6.370501445610997,6.332124966705439,6.360907554626465,1855,0.0,0.0
2022-04-06 00:00:00+03:00,6.360906939630065,6.360906939630065,6.236183166503906,6.236183166503906,1337,0.0,0.0
2022-04-07 00:00:00+03:00,6.25537206397173,6.3225311313896375,6.25537206397173,6.312936782836914,2191,0.0,0.0
2022-04-08 00:00:00+03:00,6.332124710083008,6.332124710083008,6.255371755382463,6.332124710083008,1457,0.0,0.0
2022-04-11 00:00:00+03:00,6.322530780054702,6.332124670590587,6.2169952392578125,6.2169952392578125,2059,0.0,0.0
2022-04-12 00:00:00+03:00,6.207400703937809,6.216995051667889,6.101865623808999,6.140242099761963,3805,0.0,0.0
2022-04-13 00:00:00+03:00,6.1786187015918435,6.1786187015918435,6.0443010330200195,6.0443010330200195,1780,0.0,0.0
2022-04-14 00:00:00+03:00,6.0443010330200195,6.1882125920337,6.0443010330200195,6.0443010330200195,4702,0.0,0.0
2022-04-19 00:00:00+03:00,5.996330116413462,6.0443009403382435,5.996330116413462,6.0347065925598145,2567,0.0,0.0
2022-04-20 00:00:00+03:00,5.996330517994718,6.226589390293533,5.996330517994718,6.025113105773926,2269,0.0,0.0
2022-04-21 00:00:00+03:00,6.093358137484701,6.327342866818674,6.093358137484701,6.112856864929199,2794,0.1,0.0
2022-04-22 00:00:00+03:00,6.12260637536758,6.1421051025390625,6.12260637536758,6.1421051025390625,1083,0.0,0.0
2022-04-25 00:00:00+03:00,6.142105188539112,6.142105188539112,6.005613631541295,6.112856864929199,5435,0.0,0.0
2022-04-26 00:00:00+03:00,5.947117629900333,6.0738595945835625,5.947117629900333,6.054360866546631,2508,0.0,0.0
2022-04-27 00:00:00+03:00,6.093358322620494,6.093358322620494,5.849623989715674,6.054360866546631,4909,0.0,0.0
2022-04-28 00:00:00+03:00,5.986115075859541,6.083608715879466,5.986115075859541,6.005613803863525,3812,0.0,0.0
2022-04-29 00:00:00+03:00,6.0933581260315375,6.0933581260315375,6.0153632164001465,6.0153632164001465,4577,0.0,0.0
2022-05-02 00:00:00+03:00,5.956867216296736,6.083608715879466,5.956867216296736,6.005613803863525,6583,0.0,0.0
2022-05-03 00:00:00+03:00,5.947117327972201,5.9958643780328735,5.849623692737179,5.898370742797852,3683,0.0,0.0
2022-05-04 00:00:00+03:00,5.937368197562357,5.947117328643799,5.908119874545386,5.947117328643799,8288,0.0,0.0
2022-05-05 00:00:00+03:00,5.947117315139394,5.947117315139394,5.849623680114746,5.849623680114746,2391,0.0,0.0
2022-05-06 00:00:00+03:00,5.849623680114746,5.908119861129535,5.849623680114746,5.849623680114746,1798,0.0,0.0
2022-05-09 00:00:00+03:00,5.917869751765596,5.917869751765596,5.849623971406766,5.908120155334473,9262,0.0,0.0
2022-05-10 00:00:00+03:00,5.908120155334473,5.917869751765596,5.85937356783789,5.908120155334473,16908,0.0,0.0
2022-05-11 00:00:00+03:00,5.7521302366805145,5.908120057915618,5.7521302366805145,5.8886213302612305,6582,0.0,0.0
2022-05-12 00:00:00+03:00,5.849624069663455,5.878872394561768,5.63513805832579,5.878872394561768,1658,0.0,0.0
2022-05-13 00:00:00+03:00,5.820375357164191,5.878872003065302,5.65463641006545,5.849623680114746,2874,0.0,0.0
2022-05-16 00:00:00+03:00,5.75213020446163,5.75213020446163,5.596139919213923,5.6448869705200195,511626,0.0,0.0
2022-05-17 00:00:00+03:00,5.654636480880763,5.7033830665603995,5.635137753631643,5.674135208129883,14082,0.0,0.0
2022-05-18 00:00:00+03:00,5.849623830295144,5.849623830295144,5.596139907836914,5.596139907836914,24978,0.0,0.0
2022-05-19 00:00:00+03:00,5.635137906289202,5.654636634066549,5.362155252520012,5.420651435852051,47874,0.0,0.0
2022-05-20 00:00:00+03:00,5.440150065631005,5.498646247909299,5.313408104918201,5.401152610778809,142751,0.0,0.0
2022-05-23 00:00:00+03:00,5.53764380370599,5.53764380370599,5.313408201775155,5.3719048500061035,23262,0.0,0.0
2022-05-24 00:00:00+03:00,5.381653981453701,5.3914035777876395,5.313408201775155,5.3719048500061035,17397,0.0,0.0
2022-05-25 00:00:00+03:00,5.518145265068597,5.518145265068597,5.342656709019593,5.362155437469482,27660,0.0,0.0
2022-05-27 00:00:00+03:00,5.323157980569704,5.459649079718929,5.313408383901581,5.362155437469482,39213,0.0,0.0
2022-05-30 00:00:00+03:00,5.362155350436065,5.430401131346154,5.362155350436065,5.391403675079346,9624,0.0,0.0
2022-05-31 00:00:00+03:00,5.391403673053275,5.488897313683659,5.362155348420985,5.440150260925293,32774,0.0,0.0
2022-06-01 00:00:00+03:00,5.430400835829489,5.469398289974098,5.362155058633261,5.381653785705566,30908,0.0,0.0
2022-06-02 00:00:00+03:00,5.449899947937163,5.449899947937163,5.33290711235147,5.362155437469482,22868,0.0,0.0
2022-06-03 00:00:00+03:00,5.362155144230652,5.381653871614219,5.352405548095703,5.352405548095703,38329,0.0,0.0
2022-06-06 00:00:00+03:00,5.352405646492868,5.352405646492868,5.274410735524762,5.323157787322998,32487,0.0,0.0
2022-06-07 00:00:00+03:00,5.323157689633947,5.323157689633947,5.274410638730303,5.303658962249756,12661,0.0,0.0
2022-06-08 00:00:00+03:00,5.284160234865564,5.303658962249756,5.245162780097181,5.303658962249756,15452,0.0,0.0
2022-06-09 00:00:00+03:00,5.293909639826679,5.293909639826679,5.215914726257324,5.215914726257324,17695,0.0,0.0
2022-06-10 00:00:00+03:00,5.2354133572432,5.245162953701152,5.167168041582917,5.196415901184082,21601,0.0,0.0
2022-06-13 00:00:00+03:00,5.167167934336812,5.167167934336812,5.079423427581787,5.079423427581787,19461,0.0,0.0
2022-06-14 00:00:00+03:00,5.079423711703529,5.079423711703529,5.020927525556926,5.040426254272461,15774,0.0,0.0
2022-06-15 00:00:00+03:00,5.04042605110401,5.04042605110401,4.88443622766734,4.903934955596924,19817,0.0,0.0
2022-06-16 00:00:00+03:00,4.884436400324285,4.884436400324285,4.6602007887645325,4.699198246002197,25683,0.0,0.0
2022-06-17 00:00:00+03:00,4.699198144251408,4.699198144251408,4.621202766578536,4.655325889587402,20749,0.0,0.0
2022-06-20 00:00:00+03:00,4.630952260939003,4.630952260939003,4.577330875803002,4.611453533172607,23166,0.0,0.0
2022-06-21 00:00:00+03:00,4.582205322098412,4.782067867741427,4.572456190417925,4.777193069458008,109114,0.0,0.0
2022-06-22 00:00:00+03:00,4.777192961467749,4.796691689274298,4.640701866821911,4.70894718170166,27839,0.0,0.0
2022-06-23 00:00:00+03:00,4.67969914080351,4.830814159217501,4.67969914080351,4.7674431800842285,13332,0.0,0.0
2022-06-27 00:00:00+03:00,4.850313295772625,5.069674109824242,4.786942311289027,4.942932605743408,15539,0.0,0.0
2022-06-28 00:00:00+03:00,4.942932323884467,5.079423416973404,4.87468654489683,4.981929779052734,24708,0.0,0.0
2022-06-29 00:00:00+03:00,5.02092751705632,5.02092751705632,4.933183005541788,4.9916791915893555,6946,0.0,0.0
2022-06-30 00:00:00+03:00,5.001428350775552,5.235413074493408,4.9234334428696,5.235413074493408,12312,0.0,0.0
2022-07-01 00:00:00+03:00,5.16716776167416,5.225663942594062,5.001428349957946,5.186666488647461,13449,0.0,0.0
2022-07-04 00:00:00+03:00,5.264661583936399,5.284160311603758,5.118420893988045,5.128170490264893,16551,0.0,0.0
2022-07-05 00:00:00+03:00,5.128170683606385,5.1964160005719435,5.118421086961959,5.167168140411377,3548,0.0,0.0
2022-07-06 00:00:00+03:00,5.176917174949441,5.264661683556051,5.118420990840483,5.147669315338135,40013,0.0,0.0
2022-07-07 00:00:00+03:00,5.1476694093273165,5.225664322896671,5.1476694093273165,5.215914726257324,4098,0.0,0.0
2022-07-08 00:00:00+03:00,5.362155232731667,5.362155232731667,5.14766922797239,5.225664138793945,22708,0.0,0.0
2022-07-11 00:00:00+03:00,5.1671681377196546,5.235413454649663,5.157418541080308,5.215914726257324,20787,0.0,0.0
2022-07-12 00:00:00+03:00,5.167168140411377,5.206165597216369,5.167168140411377,5.167168140411377,5803,0.0,0.0
2022-07-13 00:00:00+03:00,5.1671681377196546,5.245163051289009,5.1671681377196546,5.215914726257324,6927,0.0,0.0
2022-07-14 00:00:00+03:00,5.215914639322988,5.2451629638671875,5.176917183188286,5.2451629638671875,20047,0.0,0.0
2022-07-15 00:00:00+03:00,5.2451627684021345,5.2451627684021345,5.167167859039272,5.206165313720703,27480,0.0,0.0
2022-07-18 00:00:00+03:00,5.264661397401301,5.264661397401301,5.167167762518861,5.235413074493408,7765,0.0,0.0
2022-07-19 00:00:00+03:00,5.362155431073587,5.362155431073587,5.186666875233904,5.26466178894043,7515,0.0,0.0
2022-07-20 00:00:00+03:00,5.2451629638671875,5.264661691934538,5.167168051597785,5.2451629638671875,22515,0.0,0.0
2022-07-21 00:00:00+03:00,5.254912183042001,5.303659236466026,5.215914726257324,5.215914726257324,9804,0.0,0.0
2022-07-22 00:00:00+03:00,5.2159147354306725,5.26466178894043,5.2159147354306725,5.26466178894043,6574,0.0,0.0
2022-07-25 00:00:00+03:00,5.264661779681348,5.264661779681348,5.215914726257324,5.215914726257324,2907,0.0,0.0
2022-07-26 00:00:00+03:00,5.2159147354306725,5.26466178894043,5.2159147354306725,5.26466178894043,13667,0.0,0.0
2022-07-27 00:00:00+03:00,5.26466178894043,5.352405834417094,5.245163060513798,5.26466178894043,25124,0.0,0.0
2022-07-28 00:00:00+03:00,5.264661507312815,5.362155144230652,5.15741827426003,5.352405548095703,41495,0.0,0.0
2022-07-29 00:00:00+03:00,5.313408374786377,5.352405831619255,5.264661786188458,5.313408374786377,26209,0.0,0.0
2022-08-01 00:00:00+03:00,5.332907105990462,5.342656702646956,5.26466178894043,5.26466178894043,35141,0.0,0.0
2022-08-02 00:00:00+03:00,5.264661594204723,5.264661594204723,5.011177669148329,5.225664138793945,5763,0.0,0.0
2022-08-03 00:00:00+03:00,5.3134082796597415,5.3134082796597415,5.196415911255637,5.2451629638671875,7247,0.0,0.0
2022-08-04 00:00:00+03:00,5.264661779681348,5.293909639826679,5.206165594504332,5.215914726257324,16680,0.0,0.0
2022-08-05 00:00:00+03:00,5.303659243021335,5.352405831619255,5.215914732704182,5.313408374786377,18456,0.0,0.0
2022-08-08 00:00:00+03:00,5.313408377563831,5.313408377563831,5.225664332087167,5.26466178894043,9870,0.0,0.0
2022-08-09 00:00:00+03:00,5.313408089628743,5.917869567871094,5.303658958386913,5.917869567871094,37925,0.0,0.0
2022-08-10 00:00:00+03:00,5.654636838629977,5.654636838629977,5.28416053257162,5.410902500152588,35970,0.0,0.0
2022-08-11 00:00:00+03:00,5.4206513498169455,5.449899673461914,5.4206513498169455,5.449899673461914,23945,0.0,0.0
2022-08-12 00:00:00+03:00,5.469398691672872,5.508396148681641,5.449899963168488,5.508396148681641,43707,0.0,0.0
2022-08-15 00:00:00+03:00,5.6058898060604685,5.72288217739683,5.557142752227138,5.654636859893799,29615,0.0,0.0
2022-08-16 00:00:00+03:00,5.6546365773738945,5.7521302152831675,5.60588952597609,5.742380619049072,26850,0.0,0.0
2022-08-17 00:00:00+03:00,5.7326317429037355,5.7326317429037355,5.284160523669925,5.362155437469482,66134,0.0,0.0
2022-08-18 00:00:00+03:00,5.323158049430278,5.323158049430278,5.089172840118408,5.089172840118408,29846,0.0,0.0
2022-08-19 00:00:00+03:00,5.079423304535905,5.079423304535905,4.913683891296387,4.913683891296387,9621,0.0,0.0
2022-08-22 00:00:00+03:00,4.913684181602553,5.00142869141607,4.90393504989347,4.972180366516113,1276377,0.0,0.0
2022-08-23 00:00:00+03:00,4.981929965613098,5.001428693927409,4.923433780670166,4.923433780670166,5870,0.0,0.0
2022-08-24 00:00:00+03:00,4.942932239172941,5.118420784422639,4.933182643104794,5.108671188354492,19477,0.0,0.0
2022-08-25 00:00:00+03:00,5.118420796446058,5.157418251037598,5.020927159967208,5.157418251037598,38494,0.0,0.0
2022-08-26 00:00:00+03:00,5.118420861025103,5.167167912322733,4.874686534309622,4.884436130523682,507474,0.0,0.0
2022-08-29 00:00:00+03:00,4.835689067840576,4.894185250328205,4.728445834170092,4.835689067840576,35719,0.0,0.0
2022-08-30 00:00:00+03:00,4.825939768681032,4.962431334439411,4.825939768681032,4.942932605743408,22182,0.0,0.0
2022-08-31 00:00:00+03:00,4.952681381988849,5.157418251037598,4.82593942212318,5.157418251037598,21998,0.0,0.0
2022-09-01 00:00:00+03:00,5.147669412008881,5.1964160005719435,4.991679119902557,5.167168140411377,12318,0.0,0.0
2022-09-02 00:00:00+03:00,5.157418426183809,5.157418426183809,5.001428602520227,5.050175189971924,8336,0.0,0.0
2022-09-05 00:00:00+03:00,4.718696607784103,5.001428383220457,4.718696607784103,4.864936828613281,10306,0.0,0.0
2022-09-06 00:00:00+03:00,4.718696816201788,5.001428604125977,4.718696816201788,5.001428604125977,8182,0.0,0.0
2022-09-07 00:00:00+03:00,5.001428693927409,5.001428693927409,4.884436324041545,4.923433780670166,23655,0.0,0.0
2022-09-08 00:00:00+03:00,4.923433499577346,5.06967372114223,4.894185176332574,4.962430953979492,4501,0.0,0.0
2022-09-09 00:00:00+03:00,4.952681640698455,5.04042615055603,4.923433780670166,4.923433780670166,10633,0.0,0.0
2022-09-12 00:00:00+03:00,4.864937034851413,4.952681542977711,4.864937034851413,4.903934955596924,837,0.0,0.0
2022-09-13 00:00:00+03:00,4.9039351398345525,4.9721804577088555,4.894185543060303,4.894185543060303,3151,0.0,0.0
2022-09-14 00:00:00+03:00,4.97218044666585,5.001428772037279,4.699198246002197,4.699198246002197,17697,0.0,0.0
2022-09-15 00:00:00+03:00,5.050175058162567,5.050175058162567,4.777192873876121,4.786942005157471,1763,0.0,0.0
2022-09-16 00:00:00+03:00,4.757694437249399,4.855188080454026,4.708947383203905,4.79669189453125,1945,0.0,0.0
2022-09-19 00:00:00+03:00,4.83568924666447,4.83568924666447,4.660200692712015,4.679699420928955,14439,0.0,0.0
2022-09-20 00:00:00+03:00,4.728445787196352,4.728445787196352,4.445714008871723,4.4944610595703125,22261,0.0,0.0
2022-09-21 00:00:00+03:00,4.5334587017320835,4.5334587017320835,4.406716736581268,4.435965061187744,5573,0.0,0.0
2022-09-22 00:00:00+03:00,4.392092788340317,4.431090244394849,4.289724349975586,4.289724349975586,28142,0.0,0.0
2022-09-23 00:00:00+03:00,4.2945990332916715,4.4505888533359155,4.1971049308776855,4.1971049308776855,17089,0.0,0.0
2022-09-26 00:00:00+03:00,4.172732058509841,4.172732058509841,3.9972430381524875,4.08986234664917,22826,0.0,0.0
2022-09-27 00:00:00+03:00,3.958245666961604,4.143483823073612,3.958245666961604,4.133734226226807,36282,0.0,0.0
2022-09-28 00:00:00+03:00,4.07523775100708,4.109360872666345,4.04598989231209,4.07523775100708,2497,0.0,0.0
2022-09-29 00:00:00+03:00,4.094736568157389,4.094736568157389,3.9484963417053223,3.9484963417053223,8404,0.0,0.0
2022-09-30 00:00:00+03:00,3.948496424132977,4.055739197118416,3.831503822131313,3.8948745727539062,12462,0.0,0.0
2022-10-03 00:00:00+03:00,3.889999969462206,3.9631203159539323,3.7876315308624235,3.909498929977417,20970,0.0,0.0
2022-10-04 00:00:00+03:00,4.006992340087891,4.065488520942696,3.9826188151768083,4.006992340087891,14305,0.0,0.0
2022-10-05 00:00:00+03:00,4.094736617445911,4.094736617445911,3.982619047164917,3.982619047164917,1948,0.0,0.0
2022-10-06 00:00:00+03:00,4.172732046691363,4.172732046691363,3.933872043535529,3.9679951667785645,2619,0.0,0.0
2022-10-07 00:00:00+03:00,3.977744157171234,4.045989936346176,3.977744157171234,3.9874937534332275,14227,0.0,0.0
2022-10-10 00:00:00+03:00,4.006992340087891,4.031365864998973,4.00211754212841,4.006992340087891,7597,0.0,0.0
2022-10-11 00:00:00+03:00,4.036240198072133,4.036240198072133,3.9679948861846874,4.006992340087891,1627,0.0,0.0
2022-10-12 00:00:00+03:00,3.9777441024780273,3.9777441024780273,3.8607517382607517,3.9777441024780273,3131,0.0,0.0
2022-10-13 00:00:00+03:00,3.9923682189373904,3.9923682189373904,3.899749375811854,3.919248104095459,11829,0.0,0.0
2022-10-14 00:00:00+03:00,3.9972429719488085,4.002117770186076,3.9046241298724653,3.9582455158233643,19933,0.0,0.0
2022-10-17 00:00:00+03:00,3.9582455558196754,3.9582455558196754,3.870501278650809,3.8948745727539062,3986,0.0,0.0
2022-10-18 00:00:00+03:00,3.9046239852286235,3.9923680258172873,3.8802504598315326,3.9533705711364746,7915,0.0,0.0
2022-10-19 00:00:00+03:00,3.953370492306245,4.006992340087891,3.880250382459319,4.006992340087891,12666,0.0,0.0
2022-10-20 00:00:00+03:00,4.0167416458201615,4.0167416458201615,3.899749279022217,3.899749279022217,4144,0.0,0.0
2022-10-21 00:00:00+03:00,3.8997491812598204,3.8997491812598204,3.8802504539489746,3.8802504539489746,649,0.0,0.0
2022-10-24 00:00:00+03:00,3.880250647528249,3.919248104095459,3.880250647528249,3.919248104095459,12048,0.0,0.0
2022-10-25 00:00:00+03:00,3.9046240283740774,3.9192479578193917,3.8899998664855957,3.8899998664855957,573,0.0,0.0
2022-10-26 00:00:00+03:00,3.904623967033789,3.9192478962493666,3.8071300983428955,3.8071300983428955,21331,0.0,0.0
2022-10-27 00:00:00+03:00,3.967994959290946,4.065488595845175,3.8510023629827055,3.8802504539489746,17782,0.0,0.0
2022-10-28 00:00:00+03:00,3.899749279022217,4.002117716192004,3.8802505512225594,3.899749279022217,5723,0.0,0.0
2022-10-31 00:00:00+02:00,4.016741612446533,4.036240340084183,3.9582454295335845,3.9874937534332275,2701,0.0,0.0
2022-11-01 00:00:00+02:00,4.080112829478383,4.094736759830862,3.943621728120384,4.011867046356201,5223,0.0,0.0
2022-11-02 00:00:00+02:00,4.016741665945176,4.143483629721133,4.011866867749252,4.045989990234375,12353,0.0,0.0
2022-11-03 00:00:00+02:00,4.045989984954289,4.045989984954289,3.997242932831355,4.021616458892822,11756,0.0,0.0
2022-11-04 00:00:00+02:00,4.02161641057753,4.055739067721833,3.9874937534332275,3.9874937534332275,11018,0.0,0.0
2022-11-07 00:00:00+02:00,4.114235394215135,4.114235394215135,3.9923682260052673,4.016741752624512,10390,0.0,0.0
2022-11-08 00:00:00+02:00,3.997243128224978,4.109361167633756,3.899749484099757,4.084987640380859,14343,0.0,0.0
2022-11-09 00:00:00+02:00,4.080112537389726,4.080112537389726,3.9777441024780273,3.9777441024780273,2812,0.0,0.0
2022-11-10 00:00:00+02:00,3.977744399399934,4.099611570778051,3.9387469417498453,4.084987640380859,8214,0.0,0.0
2022-11-11 00:00:00+02:00,4.08498745846472,4.231228150583219,4.08498745846472,4.216603755950928,20851,0.0,0.0
2022-11-14 00:00:00+02:00,4.226353458370051,4.2897244420403,4.211729528257334,4.284849643707275,4333,0.0,0.0
2022-11-15 00:00:00+02:00,4.279974864575655,4.48958654497253,4.279974864575655,4.455463886260986,54904,0.0,0.0
2022-11-16 00:00:00+02:00,4.450588696558876,4.455463494485122,4.3969673140291246,4.426215171813965,25582,0.0,0.0
2022-11-17 00:00:00+02:00,4.435965148761772,4.435965148761772,4.387218095084073,4.406716823577881,10928,0.0,0.0
2022-11-18 00:00:00+02:00,4.377468507241751,4.455463886260986,4.338471050175313,4.455463886260986,9471,0.0,0.0
2022-11-21 00:00:00+02:00,4.450588893334264,4.484711550554026,4.416466236114502,4.416466236114502,19336,0.0,0.0
2022-11-22 00:00:00+02:00,4.484711647033691,4.523709103234183,4.411591532879356,4.484711647033691,15978,0.0,0.0
2022-11-23 00:00:00+02:00,4.5334586068503295,4.5334586068503295,4.484711555155224,4.489586353302002,4911,0.0,0.0
2022-11-24 00:00:00+02:00,4.465212827454449,4.523709010556773,4.460338029307671,4.489586353302002,83013,0.0,0.0
2022-11-25 00:00:00+02:00,4.4944613460807625,4.601704120635986,4.4944613460807625,4.601704120635986,440614,0.0,0.0
2022-11-28 00:00:00+02:00,4.601704033538514,4.6699498145980645,4.582205305362406,4.63095235824585,260126,0.0,0.0
2022-11-29 00:00:00+02:00,4.621202675346005,4.669949727318384,4.445714125040856,4.660200595855713,15817,0.0,0.0
2022-11-30 00:00:00+02:00,4.674824720073299,4.772318363189697,4.479836968954142,4.772318363189697,12228,0.0,0.0
2022-12-01 00:00:00+02:00,4.777193083470914,5.069674008038713,4.777193083470914,4.972180366516113,10995,0.0,0.0
2022-12-02 00:00:00+02:00,4.962431146604331,5.050175189971924,4.825939586012352,5.050175189971924,13195,0.0,0.0
2022-12-05 00:00:00+02:00,5.050174993941157,5.050174993941157,4.923433499577346,4.962430953979492,4755,0.0,0.0
2022-12-07 00:00:00+02:00,4.9819296687733425,5.04042585023088,4.85031291182914,4.913683891296387,197697,0.0,0.0
2022-12-08 00:00:00+02:00,4.9136841648177425,4.933182893055656,4.786942198828128,4.825939655303955,6948,0.0,0.0
2022-12-09 00:00:00+02:00,4.728446030266438,4.9916790948206335,4.679699441948315,4.972180366516113,13339,0.0,0.0
2022-12-12 00:00:00+02:00,4.699198163498614,4.8746867179870605,4.699198163498614,4.8746867179870605,551,0.0,0.0
2022-12-13 00:00:00+02:00,4.884436007269058,4.884436007269058,4.733320523968745,4.7674431800842285,12327,0.0,0.0
2022-12-14 00:00:00+02:00,4.679699420928955,4.782067860289475,4.679699420928955,4.679699420928955,20554,0.0,0.0
2022-12-15 00:00:00+02:00,4.689448552594249,4.699198149145895,4.650451096160371,4.679699420928955,17922,0.0,0.0
2022-12-16 00:00:00+02:00,4.8600626818214625,4.8600626818214625,4.757694244384766,4.757694244384766,890,0.0,0.0
2022-12-19 00:00:00+02:00,4.757694333796713,4.757694333796713,4.635827166219254,4.679699420928955,2070,0.0,0.0
2022-12-20 00:00:00+02:00,4.674824409504397,4.674824409504397,4.5334585201555795,4.5675811767578125,1672,0.0,0.0
2022-12-21 00:00:00+02:00,4.582205305362406,4.63095235824585,4.582205305362406,4.63095235824585,15536,0.0,0.0
2022-12-22 00:00:00+02:00,4.63095215071984,4.669949605324469,4.54320764541626,4.54320764541626,126412,0.0,0.0
2022-12-23 00:00:00+02:00,4.552957339072602,4.582205198209641,4.543207742769363,4.562706470489502,13096,0.0,0.0
2022-12-27 00:00:00+02:00,4.552957435804308,4.679699401121127,4.4847116548907096,4.582205295562744,19074,0.0,0.0
2022-12-28 00:00:00+02:00,4.591954635989592,4.718696594238281,4.484711404787906,4.718696594238281,9350,0.0,0.0
2022-12-29 00:00:00+02:00,4.728446125201019,4.962431334439411,4.440839528270213,4.942932605743408,18738,0.0,0.0
2022-12-30 00:00:00+02:00,4.913683903814502,5.0111775398254395,4.435964854917747,5.0111775398254395,11377,0.0,0.0
2023-01-02 00:00:00+02:00,5.011177514328784,5.011177514328784,4.72844573889243,4.864936828613281,12435,0.0,0.0
2023-01-03 00:00:00+02:00,4.738195516534269,4.8600626818214625,4.738195516534269,4.757694244384766,2168,0.0,0.0
2023-01-04 00:00:00+02:00,4.786941900767851,4.811315425769207,4.733320517673927,4.743069648742676,2659,0.0,0.0
2023-01-05 00:00:00+02:00,4.801566684177909,4.801566684177909,4.728446103242692,4.7479448318481445,845,0.0,0.0
2023-01-09 00:00:00+02:00,4.699198247073989,4.806441022058846,4.679699518450709,4.772318363189697,13490,0.0,0.0
2023-01-10 00:00:00+02:00,4.777193059737197,4.777193059737197,4.6845737520861075,4.728446006774902,4781,0.0,0.0
2023-01-11 00:00:00+02:00,4.777192874212332,4.777192874212332,4.728445823143155,4.738195419311523,603660,0.0,0.0
2023-01-12 00:00:00+02:00,4.777192775379294,4.777192775379294,4.718696594238281,4.718696594238281,15222,0.0,0.0
2023-01-13 00:00:00+02:00,4.718696979967548,4.79669189453125,4.708947383203905,4.79669189453125,18361,0.0,0.0
2023-01-16 00:00:00+02:00,4.7918168032413115,4.7918168032413115,4.679699236630962,4.786942005157471,75,0.0,0.0
2023-01-17 00:00:00+02:00,4.786942005157471,4.786942005157471,4.786942005157471,4.786942005157471,5,0.0,0.0
2023-01-18 00:00:00+02:00,4.645576295670812,4.772318261463697,4.645576295670812,4.728446006774902,1051,0.0,0.0
2023-01-19 00:00:00+02:00,4.699197880681124,4.874686424607933,4.699197880681124,4.864936828613281,4235,0.0,0.0
2023-01-20 00:00:00+02:00,4.86006258175609,4.86006258175609,4.728445822810375,4.786942005157471,1044,0.0,0.0
2023-01-23 00:00:00+02:00,4.786942289059049,4.786942289059049,4.728446103242692,4.7479448318481445,924,0.0,0.0
2023-01-24 00:00:00+02:00,4.704072489865777,4.777193069458008,4.704072489865777,4.777193069458008,10032,0.0,0.0
2023-01-25 00:00:00+02:00,4.777193054801241,4.777193054801241,4.699198142051237,4.70407247543335,1325,0.0,0.0
2023-01-26 00:00:00+02:00,4.7284460163965205,4.777193069458008,4.7284460163965205,4.777193069458008,596,0.0,0.0
2023-01-27 00:00:00+02:00,4.77231826887128,4.825939655303955,4.728446014114387,4.825939655303955,112767,0.0,0.0
2023-01-30 00:00:00+02:00,4.825939662468373,4.874686715578701,4.7966918025112575,4.8015666007995605,17248,0.0,0.0
2023-01-31 00:00:00+02:00,4.796691899749612,4.913684271722441,4.704072589939685,4.894185543060303,7898,0.0,0.0
2023-02-01 00:00:00+02:00,4.923433662187492,4.923433662187492,4.762569041244055,4.806440830230713,203690,0.0,0.0
2023-02-02 00:00:00+02:00,4.806440929385818,4.87468671069463,4.7625691394941025,4.777193069458008,2891,0.0,0.0
2023-02-03 00:00:00+02:00,4.777193062013652,4.777193062013652,4.679699420928955,4.679699420928955,9644,0.0,0.0
2023-02-06 00:00:00+02:00,4.689448552594249,4.728446009028128,4.679699420928955,4.679699420928955,314,0.0,0.0
2023-02-07 00:00:00+02:00,4.821065309444705,4.821065309444705,4.699198142051237,4.70407247543335,8565,0.0,0.0
2023-02-08 00:00:00+02:00,4.777192962725812,4.777192962725812,4.533458632636601,4.660200595855713,3006,0.0,0.0
2023-02-09 00:00:00+02:00,4.660200798219472,4.821065425872803,4.660200798219472,4.821065425872803,118,0.0,0.0
2023-02-10 00:00:00+02:00,4.796691515666508,4.816190242767334,4.7284457383704535,4.816190242767334,1574,0.0,0.0
2023-02-13 00:00:00+02:00,4.816190223746743,4.816190223746743,4.6796991345800025,4.743069648742676,1310,0.0,0.0
2023-02-14 00:00:00+02:00,4.772318266344042,4.777193064622527,4.728446011610382,4.752819538116455,1438,0.0,0.0
2023-02-15 00:00:00+02:00,4.728446009028128,4.728446009028128,4.679699420928955,4.679699420928955,1953,0.0,0.0
2023-02-16 00:00:00+02:00,4.786941906459635,4.786941906459635,4.669949544177609,4.718696594238281,1563,0.0,0.0
2023-02-17 00:00:00+02:00,4.7381953084783905,4.7381953084783905,4.669949531555176,4.669949531555176,3195,0.0,0.0
2023-02-20 00:00:00+02:00,4.71869695679333,4.71869695679333,4.601704120635986,4.601704120635986,3355,0.0,0.0
2023-02-21 00:00:00+02:00,4.786942293435566,4.786942293435566,4.533458821332932,4.772318363189697,1858,0.0,0.0
2023-02-22 00:00:00+02:00,4.616328239440918,4.679699219641793,4.616328239440918,4.616328239440918,2238,0.0,0.0
2023-02-23 00:00:00+02:00,4.679699401121127,4.78694217341719,4.582205295562744,4.582205295562744,2281,0.0,0.0
2023-02-24 00:00:00+02:00,4.6309523483419355,4.640701944852314,4.582205295562744,4.582205295562744,1074,0.0,0.0
2023-02-27 00:00:00+02:00,4.587079825607816,4.679699127495487,4.543207573649058,4.669949531555176,6738,0.0,0.0
2023-02-28 00:00:00+02:00,4.762568950653076,4.762568950653076,4.557832079731033,4.762568950653076,7575,0.0,0.0
2023-03-01 00:00:00+02:00,4.762569216811005,4.762569216811005,4.582205396487236,4.626077651977539,3893,0.0,0.0
2023-03-02 00:00:00+02:00,4.630952445896912,4.743070018810017,4.601704120635986,4.601704120635986,1065,0.0,0.0
2023-03-03 00:00:00+02:00,4.630952453497207,4.630952453497207,4.5529575391885455,4.577331066131592,5589,0.0,0.0
2023-03-06 00:00:00+02:00,4.543207547223906,4.582205000985684,4.411591256999488,4.523708820343018,4285,0.0,0.0
2023-03-07 00:00:00+02:00,4.528583727979874,4.64557609209909,4.523708929919991,4.591954708099365,3268,0.0,0.0
2023-03-08 00:00:00+02:00,4.5919549874227625,4.5919549874227625,4.387218105317057,4.528584003448486,3530,0.0,0.0
2023-03-09 00:00:00+02:00,4.450588806918848,4.660200474081922,4.450588806918848,4.4944610595703125,2197,0.0,0.0
2023-03-10 00:00:00+02:00,4.435965059226251,4.484711647033691,4.338470953838673,4.484711647033691,918,0.0,0.0
2023-03-13 00:00:00+02:00,4.348220440949098,4.552957313294539,4.240977206652358,4.2945990562438965,5487,0.0,0.0
2023-03-14 00:00:00+02:00,4.284849356542408,4.367719063104581,4.284849356542408,4.299473285675049,3403,0.0,0.0
2023-03-15 00:00:00+02:00,4.387217988312882,4.387217988312882,4.318972207802263,4.338470935821533,6793,0.0,0.0
2023-03-16 00:00:00+02:00,4.372594068677801,4.387217998504639,4.289724358181805,4.387217998504639,1048,0.0,0.0
2023-03-17 00:00:00+02:00,4.387218099542195,4.484711742110305,4.387218099542195,4.431090354919434,8930,0.0,0.0
2023-03-20 00:00:00+02:00,4.387218178640584,4.387218178640584,4.148358633820657,4.279974937438965,9373,0.0,0.0
2023-03-21 00:00:00+02:00,4.250726983395169,4.284849641939551,4.211729526519775,4.211729526519775,45620,0.0,0.0
2023-03-22 00:00:00+02:00,4.240977183986712,4.240977183986712,4.192230597666053,4.1971049308776855,103054,0.0,0.0
2023-03-23 00:00:00+02:00,4.197105219322501,4.3384711196745105,4.143483831218762,4.182481288909912,1055,0.0,0.0
2023-03-24 00:00:00+02:00,4.192230786895508,4.192230786895508,4.0459900915598315,4.08986234664917,1657,0.0,0.0
2023-03-27 00:00:00+03:00,4.065488521854987,4.094736379845792,3.9972427450659063,4.055738925933838,7461,0.0,0.0
2023-03-28 00:00:00+03:00,4.055739214000159,4.055739214000159,3.9582455722956076,4.0411152839660645,1696,0.0,0.0
2023-03-29 00:00:00+03:00,4.075237848189896,4.255601197397927,4.0459899887974276,4.094736576080322,4685,0.0,0.0
2023-03-30 00:00:00+03:00,4.08498762789133,4.08498762789133,3.9289977977679036,4.011867046356201,7747,0.0,0.0
2023-03-31 00:00:00+03:00,4.070363709983668,4.094736772350199,4.01186705862217,4.084987640380859,12360,0.0,0.0
2023-04-03 00:00:00+03:00,4.045990182730771,4.094736772350199,4.036240585875066,4.084987640380859,13720,0.0,0.0
2023-04-04 00:00:00+03:00,4.055739218682729,4.075237947046151,4.055739218682729,4.065488815307617,1849,0.0,0.0
2023-04-05 00:00:00+03:00,4.045989979609812,4.045989979609812,3.948496340379068,3.9972429275512695,7793,0.0,0.0
2023-04-06 00:00:00+03:00,3.997243024306387,4.084987534181125,3.9777442959882623,4.016741752624512,9976,0.0,0.0
2023-04-11 00:00:00+03:00,4.016741557217119,4.045989880714604,3.9777441024780273,3.9777441024780273,4365,0.0,0.0
2023-04-12 00:00:00+03:00,4.094736568157389,4.094736568157389,3.9484963417053223,3.9484963417053223,7831,0.0,0.0
2023-04-13 00:00:00+03:00,3.987493842265566,3.987493842265566,3.8705012413901687,3.909498929977417,10892,0.0,0.0
2023-04-14 00:00:00+03:00,3.9777442438860864,4.094736612262419,3.9484963842351766,3.9582455158233643,3402,0.0,0.0
2023-04-17 00:00:00+03:00,3.9582454731885,4.221478531643099,3.9484963417053223,3.9484963417053223,6043,0.0,0.0
2023-04-18 00:00:00+03:00,4.045989980968814,4.045989980968814,3.9484963417053223,3.9484963417053223,3928,0.0,0.0
2023-04-19 00:00:00+03:00,3.9484963842351766,3.987493840360621,3.9094989281097328,3.9582455158233643,11867,0.0,0.0
2023-04-20 00:00:00+03:00,4.114235396813688,4.114235396813688,3.8997493851788474,3.9679951667785645,12563,0.0,0.0
2023-04-21 00:00:00+03:00,3.8997492302635277,3.9972428680428487,3.8607517751517992,3.8899998664855957,5050,0.0,0.0
2023-04-24 00:00:00+03:00,3.9094988318195814,4.075237783827429,3.9094988318195814,3.938746690750122,2435,0.0,0.0
2023-04-25 00:00:00+03:00,3.938746685375256,3.9874937367080845,3.841253047595935,3.8899998664855957,23212,0.0,0.0
2023-04-26 00:00:00+03:00,3.9600000381469727,4.099999904632568,3.9000000953674316,4.0,10852,0.1,0.0
2023-04-27 00:00:00+03:00,4.0,4.119999885559082,3.9100000858306885,4.119999885559082,6758,0.0,0.0
2023-04-28 00:00:00+03:00,4.139999866485596,4.150000095367432,3.990000009536743,4.150000095367432,9316,0.0,0.0
2023-05-02 00:00:00+03:00,4.139999866485596,4.150000095367432,3.990000009536743,4.099999904632568,5424,0.0,0.0
2023-05-03 00:00:00+03:00,4.099999904632568,4.199999809265137,4.019999980926514,4.079999923706055,3174,0.0,0.0
2023-05-04 00:00:00+03:00,4.159999847412109,4.199999809265137,4.059999942779541,4.119999885559082,10165,0.0,0.0
2023-05-05 00:00:00+03:00,4.099999904632568,4.159999847412109,4.059999942779541,4.159999847412109,2371,0.0,0.0
2023-05-08 00:00:00+03:00,4.159999847412109,4.210000038146973,4.159999847412109,4.199999809265137,6494,0.0,0.0
2023-05-09 00:00:00+03:00,4.25,4.25,4.010000228881836,4.050000190734863,5288,0.0,0.0
2023-05-10 00:00:00+03:00,4.380000114440918,4.53000020980835,4.239999771118164,4.400000095367432,126740,0.0,0.0
2023-05-11 00:00:00+03:00,4.389999866485596,4.389999866485596,4.260000228881836,4.340000152587891,4751,0.0,0.0
2023-05-12 00:00:00+03:00,4.329999923706055,4.420000076293945,4.239999771118164,4.420000076293945,7191,0.0,0.0
2023-05-15 00:00:00+03:00,4.420000076293945,4.420000076293945,4.21999979019165,4.300000190734863,2758,0.0,0.0
2023-05-16 00:00:00+03:00,4.300000190734863,4.360000133514404,4.210000038146973,4.21999979019165,13403,0.0,0.0
2023-05-17 00:00:00+03:00,4.21999979019165,4.300000190734863,4.21999979019165,4.28000020980835,15108,0.0,0.0
2023-05-19 00:00:00+03:00,4.21999979019165,4.28000020980835,4.199999809265137,4.210000038146973,821,0.0,0.0
2023-05-22 00:00:00+03:00,4.309999942779541,4.309999942779541,4.130000114440918,4.130000114440918,2493,0.0,0.0
2023-05-23 00:00:00+03:00,4.21999979019165,4.230000019073486,4.139999866485596,4.21999979019165,1467,0.0,0.0
2023-05-24 00:00:00+03:00,4.159999847412109,4.159999847412109,4.119999885559082,4.119999885559082,182,0.0,0.0
2023-05-25 00:00:00+03:00,4.119999885559082,4.119999885559082,4.110000133514404,4.119999885559082,1252,0.0,0.0
2023-05-26 00:00:00+03:00,4.079999923706055,4.139999866485596,4.079999923706055,4.139999866485596,2151,0.0,0.0
2023-05-29 00:00:00+03:00,4.139999866485596,4.190000057220459,4.099999904632568,4.099999904632568,799,0.0,0.0
2023-05-30 00:00:00+03:00,4.019999980926514,4.179999828338623,4.019999980926514,4.179999828338623,10297,0.0,0.0
2023-05-31 00:00:00+03:00,4.179999828338623,4.179999828338623,4.010000228881836,4.170000076293945,11130,0.0,0.0
2023-06-01 00:00:00+03:00,4.090000152587891,4.210000038146973,4.090000152587891,4.139999866485596,1313,0.0,0.0
2023-06-02 00:00:00+03:00,4.139999866485596,4.289999961853027,4.090000152587891,4.199999809265137,3935,0.0,0.0
2023-06-05 00:00:00+03:00,4.199999809265137,4.199999809265137,4.110000133514404,4.110000133514404,2098,0.0,0.0
2023-06-06 00:00:00+03:00,4.119999885559082,4.300000190734863,4.119999885559082,4.199999809265137,1682,0.0,0.0
2023-06-07 00:00:00+03:00,4.25,4.25,4.099999904632568,4.099999904632568,4361,0.0,0.0
2023-06-08 00:00:00+03:00,4.110000133514404,4.25,4.110000133514404,4.110000133514404,1837,0.0,0.0
2023-06-09 00:00:00+03:00,4.119999885559082,4.269999980926514,4.119999885559082,4.179999828338623,7203,0.0,0.0
2023-06-12 00:00:00+03:00,4.179999828338623,4.199999809265137,4.099999904632568,4.190000057220459,5237,0.0,0.0
2023-06-13 00:00:00+03:00,4.190000057220459,4.190000057220459,4.090000152587891,4.139999866485596,10203,0.0,0.0
2023-06-14 00:00:00+03:00,4.139999866485596,4.139999866485596,4.050000190734863,4.090000152587891,35263,0.0,0.0
2023-06-15 00:00:00+03:00,4.090000152587891,4.090000152587891,4.019999980926514,4.050000190734863,10240,0.0,0.0
2023-06-16 00:00:00+03:00,4.050000190734863,4.059999942779541,4.039999961853027,4.039999961853027,4943,0.0,0.0
2023-06-19 00:00:00+03:00,4.059999942779541,4.059999942779541,4.03000020980835,4.03000020980835,776,0.0,0.0
2023-06-20 00:00:00+03:00,4.03000020980835,4.139999866485596,4.03000020980835,4.130000114440918,2573,0.0,0.0
2023-06-21 00:00:00+03:00,4.119999885559082,4.150000095367432,4.070000171661377,4.150000095367432,2092,0.0,0.0
2023-06-22 00:00:00+03:00,4.050000190734863,4.190000057220459,4.050000190734863,4.190000057220459,1988,0.0,0.0
2023-06-26 00:00:00+03:00,4.190000057220459,4.190000057220459,4.070000171661377,4.179999828338623,1519,0.0,0.0
2023-06-27 00:00:00+03:00,4.179999828338623,4.179999828338623,4.0,4.170000076293945,4229,0.0,0.0
2023-06-28 00:00:00+03:00,4.170000076293945,4.170000076293945,4.0,4.050000190734863,6526,0.0,0.0
2023-06-29 00:00:00+03:00,4.079999923706055,4.099999904632568,4.0,4.090000152587891,9991,0.0,0.0
2023-06-30 00:00:00+03:00,4.010000228881836,4.010000228881836,3.9200000762939453,4.0,30168,0.0,0.0
2023-07-03 00:00:00+03:00,4.050000190734863,4.050000190734863,3.990000009536743,3.990000009536743,22253,0.0,0.0
2023-07-04 00:00:00+03:00,4.03000020980835,4.03000020980835,3.9000000953674316,3.950000047683716,21015,0.0,0.0
2023-07-05 00:00:00+03:00,4.0,4.0,3.819999933242798,3.9000000953674316,21492,0.0,0.0
2023-07-06 00:00:00+03:00,3.9000000953674316,3.990000009536743,3.8499999046325684,3.8499999046325684,16861,0.0,0.0
2023-07-07 00:00:00+03:00,3.819999933242798,3.819999933242798,3.75,3.799999952316284,16310,0.0,0.0
2023-07-10 00:00:00+03:00,3.799999952316284,3.880000114440918,3.799999952316284,3.880000114440918,5961,0.0,0.0
2023-07-11 00:00:00+03:00,3.880000114440918,3.930000066757202,3.880000114440918,3.930000066757202,3029,0.0,0.0
2023-07-12 00:00:00+03:00,3.930000066757202,3.940000057220459,3.9200000762939453,3.930000066757202,712,0.0,0.0
2023-07-13 00:00:00+03:00,3.880000114440918,4.059999942779541,3.799999952316284,3.9100000858306885,7336,0.0,0.0
2023-07-14 00:00:00+03:00,4.059999942779541,4.079999923706055,3.9000000953674316,3.990000009536743,4708,0.0,0.0
2023-07-17 00:00:00+03:00,3.990000009536743,3.990000009536743,3.859999895095825,3.950000047683716,2451,0.0,0.0
2023-07-18 00:00:00+03:00,3.8299999237060547,3.890000104904175,3.75,3.8299999237060547,35561,0.0,0.0
2023-07-19 00:00:00+03:00,3.8299999237060547,3.880000114440918,3.7699999809265137,3.819999933242798,5032,0.0,0.0
2023-07-20 00:00:00+03:00,3.8399999141693115,3.869999885559082,3.8399999141693115,3.8499999046325684,2835,0.0,0.0
2023-07-21 00:00:00+03:00,3.7699999809265137,3.890000104904175,3.7699999809265137,3.8399999141693115,1096,0.0,0.0
2023-07-24 00:00:00+03:00,3.809999942779541,3.8299999237060547,3.740000009536743,3.7799999713897705,5865,0.0,0.0
2023-07-25 00:00:00+03:00,3.7799999713897705,3.869999885559082,3.7799999713897705,3.819999933242798,2368,0.0,0.0
2023-07-26 00:00:00+03:00,3.880000114440918,3.9000000953674316,3.8399999141693115,3.8399999141693115,8610,0.0,0.0
2023-07-27 00:00:00+03:00,3.809999942779541,3.990000009536743,3.799999952316284,3.950000047683716,6930,0.0,0.0
2023-07-28 00:00:00+03:00,3.7699999809265137,4.0,3.7699999809265137,4.0,2411,0.0,0.0
2023-07-31 00:00:00+03:00,4.0,4.050000190734863,4.0,4.050000190734863,3465,0.0,0.0
2023-08-01 00:00:00+03:00,4.050000190734863,4.090000152587891,3.990000009536743,3.990000009536743,312,0.0,0.0
2023-08-02 00:00:00+03:00,3.9600000381469727,3.9600000381469727,3.7699999809265137,3.8499999046325684,673,0.0,0.0
2023-08-03 00:00:00+03:00,3.8499999046325684,3.9100000858306885,3.809999942779541,3.809999942779541,2338,0.0,0.0
2023-08-04 00:00:00+03:00,3.799999952316284,3.990000009536743,3.799999952316284,3.8499999046325684,4254,0.0,0.0
2023-08-07 00:00:00+03:00,3.990000009536743,3.990000009536743,3.799999952316284,3.799999952316284,6029,0.0,0.0
2023-08-08 00:00:00+03:00,3.8399999141693115,3.8399999141693115,3.75,3.799999952316284,8758,0.0,0.0
2023-08-09 00:00:00+03:00,3.740000009536743,3.8399999141693115,3.740000009536743,3.740000009536743,588,0.0,0.0
2023-08-10 00:00:00+03:00,3.740000009536743,4.03000020980835,3.740000009536743,4.03000020980835,15668,0.0,0.0
2023-08-11 00:00:00+03:00,4.03000020980835,4.03000020980835,3.859999895095825,3.9000000953674316,6002,0.0,0.0
2023-08-14 00:00:00+03:00,3.9000000953674316,3.990000009536743,3.8499999046325684,3.990000009536743,427,0.0,0.0
2023-08-15 00:00:00+03:00,3.990000009536743,3.990000009536743,3.950000047683716,3.950000047683716,350,0.0,0.0
2023-08-16 00:00:00+03:00,4.019999980926514,4.170000076293945,3.940000057220459,4.0,898764,0.0,0.0
2023-08-17 00:00:00+03:00,4.039999961853027,4.159999847412109,4.0,4.099999904632568,15551,0.0,0.0
2023-08-18 00:00:00+03:00,4.099999904632568,4.139999866485596,4.099999904632568,4.099999904632568,4038,0.0,0.0
2023-08-21 00:00:00+03:00,4.099999904632568,4.110000133514404,4.050000190734863,4.110000133514404,5791,0.0,0.0
2023-08-22 00:00:00+03:00,4.099999904632568,4.099999904632568,3.950000047683716,3.950000047683716,3792,0.0,0.0
2023-08-23 00:00:00+03:00,4.079999923706055,4.289999961853027,4.079999923706055,4.139999866485596,1027,0.0,0.0
2023-08-24 00:00:00+03:00,4.199999809265137,4.199999809265137,3.940000057220459,3.940000057220459,5049,0.0,0.0
2023-08-25 00:00:00+03:00,3.950000047683716,4.059999942779541,3.950000047683716,3.9700000286102295,1118,0.0,0.0
2023-08-28 00:00:00+03:00,3.9800000190734863,4.0,3.9800000190734863,3.990000009536743,4784,0.0,0.0
2023-08-29 00:00:00+03:00,3.990000009536743,4.0,3.8399999141693115,3.940000057220459,26467,0.0,0.0
2023-08-30 00:00:00+03:00,3.9200000762939453,3.9200000762939453,3.9000000953674316,3.9000000953674316,21492,0.0,0.0
2023-08-31 00:00:00+03:00,3.9700000286102295,4.0,3.9000000953674316,4.0,13113,0.0,0.0
2023-09-01 00:00:00+03:00,3.8399999141693115,3.950000047683716,3.8399999141693115,3.890000104904175,1069,0.0,0.0
2023-09-04 00:00:00+03:00,3.990000009536743,3.990000009536743,3.9200000762939453,3.990000009536743,8425,0.0,0.0
2023-09-05 00:00:00+03:00,3.9600000381469727,4.050000190734863,3.9600000381469727,3.9600000381469727,22745,0.0,0.0
2023-09-06 00:00:00+03:00,3.9600000381469727,4.0,3.9000000953674316,3.9100000858306885,2313,0.0,0.0
2023-09-07 00:00:00+03:00,3.9100000858306885,3.950000047683716,3.869999885559082,3.9000000953674316,1018,0.0,0.0
2023-09-08 00:00:00+03:00,3.950000047683716,3.950000047683716,3.9100000858306885,3.9100000858306885,703,0.0,0.0
2023-09-11 00:00:00+03:00,3.9000000953674316,4.0,3.890000104904175,3.890000104904175,10625,0.0,0.0
2023-09-12 00:00:00+03:00,3.890000104904175,3.950000047683716,3.890000104904175,3.9000000953674316,5129,0.0,0.0
2023-09-13 00:00:00+03:00,4.099999904632568,4.099999904632568,3.8299999237060547,3.8299999237060547,1716,0.0,0.0
2023-09-14 00:00:00+03:00,3.9000000953674316,4.079999923706055,3.819999933242798,3.8499999046325684,8869,0.0,0.0
2023-09-15 00:00:00+03:00,3.8499999046325684,3.940000057220459,3.8499999046325684,3.8499999046325684,2273,0.0,0.0
2023-09-18 00:00:00+03:00,3.8499999046325684,3.9000000953674316,3.7699999809265137,3.7699999809265137,1799,0.0,0.0
2023-09-19 00:00:00+03:00,3.8499999046325684,3.8499999046325684,3.6700000762939453,3.680000066757202,21588,0.0,0.0
2023-09-20 00:00:00+03:00,3.6600000858306885,3.9700000286102295,3.6600000858306885,3.700000047683716,1279,0.0,0.0
2023-09-21 00:00:00+03:00,3.700000047683716,3.700000047683716,3.5899999141693115,3.6700000762939453,2480,0.0,0.0
2023-09-22 00:00:00+03:00,3.630000114440918,3.6600000858306885,3.5,3.5399999618530273,21422,0.0,0.0
2023-09-25 00:00:00+03:00,3.5399999618530273,3.5399999618530273,3.4700000286102295,3.5,15683,0.0,0.0
2023-09-26 00:00:00+03:00,3.4700000286102295,3.5299999713897705,3.4600000381469727,3.509999990463257,6524,0.0,0.0
2023-09-27 00:00:00+03:00,3.5299999713897705,3.5999999046325684,3.509999990463257,3.569999933242798,7814,0.0,0.0
2023-09-28 00:00:00+03:00,3.569999933242798,3.5999999046325684,3.380000114440918,3.5299999713897705,39854,0.0,0.0
2023-09-29 00:00:00+03:00,3.5,3.6500000953674316,3.5,3.630000114440918,46234,0.0,0.0
2023-10-02 00:00:00+03:00,3.630000114440918,3.7200000286102295,3.609999895095825,3.680000066757202,3553,0.0,0.0
2023-10-03 00:00:00+03:00,3.680000066757202,3.680000066757202,3.6700000762939453,3.6700000762939453,214,0.0,0.0
2023-10-04 00:00:00+03:00,3.5399999618530273,3.630000114440918,3.4800000190734863,3.509999990463257,4099,0.0,0.0
2023-10-05 00:00:00+03:00,3.4800000190734863,3.5999999046325684,3.4600000381469727,3.5,2793,0.0,0.0
2023-10-06 00:00:00+03:00,3.5,3.5,3.4000000953674316,3.4000000953674316,7335,0.0,0.0
2023-10-09 00:00:00+03:00,3.4000000953674316,3.450000047683716,3.380000114440918,3.380000114440918,967,0.0,0.0
2023-10-10 00:00:00+03:00,3.5799999237060547,3.5799999237060547,3.4000000953674316,3.450000047683716,1015,0.0,0.0
2023-10-11 00:00:00+03:00,3.5799999237060547,3.5799999237060547,3.5,3.5,1457,0.0,0.0
2023-10-12 00:00:00+03:00,3.5899999141693115,3.5899999141693115,3.4100000858306885,3.440000057220459,9711,0.0,0.0
2023-10-13 00:00:00+03:00,3.4700000286102295,3.490000009536743,3.450000047683716,3.4700000286102295,1069,0.0,0.0
2023-10-16 00:00:00+03:00,3.450000047683716,3.4800000190734863,3.319999933242798,3.4800000190734863,13707,0.0,0.0
2023-10-17 00:00:00+03:00,3.5,3.5,3.4000000953674316,3.490000009536743,383,0.0,0.0
2023-10-18 00:00:00+03:00,3.490000009536743,3.5,3.4000000953674316,3.4000000953674316,905,0.0,0.0
2023-10-19 00:00:00+03:00,3.450000047683716,3.450000047683716,3.25,3.380000114440918,7173,0.0,0.0
2023-10-20 00:00:00+03:00,3.299999952316284,3.3499999046325684,3.109999895095825,3.2899999618530273,9689,0.0,0.0
2023-10-23 00:00:00+03:00,3.2799999713897705,3.2799999713897705,3.0299999713897705,3.109999895095825,4080,0.0,0.0
2023-10-24 00:00:00+03:00,3.0899999141693115,3.109999895095825,3.049999952316284,3.049999952316284,16443,0.0,0.0
2023-10-25 00:00:00+03:00,3.0999999046325684,3.0999999046325684,2.990000009536743,2.990000009536743,6856,0.0,0.0
2023-10-26 00:00:00+03:00,3.0,3.0,2.7899999618530273,2.930000066757202,18560,0.0,0.0
2023-10-27 00:00:00+03:00,3.049999952316284,3.049999952316284,2.8499999046325684,2.8499999046325684,5134,0.0,0.0
2023-10-30 00:00:00+02:00,2.8499999046325684,2.9600000381469727,2.8499999046325684,2.880000114440918,8814,0.0,0.0
2023-10-31 00:00:00+02:00,2.880000114440918,2.880000114440918,2.759999990463257,2.759999990463257,21578,0.0,0.0
2023-11-01 00:00:00+02:00,2.819999933242798,2.819999933242798,2.7899999618530273,2.7899999618530273,43935,0.0,0.0
2023-11-02 00:00:00+02:00,2.7899999618530273,3.0,2.700000047683716,2.880000114440918,37375,0.0,0.0
2023-11-03 00:00:00+02:00,3.200000047683716,3.200000047683716,2.819999933242798,2.950000047683716,58216,0.0,0.0
2023-11-06 00:00:00+02:00,2.950000047683716,2.950000047683716,2.8499999046325684,2.9000000953674316,4417,0.0,0.0
2023-11-07 00:00:00+02:00,3.0,3.0299999713897705,2.9100000858306885,2.9700000286102295,9063,0.0,0.0
2023-11-08 00:00:00+02:00,3.0,3.0,2.950000047683716,2.9600000381469727,9233,0.0,0.0
2023-11-09 00:00:00+02:00,2.990000009536743,3.049999952316284,2.950000047683716,3.009999990463257,257251,0.0,0.0
2023-11-10 00:00:00+02:00,3.069999933242798,3.069999933242798,3.0,3.009999990463257,30042,0.0,0.0
2023-11-13 00:00:00+02:00,3.009999990463257,3.109999895095825,3.009999990463257,3.059999942779541,5409,0.0,0.0
